Boussole/Data/archives/Bous222_01.cnv
* Sea-Bird SBE 9 Data File:
* FileName = C:\boussole\202009\Bous222_01.hdr
* Software Version Seasave V 7.23.2
* Temperature SN = 5545
* Conductivity SN = 4097
* Number of Bytes Per Scan = 37
* Number of Voltage Words = 4
* Number of Scans Averaged by the Deck Unit = 1
* NMEA Latitude = 43 21.89 N
* NMEA Longitude = 007 53.94 E
* NMEA UTC (Time) = Sep 12 2020  10:41:40
* NMEA baud rate = 4800
** Navire
** Station:
** Date
** Heure debut [TU]
** Heure fin [TU]
** Heure locale / TU = +0
** Latitude
** Longitude
** Heure meteo [TU]
** T air sec [deg C]
** T mer [deg C]
** Vent [noeuds, degres]
# nquan = 14
# nvalues = 913                         
# units = specified
# name 0 = prDM: Pressure, Digiquartz [db]
# name 1 = timeS: Time, Elapsed [seconds]
# name 2 = t090C: Temperature [ITS-90, deg C]
# name 3 = c0S/m: Conductivity [S/m]
# name 4 = sbeox0V: Oxygen raw, SBE 43 [V]
# name 5 = flC: Fluorescence, Chelsea Aqua 3 Chl Con [ug/l]
# name 6 = upoly0: Upoly 0, RINKOIII_DO
# name 7 = upoly1: Upoly 1, RINKOIII_Temp
# name 8 = potemp090C: Potential Temperature [ITS-90, deg C]
# name 9 = sal00: Salinity, Practical [PSU]
# name 10 = sigma-é00: Density [sigma-theta, kg/m^3]
# name 11 = sbeox0ML/L: Oxygen, SBE 43 [ml/l], WS = 2
# name 12 = sbox0Mm/Kg: Oxygen, SBE 43 [umol/kg], WS = 2
# name 13 = flag: flag
# span 0 =     -0.303,    104.446       
# span 1 =      0.479,    912.167       
# span 2 =    13.6170,    22.9527       
# span 3 =   0.989152,   5.529470       
# span 4 =     2.4254,     3.7529       
# span 5 =    -0.0170,     4.6850       
# span 6 =  1.2706553,  1.7371795       
# span 7 =  13.615249,  22.908835       
# span 8 =    13.6078,    22.9527       
# span 9 =     5.8346,    38.6744       
# span 10 =     1.9826,    28.9930      
# span 11 =     3.6059,     5.9549      
# span 12 =    156.500,    258.577      
# span 13 = 0.0000e+00, 0.0000e+00      
# interval = seconds: 1                 
# start_time = Sep 12 2020 10:41:40 [NMEA time, header]
# bad_flag = -9.990e-29
*END*
[from data line 826]
      5.527    826.479    22.7274   5.504912     3.1357     0.1150  1.3853276  22.697537    22.7263    38.3885    26.5860     4.2167    183.441 0.0000e+00
      5.641    827.479    22.7284   5.505013     3.1324     0.1090  1.3855312  22.697537    22.7272    38.3883    26.5856     4.2136    183.305 0.0000e+00
      5.702    828.479    22.7237   5.504629     3.1334     0.1036  1.3856838  22.698228    22.7225    38.3894    26.5878     4.2234    183.733 0.0000e+00
      5.596    829.479    22.7329   5.505313     3.1357     0.0989  1.3855820  22.698228    22.7318    38.3867    26.5830     4.2219    183.668 0.0000e+00
      5.503    830.479    22.7378   5.506060     3.1349     0.0931  1.3852768  22.708579    22.7367    38.3883    26.5829     4.2196    183.567 0.0000e+00
      5.571    831.479    22.7354   5.505969     3.1332     0.1005  1.3852259  22.707199    22.7342    38.3898    26.5847     4.2099    183.145 0.0000e+00
      5.724    832.479    22.7274   5.505101     3.1279     0.1026  1.3851242  22.707889    22.7262    38.3899    26.5871     4.2077    183.047 0.0000e+00
      5.660    833.479    22.7286   5.505046     3.1317     0.1063  1.3853276  22.709270    22.7274    38.3884    26.5856     4.2213    183.640 0.0000e+00
      5.487    834.479    22.7321   5.505390     3.1333     0.1151  1.3853277  22.713411    22.7310    38.3881    26.5843     4.2216    183.654 0.0000e+00
      5.610    835.479    22.7307   5.505413     3.1372     0.1196  1.3850733  22.712720    22.7295    38.3895    26.5858     4.2282    183.940 0.0000e+00
      5.679    836.479    22.7301   5.505253     3.1372     0.1138  1.3854803  22.701678    22.7289    38.3887    26.5854     4.2261    183.850 0.0000e+00
      5.601    837.479    22.7347   5.505699     3.1375     0.1136  1.3854294  22.707889    22.7336    38.3882    26.5836     4.2189    183.535 0.0000e+00
      5.603    838.479    22.7349   5.505829     3.1323     0.1252  1.3855312  22.711340    22.7338    38.3890    26.5842     4.2137    183.309 0.0000e+00
      5.650    839.479    22.7344   5.505780     3.1324     0.1156  1.3856838  22.702368    22.7332    38.3891    26.5844     4.2072    183.029 0.0000e+00
      5.633    840.479    22.7325   5.505633     3.1242     0.1118  1.3854294  22.696157    22.7313    38.3896    26.5854     4.2043    182.902 0.0000e+00
      5.620    841.479    22.7315   5.505454     3.1344     0.0928  1.3854294  22.710650    22.7303    38.3890    26.5852     4.2320    184.109 0.0000e+00
      5.536    842.479    22.7329   5.505591     3.1356     0.1081  1.3852768  22.711340    22.7318    38.3889    26.5847     4.2152    183.374 0.0000e+00
      5.651    843.479    22.7312   5.505519     3.1292     0.1219  1.3851750  22.721002    22.7300    38.3899    26.5859     4.2055    182.956 0.0000e+00
      5.830    844.479    22.7261   5.504908     3.1305     0.1250  1.3852259  22.712720    22.7249    38.3895    26.5871     4.2195    183.560 0.0000e+00
      5.477    845.479    22.7312   5.505303     3.1340     0.1130  1.3854294  22.723073    22.7301    38.3882    26.5847     4.2229    183.711 0.0000e+00
      5.285    846.479    22.7370   5.506042     3.1348     0.1186  1.3852259  22.723763    22.7359    38.3890    26.5836     4.2195    183.563 0.0000e+00
      5.826    847.479    22.7265   5.505148     3.1368     0.1290  1.3849207  22.721693    22.7253    38.3910    26.5882     4.2338    184.183 0.0000e+00
      5.853    848.479    22.7254   5.504754     3.1412     0.1229  1.3852768  22.714791    22.7242    38.3889    26.5869     4.2279    183.926 0.0000e+00
      5.407    849.479    22.7326   5.505529     3.1344     0.1075  1.3852259  22.721693    22.7315    38.3888    26.5847     4.2159    183.407 0.0000e+00
      5.372    850.479    22.7349   5.505869     3.1383     0.1070  1.3850733  22.723763    22.7338    38.3894    26.5845     4.2337    184.181 0.0000e+00
      5.667    851.479    22.7288   5.505234     3.1405     0.1134  1.3853277  22.719622    22.7277    38.3897    26.5865     4.2323    184.118 0.0000e+00
      5.759    852.479    22.7257   5.504892     3.1419     0.1160  1.3852768  22.714791    22.7245    38.3897    26.5875     4.2319    184.102 0.0000e+00
      5.605    853.479    22.7284   5.505038     3.1377     0.1130  1.3850224  22.716171    22.7273    38.3885    26.5857     4.2170    183.453 0.0000e+00
      5.569    854.479    22.7327   5.505686     3.1328     0.1090  1.3851242  22.718932    22.7316    38.3899    26.5855     4.2099    183.143 0.0000e+00
      5.545    855.479    22.7286   5.505193     3.1294     0.1156  1.3847680  22.712030    22.7275    38.3896    26.5865     4.2079    183.058 0.0000e+00
      5.507    856.479    22.7305   5.505362     3.1291     0.1312  1.3853277  22.712720    22.7294    38.3892    26.5857     4.2178    183.490 0.0000e+00
      5.687    857.479    22.7256   5.504956     3.1362     0.1255  1.3851750  22.714791    22.7244    38.3903    26.5880     4.2268    183.879 0.0000e+00
      5.777    858.479    22.7247   5.504745     3.1344     0.1192  1.3850224  22.720312    22.7235    38.3895    26.5875     4.2203    183.598 0.0000e+00
      5.536    859.479    22.7268   5.504881     3.1357     0.1212  1.3851750  22.723763    22.7257    38.3887    26.5864     4.2227    183.703 0.0000e+00
      5.474    860.479    22.7328   5.505624     3.1345     0.1160  1.3851750  22.727214    22.7317    38.3893    26.5851     4.2190    183.542 0.0000e+00
      5.686    861.479    22.7275   5.505093     3.1355     0.1192  1.3853785  22.727214    22.7263    38.3897    26.5869     4.2228    183.703 0.0000e+00
      5.613    862.479    22.7277   5.505065     3.1351     0.1191  1.3851241  22.725834    22.7266    38.3893    26.5866     4.2151    183.372 0.0000e+00
      5.560    863.479    22.7309   5.505410     3.1274     0.1169  1.3850733  22.725834    22.7297    38.3893    26.5856     4.1995    182.694 0.0000e+00
      5.759    864.479    22.7263   5.505015     3.1274     0.1159  1.3848698  22.726524    22.7251    38.3902    26.5876     4.2121    183.241 0.0000e+00
      5.599    865.479    22.7283   5.505064     3.1301     0.1143  1.3851242  22.727214    22.7272    38.3888    26.5860     4.2143    183.336 0.0000e+00
      5.382    866.479    22.7344   5.505694     3.1300     0.1171  1.3847680  22.727904    22.7333    38.3885    26.5839     4.2188    183.532 0.0000e+00
      5.584    867.479    22.7311   5.505634     3.1383     0.1268  1.3846663  22.727904    22.7300    38.3908    26.5867     4.2306    184.047 0.0000e+00
      5.810    868.479    22.7256   5.504910     3.1332     0.1282  1.3851750  22.727904    22.7244    38.3899    26.5876     4.2105    183.171 0.0000e+00
      5.667    869.479    22.7263   5.504919     3.1312     0.1239  1.3848189  22.723763    22.7251    38.3894    26.5870     4.2117    183.222 0.0000e+00
      5.406    870.479    22.7333   5.505607     3.1287     0.1178  1.3849715  22.730665    22.7322    38.3888    26.5845     4.2053    182.946 0.0000e+00
      5.491    871.479    22.7339   5.505783     3.1273     0.1196  1.3845645  22.732735    22.7328    38.3896    26.5849     4.2165    183.432 0.0000e+00
      5.759    872.479    22.7262   5.505062     3.1392     0.1171  1.3851750  22.727214    22.7250    38.3906    26.5879     4.2450    184.670 0.0000e+00
      5.680    873.479    22.7283   5.505111     3.1442     0.1173  1.3850224  22.725834    22.7271    38.3892    26.5863     4.2358    184.271 0.0000e+00
      5.493    874.479    22.7324   5.505569     3.1382     0.1278  1.3850733  22.727904    22.7313    38.3892    26.5851     4.2146    183.349 0.0000e+00
      5.523    875.479    22.7334   5.505740     3.1338     0.1215  1.3847680  22.727214    22.7323    38.3897    26.5852     4.2225    183.691 0.0000e+00
      5.654    876.479    22.7272   5.505067     3.1401     0.1252  1.3848189  22.725143    22.7260    38.3898    26.5871     4.2363    184.293 0.0000e+00
      5.667    877.479    22.7267   5.505007     3.1426     0.1266  1.3849207  22.721693    22.7255    38.3898    26.5872     4.2388    184.402 0.0000e+00
      5.626    878.479    22.7270   5.505057     3.1436     0.1233  1.3850224  22.724453    22.7258    38.3899    26.5872     4.2324    184.124 0.0000e+00
      5.594    879.479    22.7277   5.505102     3.1398     0.1202  1.3849206  22.721002    22.7266    38.3896    26.5868     4.2295    183.999 0.0000e+00
      5.548    880.479    22.7310   5.505427     3.1441     0.1157  1.3850733  22.722383    22.7299    38.3893    26.5856     4.2425    184.565 0.0000e+00
      5.339    881.479    22.7347   5.505731     3.1461     0.1069  1.3848189  22.727904    22.7336    38.3886    26.5839     4.2431    184.589 0.0000e+00
      5.241    882.479    22.7371   5.506101     3.1483     0.0977  1.3845645  22.729975    22.7360    38.3894    26.5839     4.2407    184.487 0.0000e+00
      5.254    883.479    22.7378   5.506184     3.1434     0.1021  1.3849715  22.732045    22.7367    38.3894    26.5837     4.2296    184.001 0.0000e+00
      4.941    884.479    22.7434   5.506635     3.1427     0.1086  1.3847172  22.735496    22.7423    38.3882    26.5811     4.2245    183.781 0.0000e+00
      4.365    885.479    22.7644   5.508821     3.1329     0.1313  1.3848189  22.750682    22.7635    38.3871    26.5741     4.2052    182.942 0.0000e+00
      4.128    886.479    22.7684   5.509533     3.1344     0.1256  1.3846154  22.747230    22.7676    38.3892    26.5745     4.2207    183.616 0.0000e+00
      4.413    887.479    22.7533   5.508256     3.1345     0.1244  1.3843610  22.741708    22.7524    38.3924    26.5814     4.2128    183.272 0.0000e+00
      4.129    888.479    22.7640   5.508686     3.1311     0.1295  1.3848189  22.743779    22.7632    38.3864    26.5737     4.2062    182.988 0.0000e+00
      3.315    889.479    22.8062   5.513241     3.1282     0.1206  1.3842593  22.763107    22.8055    38.3855    26.5606     4.1996    182.703 0.0000e+00
      3.108    890.479    22.8167   5.514823     3.1283     0.0965  1.3839540  22.788652    22.8161    38.3887    26.5600     4.2065    183.002 0.0000e+00
      3.510    891.479    22.7816   5.511621     3.1329     0.0724  1.3846663  22.756895    22.7809    38.3943    26.5745     4.2183    183.513 0.0000e+00
      3.114    892.479    22.7972   5.512326     3.1369     0.1133  1.3845137  22.758966    22.7966    38.3862    26.5638     4.2296    184.005 0.0000e+00
      2.372    893.479    22.8390   5.516970     3.1455     0.1312  1.3838014  22.804534    22.8385    38.3863    26.5516     4.2351    184.248 0.0000e+00
      2.359    894.479    22.8401   5.517635     3.1422     0.1167  1.3839540  22.810748    22.8396    38.3905    26.5545     4.2130    183.285 0.0000e+00
      2.461    895.479    22.8282   5.516036     3.1375     0.2043  1.3843102  22.794867    22.8277    38.3885    26.5564     4.2144    183.347 0.0000e+00
      2.084    896.479    22.8543   5.518643     3.1371     0.1923  1.3840558  22.798319    22.8539    38.3860    26.5470     4.2112    183.208 0.0000e+00
      1.716    897.479    22.8710   5.520807     3.1369     0.1990  1.3832927  22.826631    22.8706    38.3886    26.5440     4.2201    183.595 0.0000e+00
      1.677    898.479    22.8751   5.521278     3.1463     0.2312  1.3835470  22.827322    22.8748    38.3886    26.5429     4.2396    184.446 0.0000e+00
      1.447    899.479    22.8857   5.522252     3.1504     0.2207  1.3833944  22.838372    22.8854    38.3870    26.5385     4.2346    184.229 0.0000e+00
      1.151    900.479    22.8979   5.523640     3.1472     0.2494  1.3834962  22.849423    22.8977    38.3873    26.5351     4.2124    183.262 0.0000e+00
      1.085    901.479    22.8975   5.523672     3.1355     0.2578  1.3831909  22.869455    22.8973    38.3880    26.5358     4.1992    182.691 0.0000e+00
      0.812    902.479    22.9037   5.524311     3.1381     0.4226  1.3828857  22.876363    22.9035    38.3877    26.5337     4.2096    183.139 0.0000e+00
      0.550    903.479    22.9164   5.525581     3.1320     0.1701  1.3829365  22.879126    22.9163    38.3865    26.5291     4.1967    182.579 0.0000e+00
      0.521    904.479    22.9186   5.526155     3.1377     0.2918  1.3828857  22.894325    22.9185    38.3891    26.5304     4.2212    183.648 0.0000e+00
      0.372    905.479    22.9321   5.527321     3.1457     0.1880  1.3826821  22.908835    22.9320    38.3865    26.5245     4.2341    184.209 0.0000e+00
      0.052    906.479    22.9527   5.529470     3.1531     0.0230  1.3824278  22.898471    22.9527    38.3854    26.5176     4.2454    184.700 0.0000e+00
     -0.027    907.479    22.9467   5.529338     3.1616     0.0262  1.3833435  22.890180    22.9467    38.3897    26.5226     4.2550    185.119 0.0000e+00
     -0.020    908.479    22.9327   5.528153     3.1574     0.5108  1.3831400  22.884653    22.9327    38.3926    26.5289     4.1959    182.544 0.0000e+00
     -0.264    909.479    22.8961   4.298463     3.1206     2.8105  1.3863960  22.821111    22.8962    29.4355    19.7749     4.0919    178.021 0.0000e+00
     -0.281    910.479    22.8437   0.989152 -9.990e-29     4.6850  1.4005902  22.753443    22.8437     5.8346     1.9826 -9.990e-29 -9.990e-29 0.0000e+00
     -0.273    911.479    22.8936   4.894534 -9.990e-29     2.1543  1.4114265  22.734116    22.8937    33.8298    23.0930 -9.990e-29 -9.990e-29 0.0000e+00
     -0.303    912.167    22.8970   5.485325 -9.990e-29     1.3581  1.4148691  22.731585    22.8971    38.0884    26.3082 -9.990e-29 -9.990e-29 0.0000e+00
