Boussole/Data/archives/Bous222_03.cnv
* Sea-Bird SBE 9 Data File:
* FileName = C:\boussole\202009\Bous222_03.hdr
* Software Version Seasave V 7.23.2
* Temperature SN = 5545
* Conductivity SN = 4097
* Number of Bytes Per Scan = 37
* Number of Voltage Words = 4
* Number of Scans Averaged by the Deck Unit = 1
* NMEA Latitude = 43 21.96 N
* NMEA Longitude = 007 53.62 E
* NMEA UTC (Time) = Sep 12 2020  13:16:43
* NMEA baud rate = 4800
** Navire
** Station:
** Date
** Heure debut [TU]
** Heure fin [TU]
** Heure locale / TU = +0
** Latitude
** Longitude
** Heure meteo [TU]
** T air sec [deg C]
** T mer [deg C]
** Vent [noeuds, degres]
# nquan = 14
# nvalues = 2442                        
# units = specified
# name 0 = prDM: Pressure, Digiquartz [db]
# name 1 = timeS: Time, Elapsed [seconds]
# name 2 = t090C: Temperature [ITS-90, deg C]
# name 3 = c0S/m: Conductivity [S/m]
# name 4 = sbeox0V: Oxygen raw, SBE 43 [V]
# name 5 = flC: Fluorescence, Chelsea Aqua 3 Chl Con [ug/l]
# name 6 = upoly0: Upoly 0, RINKOIII_DO
# name 7 = upoly1: Upoly 1, RINKOIII_Temp
# name 8 = potemp090C: Potential Temperature [ITS-90, deg C]
# name 9 = sal00: Salinity, Practical [PSU]
# name 10 = sigma-é00: Density [sigma-theta, kg/m^3]
# name 11 = sbeox0ML/L: Oxygen, SBE 43 [ml/l], WS = 2
# name 12 = sbox0Mm/Kg: Oxygen, SBE 43 [umol/kg], WS = 2
# name 13 = flag: flag
# span 0 =     -0.285,    405.629       
# span 1 =      0.479,   2441.083       
# span 2 =    13.5603,    24.0535       
# span 3 =   4.524223,   5.655346       
# span 4 =     2.2369,     3.8313       
# span 5 =    -0.0930,     3.9296       
# span 6 =  1.2710623,  1.8221917       
# span 7 =  13.548904,  23.420987       
# span 8 =    13.5007,    24.0534       
# span 9 =    38.2036,    38.6618       
# span 10 =    26.2042,    29.0912      
# span 11 =     3.3398,     6.1584      
# span 12 =    144.942,    267.446      
# span 13 = 0.0000e+00, 0.0000e+00      
# interval = seconds: 1                 
# start_time = Sep 12 2020 13:16:43 [NMEA time, header]
# bad_flag = -9.990e-29
*END*
[from data line 1239]
    199.894   1239.479    13.8119   4.571329     2.2995     0.0619  1.8056573  13.796410    13.7823    38.6493    29.0577     3.3870    146.992 0.0000e+00
    199.756   1240.479    13.8115   4.571256     2.3006     0.0681  1.8057082  13.797094    13.7819    38.6491    29.0576     3.3893    147.092 0.0000e+00
    199.376   1241.479    13.8112   4.571206     2.3010     0.0751  1.8056064  13.797777    13.7817    38.6490    29.0577     3.3875    147.014 0.0000e+00
    199.091   1242.479    13.8120   4.571294     2.3007     0.0813  1.8058099  13.797777    13.7825    38.6492    29.0576     3.3855    146.927 0.0000e+00
    198.580   1243.479    13.8133   4.571411     2.3001     0.0745  1.8057590  13.796410    13.7839    38.6492    29.0573     3.3818    146.768 0.0000e+00
    197.792   1244.479    13.8147   4.571521     2.2990     0.0709  1.8055047  13.799827    13.7854    38.6493    29.0571     3.3802    146.697 0.0000e+00
    197.341   1245.479    13.8145   4.571459     2.2988     0.0687  1.8054029  13.799827    13.7853    38.6491    29.0569     3.3819    146.770 0.0000e+00
    196.708   1246.479    13.8152   4.571490     2.2990     0.0702  1.8054029  13.800511    13.7861    38.6489    29.0566     3.3828    146.812 0.0000e+00
    195.606   1247.479    13.8116   4.570800     2.2992     0.0683  1.8058099  13.799827    13.7827    38.6465    29.0555     3.3823    146.787 0.0000e+00
    194.439   1248.479    13.8063   4.569996     2.2994     0.0676  1.8056064  13.795727    13.7775    38.6447    29.0552     3.3851    146.910 0.0000e+00
    193.509   1249.479    13.8016   4.569269     2.3008     0.0610  1.8058099  13.786843    13.7730    38.6430    29.0548     3.3893    147.094 0.0000e+00
    193.163   1250.479    13.8000   4.569009     2.3018     0.0568  1.8054538  13.791627    13.7714    38.6423    29.0547     3.3891    147.085 0.0000e+00
    192.141   1251.479    13.7987   4.568683     2.3015     0.0625  1.8055047  13.788893    13.7703    38.6410    29.0538     3.3842    146.869 0.0000e+00
    190.371   1252.479    13.7980   4.568427     2.3005     0.0660  1.8056064  13.784793    13.7698    38.6401    29.0533     3.3821    146.778 0.0000e+00
    189.261   1253.479    13.7976   4.568345     2.3006     0.0673  1.8050468  13.780693    13.7696    38.6402    29.0534     3.3837    146.849 0.0000e+00
    189.185   1254.479    13.7988   4.568583     2.3008     0.0597  1.8046398  13.786843    13.7708    38.6412    29.0539     3.3864    146.965 0.0000e+00
    188.141   1255.479    13.7920   4.567283     2.3021     0.0577  1.8051485  13.783426    13.7642    38.6363    29.0516     3.3929    147.250 0.0000e+00
    186.395   1256.479    13.7824   4.565822     2.3045     0.0601  1.8047415  13.773175    13.7549    38.6328    29.0509     3.3974    147.443 0.0000e+00
    185.427   1257.479    13.7806   4.565596     2.3057     0.0645  1.8037241  13.763606    13.7532    38.6329    29.0513     3.3992    147.523 0.0000e+00
    185.097   1258.479    13.7821   4.565760     2.3078     0.0738  1.8027574  13.777276    13.7547    38.6331    29.0511     3.4055    147.796 0.0000e+00
    183.815   1259.479    13.7770   4.564855     2.3103     0.0783  1.8027066  13.769758    13.7499    38.6302    29.0499     3.4096    147.972 0.0000e+00
    182.416   1260.479    13.7757   4.564628     2.3118     0.0750  1.8024013  13.763606    13.7488    38.6300    29.0500     3.4097    147.978 0.0000e+00
    181.593   1261.479    13.7761   4.564644     2.3131     0.0766  1.8008242  13.762923    13.7493    38.6301    29.0500     3.4131    148.126 0.0000e+00
    180.841   1262.479    13.7744   4.564233     2.3148     0.0713  1.7997049  13.763606    13.7477    38.6284    29.0490     3.4163    148.266 0.0000e+00
    179.739   1263.479    13.7759   4.564286     2.3162     0.0644  1.7989418  13.763606    13.7493    38.6278    29.0482     3.4195    148.404 0.0000e+00
    178.432   1264.479    13.7787   4.564532     2.3184     0.0742  1.7986365  13.762923    13.7524    38.6279    29.0476     3.4230    148.557 0.0000e+00
    177.424   1265.479    13.7811   4.564705     2.3196     0.0734  1.7976699  13.764973    13.7549    38.6276    29.0468     3.4242    148.609 0.0000e+00
    176.707   1266.479    13.7822   4.564731     2.3215     0.0651  1.7973138  13.763606    13.7561    38.6270    29.0461     3.4286    148.797 0.0000e+00
    175.668   1267.479    13.7832   4.564720     2.3230     0.0765  1.7970594  13.764973    13.7573    38.6264    29.0453     3.4296    148.842 0.0000e+00
    174.319   1268.479    13.7832   4.564607     2.3239     0.0819  1.7969577  13.765657    13.7575    38.6259    29.0449     3.4303    148.871 0.0000e+00
    173.386   1269.479    13.7850   4.564682     2.3252     0.0741  1.7961437  13.769758    13.7594    38.6253    29.0440     3.4343    149.049 0.0000e+00
    172.655   1270.479    13.7844   4.564484     2.3271     0.0719  1.7957367  13.768391    13.7589    38.6243    29.0434     3.4383    149.220 0.0000e+00
    171.496   1271.479    13.7823   4.563915     2.3284     0.0707  1.7953806  13.766340    13.7570    38.6215    29.0416     3.4388    149.242 0.0000e+00
    170.266   1272.479    13.7812   4.563704     2.3296     0.0767  1.7950244  13.763606    13.7561    38.6212    29.0416     3.4408    149.329 0.0000e+00
    169.507   1273.479    13.7815   4.563702     2.3300     0.0644  1.7946683  13.764973    13.7564    38.6212    29.0416     3.4384    149.227 0.0000e+00
    168.678   1274.479    13.7818   4.563619     2.3303     0.0661  1.7939561  13.764290    13.7570    38.6205    29.0408     3.4397    149.282 0.0000e+00
    167.607   1275.479    13.7827   4.563641     2.3311     0.0788  1.7934982  13.767024    13.7579    38.6203    29.0405     3.4421    149.386 0.0000e+00
    166.308   1276.479    13.7828   4.563569     2.3317     0.0756  1.7932438  13.764973    13.7582    38.6201    29.0403     3.4392    149.261 0.0000e+00
    165.266   1277.479    13.7826   4.563441     2.3312     0.0657  1.7925824  13.765657    13.7582    38.6195    29.0399     3.4414    149.357 0.0000e+00
    164.730   1278.479    13.7825   4.563327     2.3334     0.0583  1.7922263  13.766340    13.7582    38.6188    29.0393     3.4492    149.692 0.0000e+00
    163.703   1279.479    13.7824   4.563111     2.3349     0.0626  1.7916667  13.764973    13.7583    38.6173    29.0381     3.4492    149.695 0.0000e+00
    162.172   1280.479    13.7815   4.562866     2.3359     0.0608  1.7915141  13.764290    13.7576    38.6166    29.0377     3.4505    149.752 0.0000e+00
    161.261   1281.479    13.7810   4.562769     2.3374     0.0709  1.7910562  13.764290    13.7572    38.6166    29.0378     3.4561    149.996 0.0000e+00
    160.857   1282.479    13.7809   4.562702     2.3396     0.0741  1.7901404  13.762923    13.7572    38.6162    29.0375     3.4613    150.220 0.0000e+00
    159.632   1283.479    13.7796   4.562237     2.3418     0.0704  1.7900895  13.763606    13.7561    38.6137    29.0358     3.4632    150.304 0.0000e+00
    158.511   1284.479    13.7783   4.561955     2.3426     0.0662  1.7897843  13.764290    13.7549    38.6128    29.0353     3.4615    150.228 0.0000e+00
    158.269   1285.479    13.7783   4.561961     2.3432     0.0500  1.7892755  13.762923    13.7550    38.6130    29.0355     3.4635    150.314 0.0000e+00
    158.114   1286.479    13.7786   4.561999     2.3439     0.0494  1.7886142  13.764973    13.7553    38.6131    29.0355     3.4630    150.292 0.0000e+00
    157.325   1287.479    13.7777   4.561707     2.3439     0.0617  1.7890212  13.764290    13.7544    38.6116    29.0345     3.4631    150.300 0.0000e+00
    156.598   1288.479    13.7773   4.561641     2.3447     0.0579  1.7881054  13.763606    13.7542    38.6117    29.0347     3.4671    150.474 0.0000e+00
    156.496   1289.479    13.7771   4.561583     2.3461     0.0637  1.7880545  13.762923    13.7540    38.6114    29.0345     3.4703    150.610 0.0000e+00
    155.902   1290.479    13.7767   4.561461     2.3470     0.0637  1.7875458  13.762923    13.7537    38.6109    29.0341     3.4703    150.610 0.0000e+00
    155.072   1291.479    13.7760   4.561289     2.3478     0.0650  1.7873932  13.762923    13.7532    38.6103    29.0338     3.4699    150.596 0.0000e+00
    154.718   1292.479    13.7757   4.561192     2.3474     0.0642  1.7871388  13.763606    13.7529    38.6099    29.0335     3.4686    150.537 0.0000e+00
    154.344   1293.479    13.7755   4.561121     2.3483     0.0599  1.7868335  13.763606    13.7528    38.6096    29.0333     3.4738    150.762 0.0000e+00
    153.730   1294.479    13.7754   4.561064     2.3493     0.0697  1.7866809  13.762923    13.7527    38.6094    29.0332     3.4725    150.704 0.0000e+00
    153.211   1295.479    13.7753   4.561009     2.3489     0.0654  1.7863248  13.762923    13.7527    38.6093    29.0331     3.4725    150.708 0.0000e+00
    152.732   1296.479    13.7749   4.560936     2.3504     0.0671  1.7862231  13.763606    13.7524    38.6091    29.0330     3.4777    150.933 0.0000e+00
    152.186   1297.479    13.7748   4.560883     2.3513     0.0710  1.7858161  13.762923    13.7524    38.6090    29.0330     3.4773    150.917 0.0000e+00
    151.725   1298.479    13.7746   4.560815     2.3515     0.0772  1.7858161  13.763606    13.7522    38.6088    29.0328     3.4756    150.842 0.0000e+00
    151.364   1299.479    13.7743   4.560731     2.3515     0.0826  1.7858669  13.762923    13.7520    38.6084    29.0326     3.4758    150.848 0.0000e+00
    151.024   1300.479    13.7742   4.560677     2.3516     0.0830  1.7854599  13.761556    13.7519    38.6082    29.0325     3.4747    150.802 0.0000e+00
    150.465   1301.479    13.7740   4.560623     2.3510     0.0860  1.7854091  13.762923    13.7518    38.6081    29.0324     3.4736    150.753 0.0000e+00
    149.938   1302.479    13.7740   4.560592     2.3515     0.0835  1.7851038  13.762923    13.7518    38.6081    29.0324     3.4769    150.899 0.0000e+00
    149.879   1303.479    13.7737   4.560546     2.3520     0.0772  1.7851547  13.762240    13.7516    38.6079    29.0323     3.4774    150.918 0.0000e+00
    149.987   1304.479    13.7738   4.560561     2.3523     0.0707  1.7849512  13.762923    13.7517    38.6079    29.0323     3.4777    150.932 0.0000e+00
    149.633   1305.479    13.7736   4.560501     2.3529     0.0709  1.7845951  13.761556    13.7515    38.6078    29.0322     3.4795    151.012 0.0000e+00
    149.552   1306.479    13.7736   4.560486     2.3533     0.0752  1.7844933  13.761556    13.7516    38.6076    29.0320     3.4792    150.998 0.0000e+00
    150.049   1307.479    13.7737   4.560553     2.3534     0.0638  1.7847477  13.762240    13.7515    38.6080    29.0323     3.4803    151.045 0.0000e+00
    150.124   1308.479    13.7738   4.560552     2.3539     0.0557  1.7847477  13.762923    13.7517    38.6078    29.0322     3.4797    151.021 0.0000e+00
    149.653   1309.479    13.7737   4.560524     2.3534     0.0645  1.7841881  13.760873    13.7516    38.6079    29.0323     3.4758    150.850 0.0000e+00
    149.607   1310.479    13.7737   4.560517     2.3520     0.0740  1.7844424  13.762239    13.7517    38.6078    29.0322     3.4720    150.687 0.0000e+00
    150.049   1311.479    13.7737   4.560549     2.3512     0.0648  1.7842389  13.761556    13.7516    38.6079    29.0322     3.4747    150.801 0.0000e+00
    150.156   1312.479    13.7738   4.560555     2.3523     0.0606  1.7843407  13.762240    13.7517    38.6078    29.0322     3.4797    151.018 0.0000e+00
    149.777   1313.479    13.7738   4.560536     2.3529     0.0620  1.7845442  13.760873    13.7517    38.6078    29.0322     3.4784    150.963 0.0000e+00
    149.659   1314.479    13.7737   4.560532     2.3529     0.0739  1.7843407  13.762240    13.7516    38.6079    29.0322     3.4772    150.912 0.0000e+00
    150.027   1315.479    13.7738   4.560565     2.3527     0.0647  1.7844933  13.763606    13.7517    38.6080    29.0323     3.4769    150.897 0.0000e+00
    150.244   1316.479    13.7739   4.560574     2.3522     0.0722  1.7844933  13.762240    13.7517    38.6079    29.0322     3.4734    150.744 0.0000e+00
    150.011   1317.479    13.7737   4.560547     2.3511     0.0838  1.7842898  13.762923    13.7516    38.6079    29.0323     3.4721    150.688 0.0000e+00
    149.728   1318.479    13.7737   4.560531     2.3508     0.0832  1.7841881  13.762923    13.7516    38.6079    29.0322     3.4745    150.793 0.0000e+00
    149.851   1319.479    13.7737   4.560530     2.3518     0.0886  1.7843407  13.761556    13.7516    38.6078    29.0322     3.4789    150.982 0.0000e+00
    150.325   1320.479    13.7738   4.560568     2.3527     0.0684  1.7841372  13.762923    13.7517    38.6078    29.0322     3.4785    150.966 0.0000e+00
    150.298   1321.479    13.7738   4.560576     2.3525     0.0656  1.7839337  13.763606    13.7516    38.6080    29.0323     3.4767    150.891 0.0000e+00
    149.679   1322.479    13.7737   4.560524     2.3526     0.0725  1.7841881  13.762923    13.7517    38.6078    29.0322     3.4772    150.912 0.0000e+00
    149.668   1323.479    13.7738   4.560527     2.3526     0.0786  1.7840863  13.761556    13.7517    38.6078    29.0322     3.4771    150.906 0.0000e+00
    150.452   1324.479    13.7739   4.560608     2.3526     0.0686  1.7841372  13.762240    13.7517    38.6081    29.0324     3.4785    150.967 0.0000e+00
    150.359   1325.479    13.7740   4.560594     2.3532     0.0659  1.7843916  13.760873    13.7518    38.6079    29.0322     3.4785    150.965 0.0000e+00
    149.807   1326.479    13.7738   4.560554     2.3527     0.0742  1.7840354  13.761556    13.7517    38.6079    29.0322     3.4776    150.926 0.0000e+00
    149.937   1327.479    13.7738   4.560559     2.3532     0.0693  1.7842389  13.759505    13.7517    38.6080    29.0323     3.4784    150.962 0.0000e+00
    150.305   1328.479    13.7739   4.560587     2.3529     0.0696  1.7843407  13.763606    13.7517    38.6080    29.0323     3.4783    150.958 0.0000e+00
    150.240   1329.479    13.7739   4.560582     2.3533     0.0699  1.7842898  13.762923    13.7517    38.6080    29.0323     3.4809    151.072 0.0000e+00
    150.118   1330.479    13.7738   4.560568     2.3542     0.0540  1.7840863  13.762240    13.7517    38.6079    29.0323     3.4832    151.169 0.0000e+00
    150.117   1331.479    13.7739   4.560566     2.3550     0.0573  1.7840863  13.762923    13.7518    38.6079    29.0322     3.4845    151.228 0.0000e+00
    150.157   1332.479    13.7739   4.560575     2.3553     0.0588  1.7841881  13.762923    13.7518    38.6079    29.0323     3.4812    151.085 0.0000e+00
    150.322   1333.479    13.7739   4.560599     2.3542     0.0644  1.7842389  13.762923    13.7517    38.6081    29.0324     3.4793    151.003 0.0000e+00
    150.291   1334.479    13.7739   4.560582     2.3545     0.0797  1.7844424  13.763606    13.7518    38.6079    29.0322     3.4815    151.096 0.0000e+00
    150.140   1335.479    13.7738   4.560581     2.3541     0.0779  1.7840863  13.762240    13.7517    38.6080    29.0323     3.4789    150.983 0.0000e+00
    150.186   1336.479    13.7740   4.560590     2.3539     0.0789  1.7842898  13.762923    13.7519    38.6080    29.0323     3.4810    151.076 0.0000e+00
    150.252   1337.479    13.7740   4.560599     2.3546     0.0740  1.7846459  13.762239    13.7518    38.6080    29.0323     3.4822    151.128 0.0000e+00
    150.234   1338.479    13.7740   4.560603     2.3541     0.0719  1.7841372  13.762240    13.7519    38.6080    29.0323     3.4767    150.888 0.0000e+00
    150.376   1339.479    13.7741   4.560623     2.3526     0.0749  1.7842898  13.762923    13.7519    38.6081    29.0323     3.4753    150.828 0.0000e+00
    150.374   1340.479    13.7740   4.560625     2.3526     0.0713  1.7842898  13.762923    13.7518    38.6082    29.0324     3.4769    150.898 0.0000e+00
