Boussole/Data/archives/Bous222_02.cnv
* Sea-Bird SBE 9 Data File:
* FileName = C:\boussole\202009\Bous222_02.hdr
* Software Version Seasave V 7.23.2
* Temperature SN = 5545
* Conductivity SN = 4097
* Number of Bytes Per Scan = 37
* Number of Voltage Words = 4
* Number of Scans Averaged by the Deck Unit = 1
* NMEA Latitude = 43 21.97 N
* NMEA Longitude = 007 53.80 E
* NMEA UTC (Time) = Sep 12 2020  12:12:21
* NMEA baud rate = 4800
** Navire
** Station:
** Date
** Heure debut [TU]
** Heure fin [TU]
** Heure locale / TU = +0
** Latitude
** Longitude
** Heure meteo [TU]
** T air sec [deg C]
** T mer [deg C]
** Vent [noeuds, degres]
# nquan = 14
# nvalues = 1024                        
# units = specified
# name 0 = prDM: Pressure, Digiquartz [db]
# name 1 = timeS: Time, Elapsed [seconds]
# name 2 = t090C: Temperature [ITS-90, deg C]
# name 3 = c0S/m: Conductivity [S/m]
# name 4 = sbeox0V: Oxygen raw, SBE 43 [V]
# name 5 = flC: Fluorescence, Chelsea Aqua 3 Chl Con [ug/l]
# name 6 = upoly0: Upoly 0, RINKOIII_DO
# name 7 = upoly1: Upoly 1, RINKOIII_Temp
# name 8 = potemp090C: Potential Temperature [ITS-90, deg C]
# name 9 = sal00: Salinity, Practical [PSU]
# name 10 = sigma-é00: Density [sigma-theta, kg/m^3]
# name 11 = sbeox0ML/L: Oxygen, SBE 43 [ml/l], WS = 2
# name 12 = sbox0Mm/Kg: Oxygen, SBE 43 [umol/kg], WS = 2
# name 13 = flag: flag
# span 0 =     -0.222,    101.456       
# span 1 =      0.479,   1023.042       
# span 2 =    13.6261,    23.1691       
# span 3 =   4.524745,   5.554808       
# span 4 =     2.4809,     3.8450       
# span 5 =    -0.0114,     0.9690       
# span 6 =  1.2595645,  1.7306674       
# span 7 =  13.616617,  23.060228       
# span 8 =    13.6164,    23.1690       
# span 9 =    38.2482,    38.5362       
# span 10 =    26.4585,    28.9897      
# span 11 =     3.7272,     6.1354      
# span 12 =    161.769,    266.461      
# span 13 = 0.0000e+00, 0.0000e+00      
# interval = seconds: 1                 
# start_time = Sep 12 2020 12:12:21 [NMEA time, header]
# bad_flag = -9.990e-29
*END*
[from data line 826]
     30.943    826.479    14.9933   4.661577     3.4500     0.5286  1.4371184  14.557990    14.9885    38.3923    28.5928     5.6453    245.110 0.0000e+00
     30.381    827.479    15.0557   4.668476     3.4893     0.5162  1.4276048  14.788964    15.0510    38.3948    28.5806     5.7181    248.275 0.0000e+00
     30.193    828.479    15.1597   4.678500     3.5290     0.4997  1.4133598  14.916303    15.1550    38.3851    28.5495     5.7810    251.011 0.0000e+00
     29.596    829.479    15.3250   4.697644     3.5651     0.4970  1.3981990  15.040879    15.3203    38.3992    28.5228     5.8147    252.485 0.0000e+00
     28.549    830.479    15.4058   4.704532     3.5936     0.4847  1.3905678  14.972808    15.4013    38.3836    28.4922     5.8591    254.420 0.0000e+00
     27.921    831.479    15.3908   4.703279     3.6291     0.4874  1.3775438  15.229367    15.3864    38.3871    28.4983     5.9312    257.549 0.0000e+00
     27.895    832.479    15.4008   4.703741     3.6540     0.4874  1.3679284  15.246378    15.3964    38.3815    28.4917     5.9509    258.405 0.0000e+00
     27.187    833.479    15.7690   4.745590     3.6753     0.4932  1.3600428  15.301477    15.7646    38.4043    28.4241     5.9564    258.662 0.0000e+00
     26.202    834.479    15.9749   4.764918     3.7042     0.4828  1.3613655  15.319830    15.9707    38.3798    28.3571     6.0241    261.620 0.0000e+00
     25.779    835.479    16.0853   4.777236     3.7526     0.4698  1.3483923  15.587747    16.0811    38.3843    28.3346     6.1157    265.600 0.0000e+00
     25.419    836.479    16.1661   4.786474     3.7864     0.4531  1.3404558  15.731848    16.1620    38.3895    28.3195     6.1354    266.461 0.0000e+00
     24.594    837.479    16.7074   4.845871     3.8148     0.4207  1.3325702  15.849405    16.7033    38.4001    28.1986     6.1057    265.202 0.0000e+00
     23.945    838.479    16.9976   4.874736     3.8301     0.4073  1.3316036  15.781457    16.9935    38.3787    28.1119     6.0744    263.866 0.0000e+00
     23.622    839.479    17.3085   4.911185     3.8437     0.3897  1.3229039  15.985969    17.3045    38.4039    28.0550     6.0567    263.111 0.0000e+00
     23.013    840.479    17.6207   4.943585     3.8450     0.3632  1.3195462  16.242015    17.6168    38.3916    27.9683     5.9568    258.794 0.0000e+00
     22.203    841.479    18.2603   5.017274     3.8114     0.3241  1.3111518  16.716608    18.2564    38.4279    27.8350     5.6988    247.618 0.0000e+00
     21.643    842.479    19.4409   5.148324     3.6921     0.3089  1.2988400  16.965714    19.4369    38.4442    27.5412     5.1852    225.361 0.0000e+00
     21.128    843.479    20.9842   5.329942     3.5139     0.3077  1.2799145  17.939747    20.9801    38.5362    27.1927     4.7336    205.806 0.0000e+00
     20.674    844.479    22.1739   5.451875     3.3871     0.2952  1.2595645  19.416650    22.1697    38.4524    26.7950     4.5566    198.187 0.0000e+00
     20.587    845.479    22.4782   5.478751     3.3305     0.2852  1.2876984  20.670995    22.4740    38.3961    26.6649     4.4973    195.634 0.0000e+00
     20.651    846.479    22.2640   5.455785     3.2845     0.2639  1.3146113  21.227446    22.2598    38.4033    26.7318     4.4589    193.952 0.0000e+00
     20.667    847.479    22.5531   5.488976     3.2560     0.2456  1.3336386  21.776718    22.5489    38.4109    26.6545     4.4145    192.033 0.0000e+00
     20.642    848.479    22.5665   5.489966     3.2417     0.2215  1.3627391  22.034970    22.5623    38.4069    26.6476     4.4090    191.794 0.0000e+00
     20.610    849.479    22.5714   5.489551     3.2370     0.1969  1.3786630  22.011592    22.5672    38.3993    26.6404     4.4100    191.842 0.0000e+00
     20.715    850.479    22.5662   5.489333     3.2323     0.1904  1.3770859  21.978598    22.5620    38.4022    26.6441     4.3969    191.269 0.0000e+00
     20.686    851.479    22.5675   5.489133     3.2246     0.1842  1.3842084  21.976543    22.5633    38.3994    26.6416     4.3878    190.874 0.0000e+00
     20.622    852.479    22.5897   5.491053     3.2233     0.1739  1.3851750  22.219990    22.5855    38.3950    26.6318     4.3924    191.075 0.0000e+00
     20.751    853.479    22.5657   5.487993     3.2245     0.1536  1.3927045  22.112664    22.5615    38.3920    26.6365     4.3957    191.219 0.0000e+00
     20.736    854.479    22.5585   5.486984     3.2238     0.1406  1.3977920  22.229627    22.5543    38.3903    26.6373     4.3947    191.174 0.0000e+00
     20.644    855.479    22.5711   5.487753     3.2241     0.1362  1.3945869  22.270920    22.5669    38.3853    26.6299     4.3955    191.210 0.0000e+00
     20.781    856.479    22.5582   5.486459     3.2236     0.1383  1.3879731  22.268857    22.5540    38.3865    26.6345     4.3931    191.106 0.0000e+00
     20.818    857.479    22.5512   5.485662     3.2238     0.1551  1.3892959  22.291573    22.5470    38.3863    26.6363     4.3972    191.284 0.0000e+00
     20.486    858.479    22.5456   5.484678     3.2245     0.1615  1.3915344  22.154648    22.5414    38.3836    26.6359     4.4007    191.438 0.0000e+00
     20.386    859.479    22.4760   5.477236     3.2271     0.1531  1.3890924  22.019840    22.4718    38.3862    26.6580     4.4068    191.697 0.0000e+00
     20.334    860.479    22.4456   5.474392     3.2251     0.1492  1.3921958  22.054901    22.4415    38.3906    26.6700     4.4079    191.742 0.0000e+00
     20.088    861.479    22.5484   5.485143     3.2289     0.1614  1.3922975  22.149810    22.5443    38.3850    26.6361     4.4072    191.719 0.0000e+00
     19.764    862.479    22.5384   5.482856     3.2265     0.1529  1.3878205  22.048033    22.5344    38.3759    26.6320     4.3882    190.894 0.0000e+00
     19.498    863.479    22.5462   5.485384     3.2162     0.1600  1.3858873  22.072807    22.5422    38.3890    26.6398     4.3737    190.261 0.0000e+00
     19.100    864.479    22.6091   5.491607     3.2172     0.1553  1.3840558  22.093430    22.6052    38.3829    26.6169     4.3868    190.837 0.0000e+00
     18.701    865.479    22.5267   5.482024     3.2225     0.1723  1.3870065  21.789007    22.5229    38.3800    26.6385     4.3936    191.129 0.0000e+00
     18.589    866.479    22.4925   5.478722     3.2169     0.1716  1.3805963  21.763626    22.4887    38.3840    26.6514     4.3817    190.607 0.0000e+00
     18.085    867.479    22.6111   5.492500     3.2178     0.1537  1.3718967  22.250336    22.6074    38.3885    26.6205     4.3833    190.682 0.0000e+00
     17.165    868.479    22.5954   5.489978     3.2198     0.1453  1.3777981  22.295710    22.5918    38.3828    26.6207     4.3823    190.641 0.0000e+00
     16.822    869.479    22.5528   5.484982     3.2167     0.1469  1.3817155  22.396938    22.5494    38.3810    26.6316     4.3763    190.376 0.0000e+00
     16.713    870.479    22.5928   5.489786     3.2143     0.1453  1.3841067  22.352165    22.5894    38.3837    26.6220     4.3749    190.315 0.0000e+00
     15.964    871.479    22.6357   5.494958     3.2178     0.1536  1.3837505  22.375583    22.6324    38.3870    26.6121     4.3781    190.459 0.0000e+00
     15.285    872.479    22.6445   5.495399     3.2156     0.1653  1.3846154  22.397624    22.6414    38.3830    26.6065     4.3663    189.944 0.0000e+00
     14.982    873.479    22.6689   5.498457     3.2122     0.1674  1.3845645  22.427248    22.6658    38.3856    26.6014     4.3572    189.549 0.0000e+00
     14.865    874.479    22.6828   5.499894     3.2084     0.1589  1.3845137  22.432071    22.6797    38.3848    26.5967     4.3542    189.420 0.0000e+00
     14.674    875.479    22.6915   5.500875     3.2109     0.1542  1.3852768  22.512012    22.6885    38.3850    26.5943     4.3635    189.823 0.0000e+00
     14.254    876.479    22.6911   5.500886     3.2121     0.1422  1.3863960  22.503051    22.6882    38.3855    26.5948     4.3595    189.651 0.0000e+00
     13.869    877.479    22.6887   5.500647     3.2099     0.1335  1.3864978  22.485820    22.6859    38.3858    26.5957     4.3580    189.588 0.0000e+00
     13.440    878.479    22.6943   5.501228     3.2127     0.1256  1.3872100  22.466524    22.6916    38.3857    26.5939     4.3632    189.813 0.0000e+00
     12.887    879.479    22.6780   5.499264     3.2118     0.1233  1.3866504  22.481686    22.6753    38.3848    26.5980     4.3591    189.633 0.0000e+00
     12.690    880.479    22.6909   5.500804     3.2107     0.1283  1.3865995  22.473416    22.6883    38.3856    26.5949     4.3560    189.499 0.0000e+00
     12.342    881.479    22.6968   5.501514     3.2092     0.1381  1.3866504  22.492024    22.6942    38.3862    26.5935     4.3533    189.382 0.0000e+00
     11.639    882.479    22.6915   5.500777     3.2099     0.1348  1.3863960  22.529245    22.6891    38.3853    26.5944     4.3580    189.585 0.0000e+00
     11.272    883.479    22.6910   5.500835     3.2107     0.1253  1.3861416  22.520973    22.6887    38.3863    26.5952     4.3572    189.550 0.0000e+00
     11.092    884.479    22.7009   5.501924     3.2099     0.1191  1.3860399  22.516148    22.6986    38.3862    26.5923     4.3542    189.422 0.0000e+00
     10.628    885.479    22.7072   5.502719     3.2108     0.1346  1.3859382  22.553378    22.7050    38.3871    26.5911     4.3592    189.638 0.0000e+00
     10.185    886.479    22.7114   5.503096     3.2130     0.1360  1.3862943  22.561650    22.7093    38.3866    26.5895     4.3636    189.829 0.0000e+00
      9.976    887.479    22.7173   5.503793     3.2168     0.1314  1.3864978  22.533382    22.7152    38.3869    26.5880     4.3688    190.059 0.0000e+00
      9.750    888.479    22.7176   5.503837     3.2170     0.1397  1.3861416  22.558893    22.7156    38.3871    26.5880     4.3634    189.822 0.0000e+00
      9.455    889.479    22.7189   5.503986     3.2157     0.1400  1.3858364  22.594060    22.7170    38.3872    26.5877     4.3632    189.812 0.0000e+00
      9.302    890.479    22.7217   5.504310     3.2171     0.1319  1.3864469  22.567855    22.7198    38.3874    26.5870     4.3647    189.878 0.0000e+00
      9.189    891.479    22.7206   5.504164     3.2155     0.1306  1.3859382  22.566477    22.7187    38.3872    26.5873     4.3606    189.702 0.0000e+00
      8.956    892.479    22.7207   5.504208     3.2162     0.1140  1.3859890  22.609922    22.7188    38.3876    26.5875     4.3667    189.968 0.0000e+00
      8.723    893.479    22.7205   5.504168     3.2193     0.1095  1.3858364  22.602336    22.7187    38.3875    26.5874     4.3711    190.158 0.0000e+00
      8.573    894.479    22.7221   5.504373     3.2193     0.1137  1.3859890  22.566480    22.7204    38.3877    26.5871     4.3660    189.934 0.0000e+00
      8.341    895.479    22.7267   5.504925     3.2169     0.1294  1.3861925  22.576131    22.7250    38.3881    26.5861     4.3590    189.630 0.0000e+00
      8.095    896.479    22.7331   5.505635     3.2148     0.1341  1.3860399  22.603025    22.7314    38.3882    26.5843     4.3581    189.591 0.0000e+00
      7.943    897.479    22.7414   5.506490     3.2150     0.1250  1.3869557  22.593371    22.7398    38.3877    26.5815     4.3590    189.634 0.0000e+00
      7.546    898.479    22.7415   5.506651     3.2162     0.1247  1.3858364  22.609233    22.7400    38.3890    26.5824     4.3639    189.845 0.0000e+00
      7.091    899.479    22.7359   5.505870     3.2176     0.1257  1.3858364  22.607853    22.7344    38.3880    26.5832     4.3649    189.889 0.0000e+00
      6.973    900.479    22.7584   5.508594     3.2185     0.1238  1.3853277  22.625097    22.7570    38.3896    26.5780     4.3599    189.673 0.0000e+00
      6.846    901.479    22.7759   5.510570     3.2142     0.1370  1.3857346  22.636133    22.7745    38.3898    26.5730     4.3509    189.283 0.0000e+00
      6.462    902.479    22.7813   5.511070     3.2155     0.1474  1.3846154  22.643722    22.7800    38.3891    26.5709     4.3606    189.701 0.0000e+00
      6.214    903.479    22.7876   5.511855     3.2192     0.1481  1.3852768  22.657519    22.7863    38.3899    26.5696     4.3653    189.910 0.0000e+00
      6.152    904.479    22.8035   5.513597     3.2199     0.1404  1.3845645  22.627857    22.8021    38.3897    26.5648     4.3630    189.808 0.0000e+00
      5.983    905.479    22.8058   5.513879     3.2215     0.1329  1.3847680  22.667178    22.8046    38.3898    26.5642     4.3641    189.858 0.0000e+00
      5.644    906.479    22.8101   5.514361     3.2199     0.1224  1.3845645  22.698228    22.8089    38.3900    26.5631     4.3558    189.498 0.0000e+00
      5.478    907.479    22.8234   5.515798     3.2161     0.1323  1.3848189  22.694088    22.8223    38.3897    26.5590     4.3467    189.101 0.0000e+00
      5.530    908.479    22.8229   5.515718     3.2133     0.1376  1.3842084  22.707199    22.8218    38.3894    26.5589     4.3453    189.041 0.0000e+00
      5.346    909.479    22.8255   5.516127     3.2119     0.1192  1.3846663  22.706510    22.8244    38.3904    26.5589     4.3443    188.996 0.0000e+00
      5.112    910.479    22.8334   5.516933     3.2127     0.1260  1.3846154  22.729975    22.8323    38.3900    26.5563     4.3502    189.255 0.0000e+00
      5.359    911.479    22.8293   5.516445     3.2160     0.1300  1.3837505  22.749301    22.8282    38.3896    26.5572     4.3545    189.443 0.0000e+00
      5.590    912.479    22.8268   5.516188     3.2153     0.1265  1.3845645  22.724453    22.8257    38.3897    26.5580     4.3478    189.150 0.0000e+00
      5.437    913.479    22.8297   5.516549     3.2123     0.1310  1.3843610  22.725834    22.8286    38.3901    26.5574     4.3413    188.868 0.0000e+00
      5.163    914.479    22.8315   5.516723     3.2101     0.1317  1.3843102  22.746540    22.8304    38.3899    26.5568     4.3431    188.946 0.0000e+00
      5.153    915.479    22.8357   5.517120     3.2143     0.1425  1.3841575  22.748611    22.8346    38.3894    26.5551     4.3556    189.490 0.0000e+00
      5.549    916.479    22.8211   5.515480     3.2173     0.1443  1.3835470  22.758275    22.8200    38.3891    26.5592     4.3590    189.637 0.0000e+00
      5.616    917.479    22.8175   5.515158     3.2189     0.1276  1.3839032  22.752752    22.8163    38.3898    26.5608     4.3568    189.542 0.0000e+00
      5.235    918.479    22.8256   5.516141     3.2156     0.1338  1.3842084  22.770701    22.8245    38.3905    26.5589     4.3476    189.141 0.0000e+00
      5.150    919.479    22.8307   5.516591     3.2152     0.1431  1.3842593  22.754133    22.8296    38.3896    26.5568     4.3506    189.272 0.0000e+00
      5.442    920.479    22.8238   5.515874     3.2151     0.1336  1.3839540  22.773463    22.8227    38.3899    26.5590     4.3523    189.347 0.0000e+00
      5.462    921.479    22.8217   5.515670     3.2162     0.1348  1.3841067  22.767250    22.8206    38.3901    26.5598     4.3536    189.401 0.0000e+00
      5.273    922.479    22.8265   5.516257     3.2163     0.1276  1.3838014  22.772772    22.8254    38.3906    26.5587     4.3525    189.354 0.0000e+00
      5.392    923.479    22.8273   5.516273     3.2149     0.1203  1.3838523  22.767940    22.8262    38.3900    26.5581     4.3476    189.139 0.0000e+00
      5.470    924.479    22.8214   5.515647     3.2136     0.1166  1.3838014  22.750682    22.8203    38.3903    26.5600     4.3484    189.174 0.0000e+00
      5.249    925.479    22.8247   5.516057     3.2145     0.1174  1.3836996  22.772772    22.8236    38.3906    26.5593     4.3521    189.336 0.0000e+00
      5.282    926.479    22.8276   5.516304     3.2159     0.1208  1.3839540  22.778296    22.8265    38.3900    26.5579     4.3537    189.406 0.0000e+00
      5.529    927.479    22.8217   5.515644     3.2161     0.1309  1.3832418  22.782438    22.8206    38.3899    26.5596     4.3533    189.387 0.0000e+00
      5.423    928.479    22.8211   5.515633     3.2167     0.1351  1.3839032  22.769320    22.8200    38.3904    26.5602     4.3540    189.417 0.0000e+00
