Boussole/Data/archives/Bous222_03.cnv
* Sea-Bird SBE 9 Data File:
* FileName = C:\boussole\202009\Bous222_03.hdr
* Software Version Seasave V 7.23.2
* Temperature SN = 5545
* Conductivity SN = 4097
* Number of Bytes Per Scan = 37
* Number of Voltage Words = 4
* Number of Scans Averaged by the Deck Unit = 1
* NMEA Latitude = 43 21.96 N
* NMEA Longitude = 007 53.62 E
* NMEA UTC (Time) = Sep 12 2020  13:16:43
* NMEA baud rate = 4800
** Navire
** Station:
** Date
** Heure debut [TU]
** Heure fin [TU]
** Heure locale / TU = +0
** Latitude
** Longitude
** Heure meteo [TU]
** T air sec [deg C]
** T mer [deg C]
** Vent [noeuds, degres]
# nquan = 14
# nvalues = 2442                        
# units = specified
# name 0 = prDM: Pressure, Digiquartz [db]
# name 1 = timeS: Time, Elapsed [seconds]
# name 2 = t090C: Temperature [ITS-90, deg C]
# name 3 = c0S/m: Conductivity [S/m]
# name 4 = sbeox0V: Oxygen raw, SBE 43 [V]
# name 5 = flC: Fluorescence, Chelsea Aqua 3 Chl Con [ug/l]
# name 6 = upoly0: Upoly 0, RINKOIII_DO
# name 7 = upoly1: Upoly 1, RINKOIII_Temp
# name 8 = potemp090C: Potential Temperature [ITS-90, deg C]
# name 9 = sal00: Salinity, Practical [PSU]
# name 10 = sigma-é00: Density [sigma-theta, kg/m^3]
# name 11 = sbeox0ML/L: Oxygen, SBE 43 [ml/l], WS = 2
# name 12 = sbox0Mm/Kg: Oxygen, SBE 43 [umol/kg], WS = 2
# name 13 = flag: flag
# span 0 =     -0.285,    405.629       
# span 1 =      0.479,   2441.083       
# span 2 =    13.5603,    24.0535       
# span 3 =   4.524223,   5.655346       
# span 4 =     2.2369,     3.8313       
# span 5 =    -0.0930,     3.9296       
# span 6 =  1.2710623,  1.8221917       
# span 7 =  13.548904,  23.420987       
# span 8 =    13.5007,    24.0534       
# span 9 =    38.2036,    38.6618       
# span 10 =    26.2042,    29.0912      
# span 11 =     3.3398,     6.1584      
# span 12 =    144.942,    267.446      
# span 13 = 0.0000e+00, 0.0000e+00      
# interval = seconds: 1                 
# start_time = Sep 12 2020 13:16:43 [NMEA time, header]
# bad_flag = -9.990e-29
*END*
[from data line 1652]
     70.660   1652.479    13.6364   4.527590     2.5643     0.1388  1.6995828  13.622088    13.6261    38.4685    28.9511     3.8930    168.968 0.0000e+00
     70.516   1653.479    13.6363   4.527585     2.5639     0.1421  1.6995319  13.620720    13.6260    38.4686    28.9513     3.8913    168.895 0.0000e+00
     70.425   1654.479    13.6362   4.527576     2.5640     0.1580  1.6996337  13.620036    13.6259    38.4687    28.9513     3.8924    168.943 0.0000e+00
     70.402   1655.479    13.6362   4.527572     2.5642     0.1635  1.6995828  13.620036    13.6259    38.4686    28.9512     3.8939    169.008 0.0000e+00
     70.716   1656.479    13.6366   4.527645     2.5652     0.1590  1.6993793  13.620036    13.6263    38.4688    28.9513     3.8971    169.147 0.0000e+00
     70.774   1657.479    13.6366   4.527652     2.5656     0.1374  1.6995828  13.622088    13.6263    38.4688    28.9513     3.8964    169.117 0.0000e+00
     70.362   1658.479    13.6362   4.527574     2.5662     0.1348  1.6991249  13.618668    13.6259    38.4687    28.9513     3.8983    169.201 0.0000e+00
     70.440   1659.479    13.6363   4.527577     2.5665     0.1493  1.6992776  13.618668    13.6260    38.4686    28.9512     3.8969    169.138 0.0000e+00
     70.616   1660.479    13.6365   4.527618     2.5667     0.1498  1.6996337  13.622088    13.6262    38.4687    28.9512     3.8991    169.232 0.0000e+00
     70.432   1661.479    13.6363   4.527570     2.5673     0.1556  1.6993793  13.618668    13.6260    38.4686    28.9512     3.8995    169.250 0.0000e+00
     70.641   1662.479    13.6364   4.527613     2.5668     0.1433  1.6994811  13.619352    13.6261    38.4688    28.9513     3.8941    169.017 0.0000e+00
     70.763   1663.479    13.6368   4.527678     2.5653     0.1358  1.6999389  13.622772    13.6265    38.4689    28.9514     3.8912    168.890 0.0000e+00
     70.422   1664.479    13.6364   4.527605     2.5647     0.1364  1.6994811  13.618668    13.6261    38.4688    28.9513     3.8939    169.008 0.0000e+00
     70.334   1665.479    13.6361   4.527544     2.5656     0.1410  1.6996846  13.620036    13.6258    38.4685    28.9512     3.8987    169.218 0.0000e+00
     70.624   1666.479    13.6364   4.527610     2.5669     0.1409  1.6995828  13.620036    13.6261    38.4688    28.9513     3.8999    169.267 0.0000e+00
     70.677   1667.479    13.6367   4.527635     2.5667     0.1490  1.6991249  13.619352    13.6264    38.4687    28.9512     3.8958    169.093 0.0000e+00
     70.577   1668.479    13.6362   4.527567     2.5663     0.1463  1.6994811  13.619352    13.6259    38.4686    28.9512     3.8962    169.106 0.0000e+00
     70.467   1669.479    13.6363   4.527581     2.5661     0.1392  1.6993793  13.621404    13.6260    38.4686    28.9512     3.8946    169.039 0.0000e+00
     70.473   1670.479    13.6361   4.527561     2.5655     0.1435  1.6994302  13.620036    13.6258    38.4686    28.9512     3.8938    169.007 0.0000e+00
     70.637   1671.479    13.6366   4.527632     2.5653     0.1427  1.6994811  13.620720    13.6263    38.4688    28.9513     3.8935    168.991 0.0000e+00
     70.666   1672.479    13.6367   4.527655     2.5647     0.1529  1.6994811  13.617985    13.6264    38.4689    28.9513     3.8936    168.994 0.0000e+00
     70.483   1673.479    13.6365   4.527617     2.5654     0.1466  1.6993793  13.619352    13.6262    38.4688    28.9513     3.8973    169.156 0.0000e+00
     70.391   1674.479    13.6360   4.527543     2.5663     0.1514  1.6995828  13.622088    13.6257    38.4686    28.9513     3.8983    169.200 0.0000e+00
     70.548   1675.479    13.6360   4.527533     2.5666     0.1504  1.6995828  13.621404    13.6257    38.4684    28.9512     3.8977    169.174 0.0000e+00
     70.744   1676.479    13.6365   4.527631     2.5664     0.1484  1.6993285  13.618668    13.6262    38.4687    28.9513     3.8958    169.092 0.0000e+00
     70.611   1677.479    13.6367   4.527643     2.5660     0.1549  1.6996337  13.617985    13.6264    38.4687    28.9512     3.8947    169.041 0.0000e+00
     70.218   1678.479    13.6362   4.527552     2.5655     0.1563  1.6994302  13.617985    13.6260    38.4685    28.9512     3.8937    168.999 0.0000e+00
     70.425   1679.479    13.6361   4.527560     2.5650     0.1555  1.6996337  13.617985    13.6259    38.4686    28.9512     3.8903    168.855 0.0000e+00
     70.892   1680.479    13.6366   4.527665     2.5638     0.1433  1.6993793  13.618668    13.6263    38.4689    28.9514     3.8914    168.901 0.0000e+00
     70.504   1681.479    13.6363   4.527583     2.5644     0.1427  1.6996846  13.620036    13.6260    38.4686    28.9512     3.8930    168.969 0.0000e+00
     70.138   1682.479    13.6358   4.527486     2.5643     0.1446  1.6994811  13.616617    13.6256    38.4684    28.9511     3.8937    169.002 0.0000e+00
     70.644   1683.479    13.6364   4.527608     2.5649     0.1437  1.6995828  13.619352    13.6261    38.4687    28.9513     3.8919    168.923 0.0000e+00
     70.735   1684.479    13.6363   4.527585     2.5633     0.1509  1.6993793  13.619352    13.6260    38.4685    28.9511     3.8872    168.717 0.0000e+00
     70.240   1685.479    13.6359   4.527508     2.5632     0.1478  1.6995828  13.617985    13.6256    38.4685    28.9512     3.8921    168.928 0.0000e+00
     70.326   1686.479    13.6359   4.527522     2.5639     0.1561  1.6993793  13.620036    13.6257    38.4685    28.9512     3.8919    168.921 0.0000e+00
     70.756   1687.479    13.6365   4.527634     2.5636     0.1441  1.6992776  13.620036    13.6262    38.4688    28.9514     3.8905    168.863 0.0000e+00
     70.642   1688.479    13.6365   4.527624     2.5635     0.1401  1.6994302  13.617985    13.6262    38.4687    28.9513     3.8916    168.910 0.0000e+00
     70.157   1689.479    13.6360   4.527516     2.5642     0.1457  1.6994811  13.617301    13.6258    38.4685    28.9512     3.8937    169.000 0.0000e+00
     70.298   1690.479    13.6362   4.527562     2.5643     0.1467  1.6995828  13.618668    13.6259    38.4686    28.9513     3.8932    168.980 0.0000e+00
     70.795   1691.479    13.6368   4.527677     2.5650     0.1468  1.6995320  13.619352    13.6265    38.4689    28.9514     3.8974    169.159 0.0000e+00
     70.490   1692.479    13.6366   4.527624     2.5664     0.1560  1.6994811  13.616617    13.6263    38.4687    28.9513     3.9000    169.273 0.0000e+00
     70.138   1693.479    13.6360   4.527520     2.5668     0.1527  1.6994811  13.618668    13.6258    38.4685    28.9512     3.8973    169.155 0.0000e+00
     70.392   1694.479    13.6362   4.527569     2.5665     0.1515  1.6991758  13.620036    13.6259    38.4687    28.9513     3.8972    169.152 0.0000e+00
     70.636   1695.479    13.6367   4.527663     2.5669     0.1478  1.6994302  13.620720    13.6264    38.4689    28.9514     3.9000    169.272 0.0000e+00
     70.484   1696.479    13.6366   4.527628     2.5677     0.1420  1.6993793  13.620036    13.6263    38.4688    28.9513     3.9016    169.342 0.0000e+00
     70.204   1697.479    13.6359   4.527505     2.5679     0.1486  1.6992267  13.618668    13.6257    38.4684    28.9511     3.8992    169.240 0.0000e+00
     70.222   1698.479    13.6360   4.527535     2.5676     0.1529  1.6996846  13.619352    13.6257    38.4686    28.9513     3.8982    169.195 0.0000e+00
     70.581   1699.479    13.6369   4.527708     2.5671     0.1572  1.6993793  13.625507    13.6266    38.4691    28.9515     3.8969    169.140 0.0000e+00
     70.604   1700.479    13.6371   4.527709     2.5671     0.1545  1.6991758  13.618668    13.6268    38.4690    28.9513     3.8987    169.217 0.0000e+00
     70.043   1701.479    13.6359   4.527496     2.5673     0.1451  1.6993793  13.616617    13.6257    38.4684    28.9511     3.8996    169.256 0.0000e+00
     70.051   1702.479    13.6357   4.527493     2.5673     0.1357  1.6996337  13.617985    13.6255    38.4685    28.9513     3.8950    169.055 0.0000e+00
     70.677   1703.479    13.6365   4.527631     2.5654     0.1360  1.6995828  13.620036    13.6262    38.4688    28.9513     3.8911    168.888 0.0000e+00
     70.533   1704.479    13.6365   4.527626     2.5651     0.1388  1.6995319  13.619352    13.6262    38.4688    28.9513     3.8951    169.062 0.0000e+00
     70.092   1705.479    13.6358   4.527483     2.5658     0.1412  1.6994302  13.618668    13.6256    38.4683    28.9511     3.8965    169.120 0.0000e+00
     70.195   1706.479    13.6358   4.527502     2.5658     0.1566  1.6995319  13.620036    13.6256    38.4685    28.9512     3.8946    169.037 0.0000e+00
     70.355   1707.479    13.6359   4.527514     2.5653     0.1460  1.6996337  13.617301    13.6256    38.4684    28.9512     3.8943    169.025 0.0000e+00
     70.471   1708.479    13.6366   4.527639     2.5657     0.1454  1.6997863  13.623456    13.6263    38.4689    28.9514     3.8971    169.147 0.0000e+00
     70.473   1709.479    13.6370   4.527693     2.5661     0.1432  1.6995828  13.619352    13.6267    38.4689    28.9513     3.8967    169.130 0.0000e+00
     69.966   1710.479    13.6360   4.527508     2.5664     0.1551  1.6994811  13.616617    13.6258    38.4685    28.9512     3.8977    169.172 0.0000e+00
     69.725   1711.479    13.6354   4.527402     2.5667     0.1469  1.6996337  13.620036    13.6252    38.4681    28.9510     3.8962    169.109 0.0000e+00
     69.858   1712.479    13.6357   4.527462     2.5659     0.1475  1.6995828  13.615933    13.6255    38.4684    28.9511     3.8951    169.060 0.0000e+00
     69.448   1713.479    13.6348   4.527276     2.5664     0.1540  1.6993793  13.618668    13.6247    38.4676    28.9507     3.8973    169.158 0.0000e+00
     68.772   1714.479    13.6332   4.526962     2.5663     0.1530  1.6998881  13.617301    13.6232    38.4666    28.9503     3.8936    168.997 0.0000e+00
     68.475   1715.479    13.6318   4.526655     2.5648     0.1527  1.6995319  13.618668    13.6218    38.4653    28.9495     3.8902    168.847 0.0000e+00
     68.163   1716.479    13.6311   4.526515     2.5646     0.1542  1.6996337  13.617301    13.6211    38.4648    28.9493     3.8916    168.909 0.0000e+00
     67.619   1717.479    13.6299   4.526285     2.5642     0.1575  1.6997355  13.615249    13.6201    38.4640    28.9489     3.8879    168.749 0.0000e+00
     67.135   1718.479    13.6301   4.526266     2.5620     0.1692  1.7004986  13.615249    13.6203    38.4639    28.9488     3.8774    168.292 0.0000e+00
     66.796   1719.479    13.6297   4.526092     2.5585     0.1591  1.7010582  13.615249    13.6199    38.4628    28.9480     3.8693    167.942 0.0000e+00
     66.282   1720.479    13.6285   4.525724     2.5557     0.1632  1.7019740  13.615249    13.6188    38.4607    28.9466     3.8669    167.837 0.0000e+00
     65.762   1721.479    13.6290   4.525648     2.5544     0.1581  1.7030932  13.615933    13.6194    38.4597    28.9457     3.8662    167.807 0.0000e+00
     65.248   1722.479    13.6328   4.525882     2.5524     0.1629  1.7037037  13.616617    13.6233    38.4583    28.9438     3.8575    167.429 0.0000e+00
     64.585   1723.479    13.6314   4.525434     2.5490     0.1764  1.7041616  13.615249    13.6220    38.4558    28.9421     3.8478    167.009 0.0000e+00
     64.141   1724.479    13.6262   4.524349     2.5458     0.1924  1.7050773  13.615933    13.6168    38.4509    28.9395     3.8455    166.910 0.0000e+00
     63.602   1725.479    13.6274   4.524223     2.5444     0.1877  1.7061457  13.615933    13.6181    38.4487    28.9374     3.8448    166.881 0.0000e+00
     62.962   1726.479    13.6311   4.524608     2.5429     0.1963  1.7071123  13.615249    13.6219    38.4489    28.9368     3.8429    166.798 0.0000e+00
     62.710   1727.479    13.6316   4.524542     2.5423     0.1939  1.7079772  13.614565    13.6225    38.4479    28.9359     3.8411    166.718 0.0000e+00
     62.659   1728.479    13.6324   4.524504     2.5414     0.2109  1.7087403  13.615933    13.6233    38.4468    28.9349     3.8467    166.964 0.0000e+00
     62.225   1729.479    13.6336   4.524548     2.5448     0.2343  1.7091982  13.615249    13.6245    38.4462    28.9341     3.8584    167.470 0.0000e+00
     61.572   1730.479    13.6382   4.525080     2.5472     0.2505  1.7093508  13.616617    13.6292    38.4469    28.9337     3.8594    167.516 0.0000e+00
     61.257   1731.479    13.6389   4.525010     2.5488     0.2487  1.7088421  13.619352    13.6300    38.4457    28.9326     3.8571    167.416 0.0000e+00
     61.190   1732.479    13.6406   4.525062     2.5474     0.2543  1.7075193  13.620720    13.6317    38.4444    28.9313     3.8468    166.970 0.0000e+00
     60.906   1733.479    13.6380   4.524536     2.5452     0.2613  1.7068579  13.624139    13.6291    38.4422    28.9301     3.8433    166.814 0.0000e+00
     60.534   1734.479    13.6373   4.524421     2.5435     0.2731  1.7071123  13.619352    13.6285    38.4420    28.9300     3.8393    166.642 0.0000e+00
     60.212   1735.479    13.6373   4.524316     2.5416     0.2648  1.7086895  13.619352    13.6285    38.4412    28.9294     3.8352    166.466 0.0000e+00
     59.798   1736.479    13.6375   4.524311     2.5398     0.2667  1.7101140  13.621404    13.6288    38.4410    28.9292     3.8334    166.384 0.0000e+00
     59.776   1737.479    13.6388   4.524358     2.5389     0.2888  1.7104192  13.621404    13.6301    38.4402    28.9283     3.8351    166.462 0.0000e+00
     60.155   1738.479    13.6376   4.524282     2.5392     0.2980  1.7111823  13.622772    13.6288    38.4405    28.9289     3.8371    166.548 0.0000e+00
     59.953   1739.479    13.6378   4.524305     2.5397     0.2946  1.7115385  13.622772    13.6290    38.4407    28.9289     3.8376    166.569 0.0000e+00
     59.650   1740.479    13.6390   4.524378     2.5392     0.3005  1.7116402  13.619352    13.6303    38.4403    28.9283     3.8326    166.352 0.0000e+00
     59.890   1741.479    13.6389   4.524364     2.5379     0.3122  1.7115385  13.622772    13.6302    38.4401    28.9282     3.8320    166.327 0.0000e+00
     60.125   1742.479    13.6379   4.524296     2.5381     0.3098  1.7120981  13.620036    13.6291    38.4404    28.9287     3.8349    166.452 0.0000e+00
     59.878   1743.479    13.6383   4.524320     2.5384     0.3289  1.7118946  13.624139    13.6295    38.4404    28.9286     3.8338    166.402 0.0000e+00
     59.688   1744.479    13.6396   4.524406     2.5376     0.3247  1.7117928  13.626191    13.6309    38.4399    28.9279     3.8300    166.239 0.0000e+00
     59.973   1745.479    13.6390   4.524373     2.5371     0.3292  1.7115893  13.625507    13.6302    38.4401    28.9282     3.8298    166.231 0.0000e+00
     60.138   1746.479    13.6380   4.524301     2.5360     0.3239  1.7114367  13.623456    13.6292    38.4403    28.9286     3.8272    166.115 0.0000e+00
     59.914   1747.479    13.6384   4.524339     2.5357     0.3419  1.7119963  13.622772    13.6296    38.4404    28.9286     3.8304    166.257 0.0000e+00
     59.781   1748.479    13.6395   4.524397     2.5370     0.3465  1.7119455  13.626875    13.6308    38.4399    28.9279     3.8343    166.424 0.0000e+00
     59.913   1749.479    13.6387   4.524344     2.5373     0.3462  1.7116911  13.627559    13.6300    38.4401    28.9283     3.8327    166.357 0.0000e+00
     60.116   1750.479    13.6379   4.524305     2.5375     0.3487  1.7118946  13.624823    13.6291    38.4404    28.9287     3.8327    166.356 0.0000e+00
     60.075   1751.479    13.6376   4.524277     2.5372     0.3512  1.7118437  13.622088    13.6288    38.4405    28.9288     3.8303    166.253 0.0000e+00
     59.825   1752.479    13.6387   4.524357     2.5366     0.3487  1.7119963  13.622088    13.6300    38.4403    28.9284     3.8308    166.275 0.0000e+00
     59.791   1753.479    13.6399   4.524428     2.5373     0.3455  1.7119454  13.623456    13.6312    38.4398    28.9278     3.8323    166.338 0.0000e+00
