Boussole/Data/archives/Bous222_02.cnv
* Sea-Bird SBE 9 Data File:
* FileName = C:\boussole\202009\Bous222_02.hdr
* Software Version Seasave V 7.23.2
* Temperature SN = 5545
* Conductivity SN = 4097
* Number of Bytes Per Scan = 37
* Number of Voltage Words = 4
* Number of Scans Averaged by the Deck Unit = 1
* NMEA Latitude = 43 21.97 N
* NMEA Longitude = 007 53.80 E
* NMEA UTC (Time) = Sep 12 2020  12:12:21
* NMEA baud rate = 4800
** Navire
** Station:
** Date
** Heure debut [TU]
** Heure fin [TU]
** Heure locale / TU = +0
** Latitude
** Longitude
** Heure meteo [TU]
** T air sec [deg C]
** T mer [deg C]
** Vent [noeuds, degres]
# nquan = 14
# nvalues = 1024                        
# units = specified
# name 0 = prDM: Pressure, Digiquartz [db]
# name 1 = timeS: Time, Elapsed [seconds]
# name 2 = t090C: Temperature [ITS-90, deg C]
# name 3 = c0S/m: Conductivity [S/m]
# name 4 = sbeox0V: Oxygen raw, SBE 43 [V]
# name 5 = flC: Fluorescence, Chelsea Aqua 3 Chl Con [ug/l]
# name 6 = upoly0: Upoly 0, RINKOIII_DO
# name 7 = upoly1: Upoly 1, RINKOIII_Temp
# name 8 = potemp090C: Potential Temperature [ITS-90, deg C]
# name 9 = sal00: Salinity, Practical [PSU]
# name 10 = sigma-é00: Density [sigma-theta, kg/m^3]
# name 11 = sbeox0ML/L: Oxygen, SBE 43 [ml/l], WS = 2
# name 12 = sbox0Mm/Kg: Oxygen, SBE 43 [umol/kg], WS = 2
# name 13 = flag: flag
# span 0 =     -0.222,    101.456       
# span 1 =      0.479,   1023.042       
# span 2 =    13.6261,    23.1691       
# span 3 =   4.524745,   5.554808       
# span 4 =     2.4809,     3.8450       
# span 5 =    -0.0114,     0.9690       
# span 6 =  1.2595645,  1.7306674       
# span 7 =  13.616617,  23.060228       
# span 8 =    13.6164,    23.1690       
# span 9 =    38.2482,    38.5362       
# span 10 =    26.4585,    28.9897      
# span 11 =     3.7272,     6.1354      
# span 12 =    161.769,    266.461      
# span 13 = 0.0000e+00, 0.0000e+00      
# interval = seconds: 1                 
# start_time = Sep 12 2020 12:12:21 [NMEA time, header]
# bad_flag = -9.990e-29
*END*
[from data line 517]
     60.757    517.479    13.6405   4.525771     2.5526     0.2399  1.7045177  13.631662    13.6316    38.4516    28.9368     3.8665    167.820 0.0000e+00
     60.556    518.479    13.6401   4.525646     2.5536     0.2429  1.7045177  13.631662    13.6313    38.4509    28.9364     3.8692    167.938 0.0000e+00
     60.685    519.479    13.6401   4.525692     2.5546     0.2568  1.7044668  13.630294    13.6312    38.4512    28.9366     3.8680    167.889 0.0000e+00
     60.886    520.479    13.6404   4.525820     2.5540     0.2421  1.7046703  13.630978    13.6315    38.4520    28.9372     3.8656    167.780 0.0000e+00
     60.582    521.479    13.6405   4.525695     2.5539     0.2285  1.7044159  13.630294    13.6317    38.4509    28.9363     3.8670    167.842 0.0000e+00
     60.378    522.479    13.6400   4.525607     2.5543     0.2381  1.7044668  13.630294    13.6312    38.4507    28.9362     3.8679    167.882 0.0000e+00
     60.850    523.479    13.6405   4.525817     2.5546     0.2517  1.7045177  13.627559    13.6317    38.4519    28.9370     3.8674    167.862 0.0000e+00
     61.085    524.479    13.6407   4.525869     2.5540     0.2446  1.7042124  13.628243    13.6318    38.4521    28.9372     3.8659    167.795 0.0000e+00
     60.434    525.479    13.6406   4.525678     2.5542     0.2342  1.7042633  13.628927    13.6318    38.4507    28.9361     3.8681    167.889 0.0000e+00
     60.143    526.479    13.6401   4.525600     2.5545     0.2337  1.7041616  13.630978    13.6313    38.4506    28.9361     3.8665    167.821 0.0000e+00
     60.828    527.479    13.6408   4.525873     2.5536     0.2267  1.7040598  13.626875    13.6320    38.4521    28.9372     3.8640    167.714 0.0000e+00
     61.039    528.479    13.6412   4.525874     2.5536     0.2342  1.7041616  13.629610    13.6323    38.4517    28.9367     3.8670    167.844 0.0000e+00
     60.589    529.479    13.6408   4.525760     2.5542     0.2376  1.7040089  13.629610    13.6320    38.4512    28.9364     3.8687    167.916 0.0000e+00
     60.451    530.479    13.6406   4.525711     2.5547     0.2391  1.7041616  13.630978    13.6318    38.4511    28.9364     3.8702    167.981 0.0000e+00
     60.643    531.479    13.6410   4.525881     2.5554     0.2547  1.7039581  13.627559    13.6322    38.4521    28.9371     3.8703    167.987 0.0000e+00
     60.765    532.479    13.6411   4.525892     2.5556     0.2476  1.7037546  13.629610    13.6322    38.4521    28.9371     3.8706    168.002 0.0000e+00
     60.757    533.479    13.6410   4.525892     2.5556     0.2353  1.7039072  13.630294    13.6321    38.4522    28.9372     3.8694    167.949 0.0000e+00
     60.545    534.479    13.6407   4.525719     2.5555     0.2310  1.7039072  13.630978    13.6319    38.4510    28.9363     3.8692    167.939 0.0000e+00
     60.548    535.479    13.6404   4.525667     2.5551     0.2330  1.7037546  13.630978    13.6316    38.4508    28.9362     3.8687    167.917 0.0000e+00
     60.753    536.479    13.6412   4.525894     2.5555     0.2372  1.7038563  13.632346    13.6323    38.4520    28.9370     3.8709    168.013 0.0000e+00
     60.742    537.479    13.6413   4.525928     2.5557     0.2425  1.7042124  13.630978    13.6324    38.4522    28.9372     3.8690    167.931 0.0000e+00
     60.618    538.479    13.6409   4.525774     2.5550     0.2502  1.7041107  13.630978    13.6320    38.4513    28.9365     3.8674    167.861 0.0000e+00
     60.533    539.479    13.6402   4.525616     2.5549     0.2356  1.7040598  13.630978    13.6314    38.4505    28.9360     3.8683    167.899 0.0000e+00
     60.607    540.479    13.6410   4.525846     2.5553     0.2282  1.7043142  13.632346    13.6322    38.4518    28.9369     3.8709    168.011 0.0000e+00
     60.852    541.479    13.6415   4.525958     2.5555     0.2289  1.7044668  13.631662    13.6326    38.4523    28.9372     3.8669    167.838 0.0000e+00
     60.685    542.479    13.6414   4.525936     2.5537     0.2365  1.7043651  13.630978    13.6326    38.4522    28.9371     3.8621    167.632 0.0000e+00
     60.354    543.479    13.6407   4.525706     2.5534     0.2318  1.7040598  13.630978    13.6319    38.4509    28.9362     3.8682    167.894 0.0000e+00
     60.542    544.479    13.6408   4.525741     2.5556     0.2241  1.7044668  13.630978    13.6320    38.4510    28.9363     3.8766    168.260 0.0000e+00
     60.867    545.479    13.6415   4.525980     2.5574     0.2343  1.7043142  13.629610    13.6326    38.4525    28.9373     3.8768    168.270 0.0000e+00
     60.736    546.479    13.6416   4.525937     2.5576     0.2354  1.7041107  13.630294    13.6327    38.4521    28.9370     3.8721    168.064 0.0000e+00
     60.465    547.479    13.6411   4.525763     2.5567     0.2411  1.7040089  13.630294    13.6323    38.4510    28.9362     3.8691    167.933 0.0000e+00
     60.523    548.479    13.6407   4.525681     2.5555     0.2372  1.7043651  13.631662    13.6319    38.4506    28.9360     3.8657    167.786 0.0000e+00
     60.627    549.479    13.6411   4.525762     2.5545     0.2374  1.7044159  13.630294    13.6323    38.4509    28.9361     3.8674    167.860 0.0000e+00
     60.620    550.479    13.6407   4.525674     2.5554     0.2383  1.7045177  13.631662    13.6319    38.4505    28.9359     3.8721    168.064 0.0000e+00
     60.712    551.479    13.6412   4.525843     2.5561     0.2300  1.7039072  13.630978    13.6323    38.4515    28.9366     3.8737    168.132 0.0000e+00
     60.712    552.479    13.6417   4.525999     2.5568     0.2265  1.7043651  13.631662    13.6328    38.4525    28.9373     3.8718    168.052 0.0000e+00
     60.591    553.479    13.6418   4.525961     2.5562     0.2254  1.7046703  13.633030    13.6330    38.4522    28.9370     3.8692    167.937 0.0000e+00
     60.452    554.479    13.6411   4.525786     2.5556     0.2263  1.7044160  13.630978    13.6323    38.4512    28.9364     3.8689    167.927 0.0000e+00
     60.521    555.479    13.6412   4.525804     2.5559     0.2196  1.7043142  13.630978    13.6324    38.4513    28.9364     3.8737    168.133 0.0000e+00
     60.761    556.479    13.6419   4.526042     2.5574     0.2258  1.7044668  13.631662    13.6330    38.4528    28.9374     3.8756    168.215 0.0000e+00
     60.848    557.479    13.6418   4.526058     2.5572     0.2305  1.7040598  13.631662    13.6329    38.4529    28.9376     3.8704    167.992 0.0000e+00
     60.538    558.479    13.6415   4.525897     2.5561     0.2241  1.7037037  13.631662    13.6326    38.4519    28.9368     3.8687    167.917 0.0000e+00
     60.277    559.479    13.6411   4.525722     2.5555     0.2286  1.7036528  13.631662    13.6323    38.4507    28.9360     3.8678    167.878 0.0000e+00
     60.608    560.479    13.6416   4.525923     2.5553     0.2229  1.7038563  13.630294    13.6327    38.4520    28.9369     3.8673    167.857 0.0000e+00
     60.913    561.479    13.6418   4.526046     2.5540     0.2169  1.7034493  13.630978    13.6329    38.4528    28.9375     3.8639    167.710 0.0000e+00
     60.464    562.479    13.6413   4.525784     2.5539     0.2237  1.7035002  13.630294    13.6325    38.4510    28.9362     3.8662    167.808 0.0000e+00
     59.967    563.479    13.6406   4.525598     2.5539     0.2301  1.7034493  13.628927    13.6319    38.4501    28.9357     3.8663    167.812 0.0000e+00
     60.074    564.479    13.6408   4.525667     2.5543     0.2440  1.7035511  13.627559    13.6320    38.4506    28.9359     3.8695    167.950 0.0000e+00
     60.304    565.479    13.6411   4.525788     2.5551     0.2383  1.7035511  13.629610    13.6323    38.4513    28.9364     3.8701    167.978 0.0000e+00
     60.139    566.479    13.6407   4.525640     2.5556     0.2327  1.7032967  13.628243    13.6319    38.4504    28.9358     3.8744    168.167 0.0000e+00
     59.468    567.479    13.6420   4.525703     2.5580     0.2307  1.7033985  13.626875    13.6333    38.4500    28.9352     3.8802    168.417 0.0000e+00
     59.057    568.479    13.6430   4.525676     2.5589     0.2266  1.7032458  13.632346    13.6344    38.4488    28.9341     3.8737    168.133 0.0000e+00
     59.294    569.479    13.6427   4.525743     2.5577     0.2272  1.7029406  13.630294    13.6341    38.4497    28.9348     3.8735    168.124 0.0000e+00
     59.217    570.479    13.6427   4.525705     2.5589     0.2275  1.7033476  13.630294    13.6341    38.4494    28.9346     3.8791    168.367 0.0000e+00
     58.553    571.479    13.6431   4.525443     2.5591     0.2320  1.7032458  13.629610    13.6346    38.4468    28.9325     3.8742    168.155 0.0000e+00
     58.306    572.479    13.6437   4.525237     2.5584     0.2391  1.7028897  13.631662    13.6352    38.4443    28.9304     3.8749    168.188 0.0000e+00
     58.434    573.479    13.6435   4.525320     2.5596     0.2458  1.7026862  13.631662    13.6350    38.4453    28.9312     3.8826    168.520 0.0000e+00
     57.997    574.479    13.6443   4.525176     2.5618     0.2530  1.7022792  13.631662    13.6358    38.4433    28.9295     3.8875    168.732 0.0000e+00
     57.324    575.479    13.6464   4.525090     2.5635     0.2516  1.7022792  13.630978    13.6380    38.4407    28.9270     3.8872    168.723 0.0000e+00
     57.187    576.479    13.6467   4.525097     2.5637     0.2584  1.7022792  13.631662    13.6384    38.4404    28.9267     3.8843    168.596 0.0000e+00
     57.301    577.479    13.6465   4.525104     2.5637     0.2658  1.7017705  13.631662    13.6381    38.4407    28.9270     3.8869    168.708 0.0000e+00
     56.818    578.479    13.6469   4.525004     2.5648     0.2747  1.7017196  13.630978    13.6386    38.4396    28.9261     3.8897    168.830 0.0000e+00
     56.124    579.479    13.6468   4.524950     2.5656     0.2769  1.7017705  13.631662    13.6386    38.4395    28.9259     3.8892    168.809 0.0000e+00
     55.935    580.479    13.6469   4.524889     2.5654     0.2789  1.7009056  13.631662    13.6387    38.4389    28.9255     3.8849    168.621 0.0000e+00
     55.921    581.479    13.6473   4.525011     2.5636     0.2778  1.7006512  13.632346    13.6391    38.4397    28.9260     3.8742    168.155 0.0000e+00
     55.437    582.479    13.6472   4.524745     2.5598     0.2867  1.7003968  13.631662    13.6391    38.4374    28.9242     3.8664    167.819 0.0000e+00
     54.743    583.479    13.6493   4.524774     2.5576     0.3025  1.7003968  13.631662    13.6413    38.4359    28.9226     3.8668    167.839 0.0000e+00
     54.502    584.479    13.6513   4.524887     2.5574     0.3147  1.7007530  13.633713    13.6433    38.4351    28.9215     3.8718    168.054 0.0000e+00
     54.428    585.479    13.6513   4.524904     2.5586     0.3211  1.7020248  13.633713    13.6434    38.4353    28.9217     3.8770    168.282 0.0000e+00
     53.925    586.479    13.6549   4.525124     2.5603     0.3253  1.7029915  13.633713    13.6470    38.4340    28.9199     3.8807    168.443 0.0000e+00
     53.456    587.479    13.6567   4.525268     2.5622     0.3431  1.7031950  13.638500    13.6489    38.4337    28.9193     3.8873    168.726 0.0000e+00
     53.172    588.479    13.6620   4.525651     2.5656     0.3417  1.7032458  13.640551    13.6542    38.4322    28.9169     3.8982    169.201 0.0000e+00
     52.756    589.479    13.6685   4.526121     2.5699     0.3402  1.7024318  13.646022    13.6608    38.4303    28.9141     3.9035    169.429 0.0000e+00
     52.371    590.479    13.6716   4.526296     2.5721     0.3541  1.7020757  13.650808    13.6640    38.4290    28.9124     3.9048    169.491 0.0000e+00
     52.192    591.479    13.6727   4.526377     2.5746     0.3588  1.7005495  13.651492    13.6651    38.4287    28.9120     3.9118    169.793 0.0000e+00
     51.761    592.479    13.6753   4.526577     2.5783     0.3842  1.6988706  13.661065    13.6677    38.4283    28.9110     3.9238    170.313 0.0000e+00
     51.310    593.479    13.6764   4.526647     2.5833     0.4181  1.6974969  13.663800    13.6689    38.4281    28.9106     3.9369    170.881 0.0000e+00
     50.961    594.479    13.6804   4.526942     2.5894     0.4301  1.6961233  13.661749    13.6729    38.4270    28.9090     3.9498    171.440 0.0000e+00
     50.711    595.479    13.6885   4.527535     2.5943     0.4244  1.6943936  13.664484    13.6811    38.4246    28.9053     3.9559    171.707 0.0000e+00
     50.686    596.479    13.6908   4.527715     2.5987     0.4210  1.6925112  13.669954    13.6834    38.4240    28.9044     3.9610    171.929 0.0000e+00
     50.625    597.479    13.6913   4.527771     2.6017     0.4623  1.6895604  13.675423    13.6839    38.4241    28.9043     3.9655    172.122 0.0000e+00
     50.532    598.479    13.6926   4.527861     2.6046     0.4817  1.6870167  13.677474    13.6852    38.4236    28.9037     3.9689    172.272 0.0000e+00
     50.667    599.479    13.6927   4.527874     2.6060     0.4968  1.6855413  13.680209    13.6853    38.4236    28.9037     3.9670    172.191 0.0000e+00
     50.856    600.479    13.6914   4.527787     2.6060     0.5092  1.6834555  13.680209    13.6840    38.4240    28.9042     3.9672    172.195 0.0000e+00
     50.678    601.479    13.6915   4.527786     2.6074     0.5227  1.6830993  13.679526    13.6841    38.4240    28.9042     3.9709    172.356 0.0000e+00
     50.401    602.479    13.6922   4.527814     2.6075     0.5387  1.6829467  13.672689    13.6848    38.4237    28.9038     3.9686    172.259 0.0000e+00
     50.520    603.479    13.6927   4.527865     2.6079     0.5398  1.6828449  13.677474    13.6853    38.4235    28.9036     3.9700    172.321 0.0000e+00
     50.975    604.479    13.6913   4.527778     2.6081     0.5378  1.6824888  13.678842    13.6838    38.4240    28.9043     3.9716    172.391 0.0000e+00
     50.810    605.479    13.6914   4.527778     2.6093     0.5421  1.6822853  13.678842    13.6840    38.4240    28.9042     3.9763    172.593 0.0000e+00
     50.351    606.479    13.6922   4.527823     2.6105     0.5557  1.6821836  13.679526    13.6848    38.4237    28.9039     3.9744    172.509 0.0000e+00
     50.548    607.479    13.6923   4.527829     2.6095     0.5444  1.6816239  13.679526    13.6849    38.4236    28.9038     3.9697    172.308 0.0000e+00
     50.938    608.479    13.6914   4.527774     2.6094     0.5450  1.6820818  13.678842    13.6839    38.4239    28.9042     3.9732    172.457 0.0000e+00
     50.781    609.479    13.6919   4.527818     2.6099     0.5337  1.6821327  13.679526    13.6845    38.4239    28.9041     3.9754    172.554 0.0000e+00
     50.609    610.479    13.6923   4.527839     2.6104     0.5361  1.6821327  13.680893    13.6849    38.4237    28.9038     3.9737    172.481 0.0000e+00
     50.631    611.479    13.6922   4.527823     2.6098     0.5412  1.6819801  13.680209    13.6848    38.4236    28.9038     3.9692    172.284 0.0000e+00
     50.586    612.479    13.6921   4.527804     2.6079     0.5382  1.6816748  13.681577    13.6847    38.4236    28.9038     3.9624    171.989 0.0000e+00
     50.703    613.479    13.6919   4.527796     2.6059     0.5309  1.6814204  13.680893    13.6845    38.4237    28.9039     3.9594    171.861 0.0000e+00
     50.986    614.479    13.6909   4.527734     2.6042     0.5492  1.6814713  13.679526    13.6834    38.4240    28.9043     3.9606    171.912 0.0000e+00
     50.753    615.479    13.6911   4.527750     2.6055     0.5516  1.6814204  13.680893    13.6837    38.4240    28.9043     3.9677    172.222 0.0000e+00
     50.391    616.479    13.6924   4.527832     2.6060     0.5422  1.6818783  13.680893    13.6850    38.4236    28.9037     3.9642    172.068 0.0000e+00
     50.616    617.479    13.6918   4.527790     2.6055     0.5433  1.6816748  13.680893    13.6844    38.4238    28.9040     3.9657    172.132 0.0000e+00
     50.977    618.479    13.6903   4.527685     2.6069     0.5421  1.6814713  13.680209    13.6828    38.4241    28.9046     3.9721    172.410 0.0000e+00
