Boussole/Data/archives/Bous222_01.cnv
* Sea-Bird SBE 9 Data File:
* FileName = C:\boussole\202009\Bous222_01.hdr
* Software Version Seasave V 7.23.2
* Temperature SN = 5545
* Conductivity SN = 4097
* Number of Bytes Per Scan = 37
* Number of Voltage Words = 4
* Number of Scans Averaged by the Deck Unit = 1
* NMEA Latitude = 43 21.89 N
* NMEA Longitude = 007 53.94 E
* NMEA UTC (Time) = Sep 12 2020  10:41:40
* NMEA baud rate = 4800
** Navire
** Station:
** Date
** Heure debut [TU]
** Heure fin [TU]
** Heure locale / TU = +0
** Latitude
** Longitude
** Heure meteo [TU]
** T air sec [deg C]
** T mer [deg C]
** Vent [noeuds, degres]
# nquan = 14
# nvalues = 913                         
# units = specified
# name 0 = prDM: Pressure, Digiquartz [db]
# name 1 = timeS: Time, Elapsed [seconds]
# name 2 = t090C: Temperature [ITS-90, deg C]
# name 3 = c0S/m: Conductivity [S/m]
# name 4 = sbeox0V: Oxygen raw, SBE 43 [V]
# name 5 = flC: Fluorescence, Chelsea Aqua 3 Chl Con [ug/l]
# name 6 = upoly0: Upoly 0, RINKOIII_DO
# name 7 = upoly1: Upoly 1, RINKOIII_Temp
# name 8 = potemp090C: Potential Temperature [ITS-90, deg C]
# name 9 = sal00: Salinity, Practical [PSU]
# name 10 = sigma-é00: Density [sigma-theta, kg/m^3]
# name 11 = sbeox0ML/L: Oxygen, SBE 43 [ml/l], WS = 2
# name 12 = sbox0Mm/Kg: Oxygen, SBE 43 [umol/kg], WS = 2
# name 13 = flag: flag
# span 0 =     -0.303,    104.446       
# span 1 =      0.479,    912.167       
# span 2 =    13.6170,    22.9527       
# span 3 =   0.989152,   5.529470       
# span 4 =     2.4254,     3.7529       
# span 5 =    -0.0170,     4.6850       
# span 6 =  1.2706553,  1.7371795       
# span 7 =  13.615249,  22.908835       
# span 8 =    13.6078,    22.9527       
# span 9 =     5.8346,    38.6744       
# span 10 =     1.9826,    28.9930      
# span 11 =     3.6059,     5.9549      
# span 12 =    156.500,    258.577      
# span 13 = 0.0000e+00, 0.0000e+00      
# interval = seconds: 1                 
# start_time = Sep 12 2020 10:41:40 [NMEA time, header]
# bad_flag = -9.990e-29
*END*
[from data line 723]
     20.104    723.479    22.4304   5.471877     3.1787     0.1403  1.3802401  22.363874    22.4263    38.3842    26.6696     4.3347    188.560 0.0000e+00
     19.977    724.479    22.4381   5.472510     3.1830     0.1378  1.3793244  22.382470    22.4340    38.3824    26.6660     4.3361    188.619 0.0000e+00
     19.870    725.479    22.4588   5.474696     3.1812     0.1395  1.3792227  22.397623    22.4548    38.3816    26.6594     4.3257    188.168 0.0000e+00
     19.996    726.479    22.4496   5.474351     3.1795     0.1455  1.3784086  22.403823    22.4455    38.3869    26.6661     4.3227    188.040 0.0000e+00
     20.122    727.479    22.4374   5.472734     3.1761     0.1510  1.3791718  22.389357    22.4333    38.3848    26.6681     4.3140    187.659 0.0000e+00
     19.991    728.479    22.4371   5.472591     3.1714     0.1471  1.3792227  22.407268    22.4330    38.3840    26.6675     4.3119    187.569 0.0000e+00
     19.941    729.479    22.4611   5.475193     3.1728     0.1395  1.3792735  22.440338    22.4571    38.3834    26.6601     4.3170    187.793 0.0000e+00
     20.134    730.479    22.4398   5.473249     3.1755     0.1327  1.3807998  22.416224    22.4357    38.3867    26.6688     4.3236    188.074 0.0000e+00
     20.070    731.479    22.4354   5.472576     3.1737     0.1364  1.3798331  22.405890    22.4313    38.3853    26.6690     4.3121    187.574 0.0000e+00
     19.891    732.479    22.4548   5.473952     3.1716     0.1298  1.3797823  22.424492    22.4507    38.3792    26.6588     4.3179    187.829 0.0000e+00
     19.969    733.479    22.4790   5.477567     3.1792     0.1467  1.3795788  22.438271    22.4749    38.3864    26.6573     4.3397    188.781 0.0000e+00
     20.128    734.479    22.4476   5.474271     3.1880     0.1520  1.3802910  22.415535    22.4435    38.3879    26.6675     4.3480    189.137 0.0000e+00
     20.113    735.479    22.4309   5.472347     3.1849     0.1416  1.3806980  22.412779    22.4268    38.3875    26.6720     4.3207    187.951 0.0000e+00
     20.037    736.479    22.4472   5.473537     3.1717     0.1421  1.3798840  22.411401    22.4431    38.3825    26.6634     4.2999    187.048 0.0000e+00
     19.956    737.479    22.4630   5.475351     3.1683     0.1410  1.3797314  22.403134    22.4589    38.3830    26.6592     4.3006    187.076 0.0000e+00
     19.968    738.479    22.4764   5.477128     3.1649     0.1383  1.3789683  22.421047    22.4723    38.3852    26.6571     4.2999    187.048 0.0000e+00
     20.123    739.479    22.4453   5.474158     3.1694     0.1362  1.3792227  22.435515    22.4412    38.3891    26.6691     4.3194    187.896 0.0000e+00
     20.137    740.479    22.4364   5.472834     3.1744     0.1413  1.3807998  22.406579    22.4322    38.3865    26.6696     4.3195    187.899 0.0000e+00
     20.011    741.479    22.4528   5.474200     3.1693     0.1455  1.3803928  22.401757    22.4487    38.3828    26.6621     4.2967    186.910 0.0000e+00
     19.977    742.479    22.4802   5.477083     3.1631     0.1444  1.3796297  22.444472    22.4761    38.3815    26.6532     4.2890    186.574 0.0000e+00
     20.003    743.479    22.4627   5.476141     3.1592     0.1415  1.3800367  22.430003    22.4586    38.3895    26.6643     4.2907    186.647 0.0000e+00
     20.100    744.479    22.4508   5.474553     3.1647     0.1400  1.3805454  22.424491    22.4467    38.3874    26.6662     4.3157    187.732 0.0000e+00
     20.110    745.479    22.4417   5.473551     3.1751     0.1582  1.3808506  22.416913    22.4376    38.3875    26.6689     4.3315    188.418 0.0000e+00
     20.019    746.479    22.4608   5.475098     3.1764     0.1632  1.3807489  22.425180    22.4567    38.3829    26.6598     4.3193    187.889 0.0000e+00
     20.011    747.479    22.4729   5.472895     3.1761     0.1561  1.3801893  22.446540    22.4688    38.3548    26.6350     4.3267    188.215 0.0000e+00
     20.047    748.479    22.4591   5.475675     3.1837     0.1562  1.3800367  22.449296    22.4550    38.3890    26.6650     4.3388    188.740 0.0000e+00
     20.064    749.479    22.4584   5.475076     3.1808     0.1502  1.3809524  22.441027    22.4543    38.3849    26.6620     4.3193    187.892 0.0000e+00
     20.117    750.479    22.4572   5.475543     3.1743     0.1424  1.3812068  22.445850    22.4531    38.3896    26.6660     4.3041    187.229 0.0000e+00
     20.072    751.479    22.4471   5.473810     3.1662     0.1600  1.3820208  22.423114    22.4430    38.3848    26.6652     4.2935    186.769 0.0000e+00
     19.877    752.479    22.4831   5.477266     3.1630     0.1613  1.3817155  22.483753    22.4791    38.3804    26.6515     4.2991    187.015 0.0000e+00
     20.028    753.479    22.4798   5.478428     3.1698     0.1514  1.3820716  22.494780    22.4757    38.3924    26.6616     4.3169    187.786 0.0000e+00
     20.306    754.479    22.4392   5.473267     3.1718     0.1404  1.3831909  22.449296    22.4351    38.3874    26.6695     4.3150    187.701 0.0000e+00
     20.021    755.479    22.4526   5.474331     3.1715     0.1435  1.3816138  22.489266    22.4485    38.3840    26.6631     4.3082    187.406 0.0000e+00
     19.749    756.479    22.5077   5.480244     3.1662     0.1410  1.3818173  22.504429    22.5037    38.3823    26.6458     4.2930    186.748 0.0000e+00
     20.084    757.479    22.4661   5.477214     3.1659     0.1493  1.3826313  22.478928    22.4620    38.3949    26.6674     4.3123    187.584 0.0000e+00
     20.297    758.479    22.4320   5.472457     3.1773     0.1523  1.3815120  22.436204    22.4279    38.3873    26.6715     4.3330    188.484 0.0000e+00
     20.051    759.479    22.4566   5.474659     3.1728     0.1533  1.3798840  22.469280    22.4525    38.3831    26.6612     4.3015    187.115 0.0000e+00
     19.831    760.479    22.4803   5.477643     3.1657     0.1460  1.3805454  22.486509    22.4763    38.3858    26.6564     4.2970    186.921 0.0000e+00
     19.933    761.479    22.4654   5.476467     3.1664     0.1489  1.3814611  22.492712    22.4613    38.3897    26.6637     4.2961    186.879 0.0000e+00
     20.133    762.479    22.4553   5.475146     3.1606     0.1567  1.3824786  22.470658    22.4512    38.3881    26.6654     4.2997    187.039 0.0000e+00
     20.123    763.479    22.4455   5.474028     3.1720     0.1720  1.3820716  22.448606    22.4414    38.3879    26.6681     4.3266    188.209 0.0000e+00
     20.025    764.479    22.4553   5.474783     3.1736     0.1630  1.3817664  22.454119    22.4512    38.3852    26.6632     4.3184    187.853 0.0000e+00
     19.959    765.479    22.4633   5.475890     3.1773     0.1516  1.3809524  22.459632    22.4592    38.3870    26.6622     4.3327    188.470 0.0000e+00
     19.894    766.479    22.4601   5.475510     3.1842     0.1442  1.3806471  22.444472    22.4561    38.3868    26.6630     4.3427    188.909 0.0000e+00
     20.019    767.479    22.4555   5.475271     3.1866     0.1524  1.3802910  22.438960    22.4514    38.3889    26.6659     4.3310    188.397 0.0000e+00
     20.180    768.479    22.4377   5.473129     3.1757     0.1568  1.3804945  22.439649    22.4336    38.3876    26.6701     4.3076    187.381 0.0000e+00
     20.052    769.479    22.4359   5.472975     3.1718     0.1509  1.3806980  22.445850    22.4318    38.3880    26.6709     4.3033    187.192 0.0000e+00
     19.922    770.479    22.4555   5.474588     3.1632     0.1375  1.3797314  22.445161    22.4514    38.3836    26.6619     4.2933    186.760 0.0000e+00
     19.892    771.479    22.4600   5.475503     3.1665     0.1459  1.3790192  22.450674    22.4559    38.3869    26.6631     4.3102    187.495 0.0000e+00
     19.900    772.479    22.4573   5.475306     3.1696     0.1398  1.3797823  22.480996    22.4533    38.3876    26.6645     4.3147    187.691 0.0000e+00
     19.983    773.479    22.4520   5.474776     3.1740     0.1413  1.3808506  22.465145    22.4479    38.3881    26.6663     4.3211    187.969 0.0000e+00
     19.669    774.479    22.4880   5.477617     3.1721     0.1405  1.3799858  22.485822    22.4840    38.3789    26.6489     4.3008    187.090 0.0000e+00
     19.205    775.479    22.5590   5.486062     3.1638     0.1515  1.3805454  22.530624    22.5551    38.3832    26.6316     4.2747    185.954 0.0000e+00
     19.010    776.479    22.5716   5.487065     3.1540     0.1557  1.3827839  22.543033    22.5677    38.3801    26.6256     4.2596    185.300 0.0000e+00
     18.929    777.479    22.5795   5.488807     3.1471     0.1474  1.3843610  22.527866    22.5756    38.3869    26.6285     4.2501    184.885 0.0000e+00
     18.460    778.479    22.5808   5.488880     3.1440     0.1558  1.3846154  22.537518    22.5770    38.3865    26.6278     4.2554    185.116 0.0000e+00
     17.869    779.479    22.5835   5.489270     3.1463     0.1584  1.3848189  22.543033    22.5798    38.3874    26.6277     4.2575    185.208 0.0000e+00
     17.609    780.479    22.5854   5.489474     3.1428     0.1495  1.3852768  22.547860    22.5818    38.3875    26.6272     4.2434    184.595 0.0000e+00
     17.325    781.479    22.5855   5.489499     3.1392     0.1519  1.3855820  22.544412    22.5819    38.3877    26.6273     4.2490    184.839 0.0000e+00
     16.802    782.479    22.5876   5.489689     3.1453     0.1552  1.3858873  22.545791    22.5842    38.3875    26.6264     4.2577    185.215 0.0000e+00
     16.195    783.479    22.5910   5.490045     3.1402     0.1366  1.3859890  22.556134    22.5877    38.3875    26.6255     4.2319    184.093 0.0000e+00
     15.802    784.479    22.5909   5.490040     3.1325     0.1373  1.3890415  22.555444    22.5876    38.3878    26.6257     4.2339    184.181 0.0000e+00
     15.465    785.479    22.5940   5.490345     3.1412     0.1412  1.3917888  22.550618    22.5908    38.3875    26.6246     4.2583    185.243 0.0000e+00
     15.010    786.479    22.5946   5.490440     3.1414     0.1386  1.3883801  22.551307    22.5916    38.3879    26.6246     4.2371    184.320 0.0000e+00
     14.346    787.479    22.5958   5.490536     3.1332     0.1444  1.4017603  22.562339    22.5929    38.3878    26.6242     4.2230    183.710 0.0000e+00
     13.944    788.479    22.5984   5.490746     3.1306     0.1455  1.4019129  22.563718    22.5955    38.3874    26.6231     4.2349    184.225 0.0000e+00
     13.705    789.479    22.5998   5.490949     3.1406     0.1448  1.4000814  22.563718    22.5971    38.3878    26.6230     4.2557    185.130 0.0000e+00
     12.940    790.479    22.6046   5.491389     3.1418     0.1432  1.3906186  22.569234    22.6019    38.3873    26.6212     4.2429    184.573 0.0000e+00
     12.235    791.479    22.6084   5.491800     3.1378     0.1432  1.3977920  22.580267    22.6059    38.3875    26.6202     4.2323    184.113 0.0000e+00
     12.164    792.479    22.6075   5.491778     3.1364     0.1474  1.3864978  22.577509    22.6050    38.3881    26.6209     4.2416    184.518 0.0000e+00
     11.749    793.479    22.6115   5.492048     3.1424     0.1493  1.3867013  22.569234    22.6091    38.3869    26.6188     4.2492    184.849 0.0000e+00
     10.918    794.479    22.6286   5.493852     3.1402     0.1429  1.3865486  22.579578    22.6264    38.3863    26.6133     4.2368    184.310 0.0000e+00
     10.476    795.479    22.6332   5.494425     3.1389     0.1327  1.3864978  22.589922    22.6311    38.3870    26.6125     4.2352    184.241 0.0000e+00
     10.131    796.479    22.6360   5.494743     3.1378     0.1336  1.3864469  22.592681    22.6339    38.3871    26.6118     4.2393    184.421 0.0000e+00
      9.607    797.479    22.6412   5.495269     3.1427     0.1386  1.3867521  22.593370    22.6393    38.3869    26.6101     4.2443    184.639 0.0000e+00
      9.112    798.479    22.6472   5.495924     3.1385     0.1240  1.3860908  22.596129    22.6453    38.3870    26.6083     4.2316    184.084 0.0000e+00
      8.672    799.479    22.6541   5.496604     3.1408     0.1274  1.3861416  22.609232    22.6523    38.3864    26.6059     4.2446    184.649 0.0000e+00
      8.283    800.479    22.6580   5.497082     3.1436     0.1333  1.3861416  22.605784    22.6563    38.3868    26.6051     4.2419    184.533 0.0000e+00
      7.797    801.479    22.6619   5.497481     3.1403     0.1385  1.3860908  22.611301    22.6603    38.3868    26.6039     4.2293    183.986 0.0000e+00
      7.436    802.479    22.6687   5.498192     3.1350     0.1348  1.3861925  22.612681    22.6672    38.3865    26.6017     4.2178    183.487 0.0000e+00
      7.257    803.479    22.6727   5.498696     3.1326     0.1303  1.3860908  22.607163    22.6712    38.3870    26.6009     4.2270    183.887 0.0000e+00
      6.974    804.479    22.6759   5.499066     3.1379     0.1333  1.3860399  22.613371    22.6745    38.3872    26.6001     4.2360    184.279 0.0000e+00
      6.476    805.479    22.6834   5.499754     3.1395     0.1254  1.3859381  22.630615    22.6821    38.3862    26.5971     4.2343    184.206 0.0000e+00
      6.036    806.479    22.6920   5.500768     3.1391     0.1181  1.3859890  22.631994    22.6908    38.3867    26.5950     4.2266    183.870 0.0000e+00
      5.758    807.479    22.6964   5.501246     3.1341     0.1264  1.3858364  22.632684    22.6952    38.3868    26.5938     4.2114    183.208 0.0000e+00
      5.627    808.479    22.7031   5.501934     3.1274     0.1306  1.3858873  22.637513    22.7020    38.3863    26.5914     4.2068    183.010 0.0000e+00
      5.752    809.479    22.7002   5.501884     3.1313     0.1181  1.3854803  22.664418    22.6990    38.3885    26.5939     4.2264    183.861 0.0000e+00
      5.570    810.479    22.7034   5.502042     3.1353     0.1157  1.3859381  22.662348    22.7023    38.3869    26.5918     4.2233    183.728 0.0000e+00
      5.410    811.479    22.7131   5.503091     3.1338     0.1192  1.3853785  22.663038    22.7120    38.3868    26.5889     4.2205    183.606 0.0000e+00
      5.609    812.479    22.7117   5.503098     3.1340     0.1233  1.3858364  22.673387    22.7105    38.3880    26.5902     4.2159    183.407 0.0000e+00
      5.730    813.479    22.7092   5.502828     3.1291     0.1207  1.3858873  22.664418    22.7080    38.3880    26.5909     4.2080    183.061 0.0000e+00
      5.585    814.479    22.7099   5.502824     3.1288     0.1361  1.3854294  22.678907    22.7087    38.3874    26.5903     4.2141    183.325 0.0000e+00
      5.526    815.479    22.7168   5.503589     3.1326     0.1318  1.3859890  22.678907    22.7157    38.3873    26.5882     4.2300    184.019 0.0000e+00
      5.706    816.479    22.7143   5.503477     3.1411     0.1234  1.3854803  22.681667    22.7131    38.3886    26.5899     4.2377    184.354 0.0000e+00
      5.712    817.479    22.7160   5.503518     3.1391     0.1239  1.3860399  22.679597    22.7148    38.3875    26.5885     4.2245    183.780 0.0000e+00
      5.483    818.479    22.7204   5.504036     3.1354     0.1223  1.3854803  22.685807    22.7193    38.3878    26.5875     4.2111    183.198 0.0000e+00
      5.501    819.479    22.7223   5.504302     3.1263     0.1245  1.3857346  22.694777    22.7212    38.3881    26.5872     4.1978    182.619 0.0000e+00
      5.806    820.479    22.7183   5.503947     3.1272     0.1290  1.3857346  22.693397    22.7171    38.3888    26.5889     4.2182    183.503 0.0000e+00
      5.690    821.479    22.7188   5.503843     3.1355     0.1268  1.3854294  22.692017    22.7176    38.3876    26.5878     4.2348    184.226 0.0000e+00
      5.460    822.479    22.7233   5.504370     3.1414     0.1273  1.3857855  22.696847    22.7222    38.3878    26.5867     4.2373    184.339 0.0000e+00
      5.591    823.479    22.7227   5.504410     3.1407     0.1281  1.3855820  22.696847    22.7215    38.3886    26.5875     4.2271    183.894 0.0000e+00
      5.725    824.479    22.7219   5.504324     3.1375     0.1317  1.3851750  22.694777    22.7207    38.3886    26.5877     4.2232    183.726 0.0000e+00
