Boussole/Data/archives/Bous222_03.cnv
* Sea-Bird SBE 9 Data File:
* FileName = C:\boussole\202009\Bous222_03.hdr
* Software Version Seasave V 7.23.2
* Temperature SN = 5545
* Conductivity SN = 4097
* Number of Bytes Per Scan = 37
* Number of Voltage Words = 4
* Number of Scans Averaged by the Deck Unit = 1
* NMEA Latitude = 43 21.96 N
* NMEA Longitude = 007 53.62 E
* NMEA UTC (Time) = Sep 12 2020  13:16:43
* NMEA baud rate = 4800
** Navire
** Station:
** Date
** Heure debut [TU]
** Heure fin [TU]
** Heure locale / TU = +0
** Latitude
** Longitude
** Heure meteo [TU]
** T air sec [deg C]
** T mer [deg C]
** Vent [noeuds, degres]
# nquan = 14
# nvalues = 2442                        
# units = specified
# name 0 = prDM: Pressure, Digiquartz [db]
# name 1 = timeS: Time, Elapsed [seconds]
# name 2 = t090C: Temperature [ITS-90, deg C]
# name 3 = c0S/m: Conductivity [S/m]
# name 4 = sbeox0V: Oxygen raw, SBE 43 [V]
# name 5 = flC: Fluorescence, Chelsea Aqua 3 Chl Con [ug/l]
# name 6 = upoly0: Upoly 0, RINKOIII_DO
# name 7 = upoly1: Upoly 1, RINKOIII_Temp
# name 8 = potemp090C: Potential Temperature [ITS-90, deg C]
# name 9 = sal00: Salinity, Practical [PSU]
# name 10 = sigma-é00: Density [sigma-theta, kg/m^3]
# name 11 = sbeox0ML/L: Oxygen, SBE 43 [ml/l], WS = 2
# name 12 = sbox0Mm/Kg: Oxygen, SBE 43 [umol/kg], WS = 2
# name 13 = flag: flag
# span 0 =     -0.285,    405.629       
# span 1 =      0.479,   2441.083       
# span 2 =    13.5603,    24.0535       
# span 3 =   4.524223,   5.655346       
# span 4 =     2.2369,     3.8313       
# span 5 =    -0.0930,     3.9296       
# span 6 =  1.2710623,  1.8221917       
# span 7 =  13.548904,  23.420987       
# span 8 =    13.5007,    24.0534       
# span 9 =    38.2036,    38.6618       
# span 10 =    26.2042,    29.0912      
# span 11 =     3.3398,     6.1584      
# span 12 =    144.942,    267.446      
# span 13 = 0.0000e+00, 0.0000e+00      
# interval = seconds: 1                 
# start_time = Sep 12 2020 13:16:43 [NMEA time, header]
# bad_flag = -9.990e-29
*END*
[from data line 517]
    234.995    517.479    13.7875   4.571213     2.2892     0.0509  1.8071835  13.773858    13.7527    38.6570    29.0700     3.3784    146.618 0.0000e+00
    235.602    518.479    13.7892   4.571527     2.2880     0.0564  1.8071835  13.779326    13.7543    38.6580    29.0705     3.3731    146.385 0.0000e+00
    235.802    519.479    13.7899   4.571642     2.2873     0.0579  1.8070818  13.776592    13.7550    38.6583    29.0706     3.3755    146.490 0.0000e+00
    236.125    520.479    13.7905   4.571761     2.2879     0.0589  1.8071327  13.777959    13.7555    38.6587    29.0708     3.3781    146.603 0.0000e+00
    236.866    521.479    13.7926   4.572146     2.2879     0.0611  1.8073870  13.779326    13.7575    38.6599    29.0713     3.3771    146.560 0.0000e+00
    237.615    522.479    13.7951   4.572581     2.2878     0.0609  1.8074379  13.780009    13.7599    38.6612    29.0717     3.3761    146.517 0.0000e+00
    237.930    523.479    13.7960   4.572718     2.2876     0.0596  1.8071835  13.780693    13.7608    38.6614    29.0717     3.3755    146.489 0.0000e+00
    238.124    524.479    13.7964   4.572795     2.2869     0.0594  1.8072853  13.780009    13.7611    38.6617    29.0719     3.3734    146.402 0.0000e+00
    238.693    525.479    13.7966   4.572865     2.2866     0.0444  1.8073362  13.780693    13.7613    38.6618    29.0719     3.3728    146.375 0.0000e+00
    239.394    526.479    13.7960   4.572807     2.2858     0.0462  1.8073870  13.784793    13.7605    38.6616    29.0719     3.3738    146.419 0.0000e+00
    239.914    527.479    13.7959   4.572828     2.2868     0.0519  1.8073362  13.786843    13.7604    38.6616    29.0720     3.3785    146.619 0.0000e+00
    240.364    528.479    13.7960   4.572868     2.2873     0.0452  1.8075397  13.787527    13.7604    38.6618    29.0721     3.3778    146.589 0.0000e+00
    240.794    529.479    13.7958   4.572871     2.2874     0.0400  1.8072853  13.793677    13.7602    38.6617    29.0721     3.3770    146.554 0.0000e+00
    241.212    530.479    13.7958   4.572884     2.2868     0.0496  1.8074379  13.793677    13.7601    38.6617    29.0721     3.3738    146.416 0.0000e+00
    241.798    531.479    13.7953   4.572849     2.2861     0.0722  1.8073362  13.790260    13.7595    38.6616    29.0722     3.3743    146.438 0.0000e+00
    242.567    532.479    13.7945   4.572768     2.2860     0.0695  1.8075397  13.783426    13.7586    38.6613    29.0722     3.3744    146.442 0.0000e+00
    243.047    533.479    13.7936   4.572675     2.2856     0.0664  1.8076414  13.786160    13.7576    38.6611    29.0722     3.3729    146.376 0.0000e+00
    243.105    534.479    13.7933   4.572647     2.2848     0.0652  1.8076923  13.784110    13.7573    38.6611    29.0722     3.3706    146.278 0.0000e+00
    243.580    535.479    13.7931   4.572645     2.2843     0.0616  1.8078449  13.782743    13.7570    38.6611    29.0723     3.3722    146.347 0.0000e+00
    244.609    536.479    13.7920   4.572536     2.2846     0.0532  1.8079975  13.783426    13.7558    38.6607    29.0723     3.3726    146.365 0.0000e+00
    245.040    537.479    13.7916   4.572514     2.2838     0.0628  1.8080993  13.784110    13.7553    38.6607    29.0724     3.3698    146.244 0.0000e+00
    244.955    538.479    13.7914   4.572493     2.2832     0.0627  1.8077432  13.782060    13.7551    38.6607    29.0724     3.3690    146.209 0.0000e+00
    245.562    539.479    13.7910   4.572474     2.2829     0.0591  1.8079467  13.780009    13.7547    38.6607    29.0725     3.3713    146.308 0.0000e+00
    246.659    540.479    13.7908   4.572501     2.2837     0.0513  1.8079975  13.780693    13.7543    38.6606    29.0725     3.3753    146.483 0.0000e+00
    246.857    541.479    13.7911   4.572536     2.2845     0.0462  1.8082011  13.780009    13.7545    38.6606    29.0725     3.3749    146.465 0.0000e+00
    246.894    542.479    13.7909   4.572514     2.2839     0.0460  1.8080484  13.779326    13.7544    38.6606    29.0725     3.3715    146.316 0.0000e+00
    247.822    543.479    13.7901   4.572443     2.2839     0.0508  1.8082519  13.780009    13.7534    38.6603    29.0725     3.3733    146.397 0.0000e+00
    248.513    544.479    13.7885   4.572277     2.2834     0.0428  1.8081502  13.780009    13.7517    38.6601    29.0727     3.3716    146.320 0.0000e+00
    248.599    545.479    13.7877   4.572162     2.2832     0.0484  1.8080993  13.779326    13.7509    38.6597    29.0726     3.3719    146.337 0.0000e+00
    249.157    546.479    13.7844   4.571802     2.2831     0.0439  1.8084045  13.780693    13.7475    38.6594    29.0730     3.3740    146.427 0.0000e+00
    249.910    547.479    13.7838   4.571779     2.2836     0.0380  1.8085572  13.779326    13.7468    38.6594    29.0732     3.3744    146.442 0.0000e+00
    250.331    548.479    13.7839   4.571793     2.2834     0.0400  1.8083537  13.779326    13.7468    38.6592    29.0731     3.3734    146.402 0.0000e+00
    250.601    549.479    13.7837   4.571777     2.2832     0.0328  1.8082519  13.780009    13.7466    38.6592    29.0731     3.3730    146.384 0.0000e+00
    251.060    550.479    13.7833   4.571764     2.2829     0.0326  1.8084554  13.779326    13.7461    38.6592    29.0732     3.3714    146.311 0.0000e+00
    251.808    551.479    13.7827   4.571720     2.2820     0.0426  1.8086589  13.775909    13.7454    38.6591    29.0733     3.3686    146.190 0.0000e+00
    252.434    552.479    13.7814   4.571577     2.2812     0.0432  1.8085572  13.775225    13.7440    38.6587    29.0733     3.3705    146.274 0.0000e+00
    252.648    553.479    13.7810   4.571532     2.2819     0.0462  1.8085063  13.773175    13.7436    38.6587    29.0733     3.3736    146.407 0.0000e+00
    253.105    554.479    13.7804   4.571482     2.2822     0.0539  1.8087098  13.775225    13.7429    38.6586    29.0734     3.3746    146.452 0.0000e+00
    253.780    555.479    13.7800   4.571458     2.2829     0.0665  1.8088624  13.772491    13.7424    38.6584    29.0734     3.3754    146.488 0.0000e+00
    254.270    556.479    13.7791   4.571367     2.2824     0.0729  1.8085572  13.773858    13.7415    38.6582    29.0734     3.3719    146.333 0.0000e+00
    254.711    557.479    13.7771   4.571138     2.2818     0.0718  1.8085063  13.773175    13.7394    38.6579    29.0736     3.3700    146.251 0.0000e+00
    255.319    558.479    13.7756   4.570981     2.2808     0.0671  1.8089642  13.770441    13.7378    38.6576    29.0738     3.3696    146.236 0.0000e+00
    255.807    559.479    13.7748   4.570903     2.2807     0.0586  1.8086589  13.772491    13.7369    38.6575    29.0739     3.3712    146.307 0.0000e+00
    256.203    560.479    13.7745   4.570877     2.2808     0.0624  1.8089133  13.764973    13.7366    38.6574    29.0738     3.3716    146.323 0.0000e+00
    256.783    561.479    13.7729   4.570697     2.2809     0.0571  1.8089133  13.766340    13.7349    38.6570    29.0739     3.3732    146.391 0.0000e+00
    257.279    562.479    13.7712   4.570533     2.2812     0.0525  1.8092694  13.764290    13.7332    38.6569    29.0742     3.3729    146.376 0.0000e+00
    257.732    563.479    13.7707   4.570462     2.2805     0.0609  1.8093203  13.764290    13.7325    38.6566    29.0741     3.3704    146.270 0.0000e+00
    258.367    564.479    13.7701   4.570420     2.2805     0.0557  1.8093203  13.762240    13.7319    38.6565    29.0742     3.3731    146.386 0.0000e+00
    258.759    565.479    13.7702   4.570458     2.2807     0.0527  1.8089642  13.762923    13.7319    38.6565    29.0742     3.3728    146.373 0.0000e+00
    259.121    566.479    13.7704   4.570484     2.2806     0.0601  1.8093203  13.763606    13.7320    38.6565    29.0741     3.3718    146.331 0.0000e+00
    259.738    567.479    13.7684   4.570245     2.2800     0.0634  1.8092186  13.760872    13.7299    38.6560    29.0742     3.3695    146.229 0.0000e+00
    260.328    568.479    13.7657   4.569951     2.2792     0.0530  1.8094221  13.760873    13.7272    38.6556    29.0745     3.3685    146.186 0.0000e+00
    260.811    569.479    13.7639   4.569751     2.2788     0.0431  1.8096764  13.761556    13.7253    38.6553    29.0746     3.3710    146.297 0.0000e+00
    261.205    570.479    13.7615   4.569455     2.2792     0.0462  1.8094729  13.762923    13.7229    38.6547    29.0747     3.3710    146.296 0.0000e+00
    261.675    571.479    13.7581   4.569044     2.2787     0.0456  1.8093203  13.762923    13.7194    38.6540    29.0749     3.3705    146.273 0.0000e+00
    262.242    572.479    13.7536   4.568516     2.2790     0.0487  1.8099308  13.760189    13.7148    38.6533    29.0753     3.3720    146.337 0.0000e+00
    262.863    573.479    13.7521   4.568364     2.2787     0.0496  1.8098799  13.747202    13.7132    38.6531    29.0755     3.3713    146.309 0.0000e+00
    263.390    574.479    13.7511   4.568266     2.2787     0.0485  1.8103378  13.748569    13.7121    38.6529    29.0756     3.3715    146.317 0.0000e+00
    263.774    575.479    13.7504   4.568191     2.2781     0.0479  1.8101852  13.749253    13.7114    38.6527    29.0756     3.3699    146.248 0.0000e+00
    264.260    576.479    13.7483   4.567943     2.2785     0.0460  1.8100326  13.749936    13.7093    38.6523    29.0757     3.3736    146.406 0.0000e+00
    264.833    577.479    13.7461   4.567712     2.2784     0.0549  1.8100326  13.746519    13.7070    38.6520    29.0760     3.3712    146.304 0.0000e+00
    265.292    578.479    13.7457   4.567676     2.2781     0.0546  1.8102360  13.743785    13.7065    38.6520    29.0761     3.3710    146.295 0.0000e+00
    265.821    579.479    13.7451   4.567627     2.2777     0.0532  1.8101852  13.743101    13.7058    38.6519    29.0762     3.3704    146.269 0.0000e+00
    266.449    580.479    13.7449   4.567632     2.2777     0.0458  1.8105413  13.739000    13.7055    38.6518    29.0762     3.3729    146.376 0.0000e+00
    266.935    581.479    13.7447   4.567623     2.2783     0.0418  1.8106431  13.736949    13.7052    38.6517    29.0762     3.3746    146.452 0.0000e+00
    267.248    582.479    13.7445   4.567618     2.2783     0.0334  1.8104904  13.743101    13.7050    38.6517    29.0762     3.3719    146.335 0.0000e+00
    267.728    583.479    13.7441   4.567598     2.2776     0.0421  1.8106431  13.745152    13.7045    38.6517    29.0763     3.3709    146.292 0.0000e+00
    268.435    584.479    13.7442   4.567647     2.2776     0.0452  1.8108465  13.733532    13.7045    38.6517    29.0763     3.3718    146.330 0.0000e+00
    269.105    585.479    13.7432   4.567538     2.2771     0.0421  1.8109483  13.732165    13.7034    38.6514    29.0763     3.3697    146.238 0.0000e+00
    269.415    586.479    13.7427   4.567485     2.2764     0.0578  1.8106939  13.734899    13.7029    38.6513    29.0764     3.3676    146.148 0.0000e+00
    269.736    587.479    13.7424   4.567465     2.2755     0.0641  1.8107957  13.737633    13.7025    38.6513    29.0764     3.3673    146.136 0.0000e+00
    270.401    588.479    13.7410   4.567323     2.2758     0.0573  1.8110501  13.732165    13.7010    38.6511    29.0766     3.3711    146.298 0.0000e+00
    271.198    589.479    13.7403   4.567281     2.2761     0.0490  1.8114571  13.730798    13.7002    38.6510    29.0767     3.3723    146.351 0.0000e+00
    271.544    590.479    13.7403   4.567292     2.2768     0.0508  1.8113553  13.730798    13.7002    38.6509    29.0767     3.3726    146.365 0.0000e+00
    271.644    591.479    13.7401   4.567285     2.2762     0.0492  1.8113044  13.730798    13.7000    38.6510    29.0767     3.3689    146.203 0.0000e+00
    272.350    592.479    13.7392   4.567180     2.2756     0.0408  1.8114062  13.731481    13.6989    38.6506    29.0767     3.3687    146.195 0.0000e+00
    273.188    593.479    13.7376   4.567041     2.2753     0.0374  1.8116606  13.730798    13.6972    38.6505    29.0769     3.3694    146.225 0.0000e+00
    273.413    594.479    13.7380   4.567098     2.2751     0.0592  1.8116097  13.731481    13.6976    38.6505    29.0769     3.3687    146.195 0.0000e+00
    273.693    595.479    13.7378   4.567094     2.2747     0.0560  1.8115588  13.730114    13.6973    38.6506    29.0770     3.3669    146.119 0.0000e+00
    274.456    596.479    13.7375   4.567106     2.2739     0.0547  1.8118641  13.729430    13.6969    38.6507    29.0771     3.3642    145.999 0.0000e+00
    275.007    597.479    13.7374   4.567122     2.2727     0.0616  1.8117623  13.731481    13.6968    38.6506    29.0772     3.3617    145.893 0.0000e+00
    275.272    598.479    13.7373   4.567131     2.2718     0.0568  1.8117623  13.732165    13.6966    38.6508    29.0773     3.3626    145.929 0.0000e+00
    275.802    599.479    13.7373   4.567173     2.2720     0.0437  1.8119658  13.729430    13.6965    38.6509    29.0774     3.3646    146.018 0.0000e+00
    276.559    600.479    13.7387   4.567440     2.2717     0.0367  1.8119658  13.728063    13.6979    38.6516    29.0777     3.3625    145.924 0.0000e+00
    277.051    601.479    13.7419   4.567890     2.2712     0.0390  1.8121184  13.730114    13.7009    38.6525    29.0777     3.3619    145.900 0.0000e+00
    277.292    602.479    13.7423   4.567945     2.2714     0.0406  1.8121184  13.729430    13.7013    38.6526    29.0777     3.3626    145.929 0.0000e+00
    277.869    603.479    13.7427   4.568038     2.2709     0.0394  1.8122202  13.730798    13.7016    38.6527    29.0777     3.3616    145.888 0.0000e+00
    278.522    604.479    13.7425   4.568046     2.2710     0.0393  1.8122202  13.730114    13.7013    38.6528    29.0778     3.3638    145.982 0.0000e+00
    279.117    605.479    13.7423   4.568050     2.2713     0.0433  1.8122202  13.730114    13.7010    38.6527    29.0778     3.3629    145.943 0.0000e+00
    279.609    606.479    13.7421   4.568060     2.2706     0.0508  1.8124237  13.731481    13.7008    38.6527    29.0779     3.3605    145.840 0.0000e+00
    279.825    607.479    13.7422   4.568105     2.2699     0.0518  1.8126272  13.730798    13.7008    38.6530    29.0781     3.3581    145.736 0.0000e+00
    280.490    608.479    13.7438   4.568365     2.2691     0.0526  1.8127289  13.730114    13.7023    38.6535    29.0782     3.3603    145.832 0.0000e+00
    281.360    609.479    13.7438   4.568393     2.2700     0.0573  1.8128816  13.732165    13.7022    38.6534    29.0782     3.3631    145.952 0.0000e+00
    281.578    610.479    13.7434   4.568352     2.2699     0.0561  1.8130342  13.730798    13.7018    38.6534    29.0782     3.3616    145.886 0.0000e+00
    281.786    611.479    13.7414   4.568104     2.2700     0.0623  1.8127289  13.730798    13.6997    38.6530    29.0783     3.3616    145.885 0.0000e+00
    282.559    612.479    13.7385   4.567802     2.2694     0.0541  1.8131359  13.732165    13.6967    38.6526    29.0787     3.3594    145.793 0.0000e+00
    283.313    613.479    13.7372   4.567699     2.2692     0.0533  1.8130342  13.730114    13.6953    38.6527    29.0790     3.3616    145.885 0.0000e+00
    283.602    614.479    13.7360   4.567548     2.2690     0.0506  1.8130850  13.731481    13.6941    38.6523    29.0790     3.3606    145.843 0.0000e+00
    283.880    615.479    13.7351   4.567463     2.2689     0.0536  1.8132377  13.730798    13.6932    38.6522    29.0791     3.3625    145.924 0.0000e+00
    284.561    616.479    13.7347   4.567434     2.2696     0.0624  1.8132885  13.730114    13.6926    38.6521    29.0792     3.3645    146.011 0.0000e+00
    285.380    617.479    13.7336   4.567345     2.2696     0.0607  1.8137973  13.728063    13.6914    38.6519    29.0793     3.3627    145.933 0.0000e+00
    285.749    618.479    13.7336   4.567338     2.2695     0.0673  1.8134412  13.728063    13.6913    38.6518    29.0792     3.3633    145.961 0.0000e+00
