Boussole/Data/archives/Bous222_02.cnv
* Sea-Bird SBE 9 Data File:
* FileName = C:\boussole\202009\Bous222_02.hdr
* Software Version Seasave V 7.23.2
* Temperature SN = 5545
* Conductivity SN = 4097
* Number of Bytes Per Scan = 37
* Number of Voltage Words = 4
* Number of Scans Averaged by the Deck Unit = 1
* NMEA Latitude = 43 21.97 N
* NMEA Longitude = 007 53.80 E
* NMEA UTC (Time) = Sep 12 2020  12:12:21
* NMEA baud rate = 4800
** Navire
** Station:
** Date
** Heure debut [TU]
** Heure fin [TU]
** Heure locale / TU = +0
** Latitude
** Longitude
** Heure meteo [TU]
** T air sec [deg C]
** T mer [deg C]
** Vent [noeuds, degres]
# nquan = 14
# nvalues = 1024                        
# units = specified
# name 0 = prDM: Pressure, Digiquartz [db]
# name 1 = timeS: Time, Elapsed [seconds]
# name 2 = t090C: Temperature [ITS-90, deg C]
# name 3 = c0S/m: Conductivity [S/m]
# name 4 = sbeox0V: Oxygen raw, SBE 43 [V]
# name 5 = flC: Fluorescence, Chelsea Aqua 3 Chl Con [ug/l]
# name 6 = upoly0: Upoly 0, RINKOIII_DO
# name 7 = upoly1: Upoly 1, RINKOIII_Temp
# name 8 = potemp090C: Potential Temperature [ITS-90, deg C]
# name 9 = sal00: Salinity, Practical [PSU]
# name 10 = sigma-é00: Density [sigma-theta, kg/m^3]
# name 11 = sbeox0ML/L: Oxygen, SBE 43 [ml/l], WS = 2
# name 12 = sbox0Mm/Kg: Oxygen, SBE 43 [umol/kg], WS = 2
# name 13 = flag: flag
# span 0 =     -0.222,    101.456       
# span 1 =      0.479,   1023.042       
# span 2 =    13.6261,    23.1691       
# span 3 =   4.524745,   5.554808       
# span 4 =     2.4809,     3.8450       
# span 5 =    -0.0114,     0.9690       
# span 6 =  1.2595645,  1.7306674       
# span 7 =  13.616617,  23.060228       
# span 8 =    13.6164,    23.1690       
# span 9 =    38.2482,    38.5362       
# span 10 =    26.4585,    28.9897      
# span 11 =     3.7272,     6.1354      
# span 12 =    161.769,    266.461      
# span 13 = 0.0000e+00, 0.0000e+00      
# interval = seconds: 1                 
# start_time = Sep 12 2020 12:12:21 [NMEA time, header]
# bad_flag = -9.990e-29
*END*
[from data line 620]
     50.576    620.479    13.6918   4.527796     2.6091     0.5342  1.6817257  13.680209    13.6844    38.4238    28.9040     3.9707    172.350 0.0000e+00
     50.673    621.479    13.6910   4.527739     2.6082     0.5313  1.6817766  13.680893    13.6836    38.4240    28.9043     3.9659    172.144 0.0000e+00
     50.740    622.479    13.6908   4.527716     2.6067     0.5501  1.6813187  13.680893    13.6834    38.4240    28.9044     3.9631    172.021 0.0000e+00
     50.733    623.479    13.6906   4.527693     2.6060     0.5497  1.6813696  13.680893    13.6832    38.4240    28.9044     3.9622    171.982 0.0000e+00
     50.754    624.479    13.6903   4.527672     2.6044     0.5462  1.6816748  13.680893    13.6829    38.4240    28.9045     3.9579    171.792 0.0000e+00
     50.743    625.479    13.6902   4.527658     2.6038     0.5466  1.6819292  13.680209    13.6828    38.4240    28.9045     3.9598    171.878 0.0000e+00
     50.770    626.479    13.6901   4.527657     2.6036     0.5478  1.6819292  13.680893    13.6827    38.4240    28.9046     3.9628    172.006 0.0000e+00
     50.727    627.479    13.6900   4.527654     2.6055     0.5368  1.6820818  13.680893    13.6826    38.4242    28.9047     3.9698    172.308 0.0000e+00
     50.607    628.479    13.6904   4.527678     2.6066     0.5287  1.6823871  13.680893    13.6830    38.4241    28.9045     3.9658    172.137 0.0000e+00
     50.784    629.479    13.6900   4.527660     2.6055     0.5244  1.6824379  13.680209    13.6826    38.4242    28.9047     3.9622    171.980 0.0000e+00
     50.888    630.479    13.6898   4.527648     2.6054     0.5246  1.6825397  13.680893    13.6824    38.4242    28.9048     3.9642    172.069 0.0000e+00
     50.677    631.479    13.6900   4.527662     2.6055     0.5300  1.6819801  13.679526    13.6826    38.4243    28.9047     3.9650    172.104 0.0000e+00
     50.591    632.479    13.6906   4.527697     2.6058     0.5354  1.6826923  13.680893    13.6832    38.4241    28.9045     3.9650    172.101 0.0000e+00
     50.809    633.479    13.6901   4.527673     2.6056     0.5515  1.6821836  13.680209    13.6827    38.4243    28.9048     3.9639    172.055 0.0000e+00
     50.909    634.479    13.6897   4.527648     2.6059     0.5443  1.6825397  13.680893    13.6823    38.4244    28.9049     3.9686    172.258 0.0000e+00
     50.623    635.479    13.6902   4.527684     2.6071     0.5387  1.6824379  13.680893    13.6828    38.4243    28.9047     3.9683    172.247 0.0000e+00
     50.654    636.479    13.6905   4.527697     2.6067     0.5378  1.6821836  13.680209    13.6831    38.4241    28.9045     3.9634    172.034 0.0000e+00
     50.887    637.479    13.6901   4.527678     2.6050     0.5441  1.6826414  13.680893    13.6827    38.4243    28.9047     3.9625    171.992 0.0000e+00
     50.823    638.479    13.6895   4.527611     2.6063     0.5332  1.6826414  13.681577    13.6821    38.4243    28.9049     3.9679    172.229 0.0000e+00
     50.579    639.479    13.6903   4.527684     2.6059     0.5308  1.6825397  13.680893    13.6829    38.4242    28.9047     3.9640    172.060 0.0000e+00
     50.647    640.479    13.6903   4.527673     2.6059     0.5365  1.6823871  13.680893    13.6829    38.4241    28.9046     3.9650    172.103 0.0000e+00
     50.945    641.479    13.6890   4.527594     2.6054     0.5471  1.6825397  13.681577    13.6816    38.4246    28.9052     3.9603    171.899 0.0000e+00
     50.789    642.479    13.6893   4.527611     2.6039     0.5372  1.6824379  13.680893    13.6819    38.4245    28.9050     3.9584    171.815 0.0000e+00
     50.712    643.479    13.6903   4.527679     2.6034     0.5290  1.6824379  13.680893    13.6829    38.4241    28.9046     3.9598    171.877 0.0000e+00
     50.768    644.479    13.6896   4.527615     2.6042     0.5259  1.6826923  13.680893    13.6822    38.4242    28.9048     3.9648    172.095 0.0000e+00
     50.597    645.479    13.6898   4.527620     2.6049     0.5395  1.6827432  13.678158    13.6824    38.4241    28.9047     3.9633    172.028 0.0000e+00
     50.769    646.479    13.6893   4.527588     2.6048     0.5444  1.6828958  13.679526    13.6819    38.4242    28.9049     3.9632    172.023 0.0000e+00
     51.022    647.479    13.6860   4.527339     2.6050     0.5321  1.6829976  13.678842    13.6785    38.4251    28.9062     3.9650    172.103 0.0000e+00
     50.609    648.479    13.6893   4.527606     2.6058     0.5364  1.6828450  13.676791    13.6819    38.4245    28.9050     3.9667    172.177 0.0000e+00
     50.475    649.479    13.6905   4.527679     2.6057     0.5393  1.6828450  13.680209    13.6831    38.4241    28.9045     3.9622    171.982 0.0000e+00
     50.972    650.479    13.6866   4.527374     2.6047     0.5417  1.6834046  13.677474    13.6791    38.4249    28.9060     3.9598    171.876 0.0000e+00
     50.818    651.479    13.6884   4.527537     2.6036     0.5271  1.6835063  13.676107    13.6810    38.4247    28.9054     3.9578    171.788 0.0000e+00
     50.557    652.479    13.6905   4.527680     2.6030     0.5292  1.6831502  13.678158    13.6831    38.4240    28.9045     3.9595    171.863 0.0000e+00
     50.859    653.479    13.6885   4.527523     2.6038     0.5245  1.6833028  13.678842    13.6811    38.4244    28.9052     3.9638    172.051 0.0000e+00
     50.850    654.479    13.6882   4.527523     2.6049     0.5299  1.6833028  13.677474    13.6808    38.4247    28.9055     3.9662    172.153 0.0000e+00
     50.532    655.479    13.6897   4.527623     2.6052     0.5266  1.6832520  13.679526    13.6823    38.4243    28.9048     3.9613    171.944 0.0000e+00
     50.545    656.479    13.6902   4.527659     2.6038     0.5308  1.6830993  13.678158    13.6828    38.4242    28.9047     3.9559    171.707 0.0000e+00
     50.901    657.479    13.6871   4.527409     2.6023     0.5218  1.6827432  13.678158    13.6797    38.4247    28.9057     3.9560    171.714 0.0000e+00
     50.926    658.479    13.6859   4.527328     2.6021     0.5294  1.6828449  13.680209    13.6785    38.4251    28.9063     3.9567    171.743 0.0000e+00
     50.617    659.479    13.6887   4.527548     2.6021     0.5314  1.6835063  13.679526    13.6813    38.4245    28.9052     3.9576    171.782 0.0000e+00
     50.514    660.479    13.6902   4.527654     2.6021     0.5248  1.6831502  13.680209    13.6828    38.4241    28.9046     3.9557    171.701 0.0000e+00
     50.743    661.479    13.6889   4.527563     2.6012     0.5294  1.6829976  13.678842    13.6815    38.4244    28.9051     3.9541    171.627 0.0000e+00
     50.901    662.479    13.6863   4.527356     2.6014     0.5294  1.6829976  13.680893    13.6789    38.4250    28.9061     3.9576    171.780 0.0000e+00
     50.759    663.479    13.6864   4.527356     2.6020     0.5328  1.6829467  13.680209    13.6790    38.4249    28.9060     3.9595    171.862 0.0000e+00
     50.459    664.479    13.6890   4.527571     2.6024     0.5297  1.6830485  13.680893    13.6816    38.4246    28.9052     3.9568    171.746 0.0000e+00
     50.598    665.479    13.6893   4.527583     2.6015     0.5195  1.6829467  13.679526    13.6819    38.4243    28.9050     3.9540    171.624 0.0000e+00
     50.954    666.479    13.6852   4.527245     2.6016     0.5199  1.6832520  13.678158    13.6778    38.4251    28.9064     3.9598    171.876 0.0000e+00
     50.780    667.479    13.6865   4.527370     2.6026     0.5250  1.6835572  13.679526    13.6791    38.4250    28.9061     3.9600    171.886 0.0000e+00
     50.492    668.479    13.6891   4.527576     2.6031     0.5211  1.6834555  13.678842    13.6817    38.4245    28.9051     3.9616    171.953 0.0000e+00
     50.537    669.479    13.6895   4.527594     2.6036     0.5340  1.6835063  13.680209    13.6821    38.4242    28.9048     3.9606    171.910 0.0000e+00
     50.846    670.479    13.6879   4.527489     2.6037     0.5358  1.6835063  13.680209    13.6805    38.4247    28.9055     3.9627    172.003 0.0000e+00
     50.891    671.479    13.6869   4.527393     2.6045     0.5230  1.6833537  13.678842    13.6795    38.4247    28.9058     3.9635    172.039 0.0000e+00
     50.566    672.479    13.6883   4.527523     2.6043     0.5224  1.6835572  13.677474    13.6809    38.4247    28.9055     3.9594    171.858 0.0000e+00
     50.461    673.479    13.6899   4.527627     2.6034     0.5208  1.6830485  13.678842    13.6825    38.4242    28.9047     3.9577    171.786 0.0000e+00
     50.764    674.479    13.6885   4.527533     2.6025     0.5264  1.6830485  13.677474    13.6811    38.4245    28.9053     3.9557    171.699 0.0000e+00
     50.889    675.479    13.6875   4.527452     2.6020     0.5187  1.6833537  13.678158    13.6801    38.4247    28.9057     3.9578    171.791 0.0000e+00
     50.592    676.479    13.6885   4.527537     2.6029     0.5258  1.6832011  13.678158    13.6811    38.4246    28.9053     3.9618    171.962 0.0000e+00
     50.381    677.479    13.6898   4.527626     2.6031     0.5282  1.6832011  13.678842    13.6824    38.4243    28.9049     3.9570    171.757 0.0000e+00
     50.804    678.479    13.6875   4.527436     2.6024     0.5376  1.6834555  13.676107    13.6801    38.4246    28.9056     3.9588    171.833 0.0000e+00
     51.103    679.479    13.6852   4.527286     2.6030     0.5267  1.6838625  13.675423    13.6777    38.4253    28.9066     3.9616    171.955 0.0000e+00
     50.466    680.479    13.6895   4.527603     2.6038     0.5177  1.6837607  13.678158    13.6821    38.4244    28.9050     3.9618    171.965 0.0000e+00
     49.999    681.479    13.6910   4.527715     2.6038     0.5249  1.6831502  13.678842    13.6837    38.4241    28.9044     3.9615    171.951 0.0000e+00
     50.552    682.479    13.6885   4.527526     2.6044     0.5369  1.6835572  13.674740    13.6812    38.4245    28.9053     3.9636    172.041 0.0000e+00
     50.637    683.479    13.6891   4.527580     2.6050     0.5338  1.6839642  13.676791    13.6817    38.4245    28.9051     3.9660    172.146 0.0000e+00
     50.079    684.479    13.6908   4.527703     2.6058     0.5391  1.6838625  13.678158    13.6835    38.4241    28.9044     3.9655    172.125 0.0000e+00
     49.907    685.479    13.6919   4.527780     2.6060     0.5477  1.6834046  13.678158    13.6846    38.4238    28.9040     3.9666    172.171 0.0000e+00
     50.014    686.479    13.6916   4.527752     2.6068     0.5418  1.6833028  13.680209    13.6843    38.4239    28.9041     3.9705    172.339 0.0000e+00
     49.826    687.479    13.6924   4.527815     2.6084     0.5317  1.6829976  13.680893    13.6851    38.4237    28.9038     3.9735    172.473 0.0000e+00
     49.644    688.479    13.6943   4.527950     2.6096     0.5372  1.6825906  13.681577    13.6870    38.4232    28.9030     3.9772    172.631 0.0000e+00
     49.497    689.479    13.6962   4.528113     2.6121     0.5453  1.6824888  13.681577    13.6890    38.4229    28.9023     3.9889    173.139 0.0000e+00
     49.232    690.479    13.6991   4.528352     2.6172     0.5593  1.6815222  13.681577    13.6919    38.4223    28.9012     4.0005    173.645 0.0000e+00
     49.201    691.479    13.7022   4.528591     2.6205     0.5652  1.6813696  13.682944    13.6950    38.4216    28.9000     4.0017    173.698 0.0000e+00
     49.088    692.479    13.7037   4.528735     2.6231     0.5717  1.6797416  13.690464    13.6965    38.4214    28.8996     4.0078    173.961 0.0000e+00
     48.854    693.479    13.7068   4.529002     2.6263     0.5817  1.6784188  13.693199    13.6997    38.4210    28.8985     4.0105    174.079 0.0000e+00
     48.894    694.479    13.7082   4.529119     2.6267     0.5853  1.6770961  13.695934    13.7010    38.4207    28.8981     4.0075    173.946 0.0000e+00
     49.113    695.479    13.7059   4.528920     2.6276     0.5868  1.6756207  13.697301    13.6987    38.4210    28.8988     4.0104    174.075 0.0000e+00
     49.036    696.479    13.7064   4.528977     2.6288     0.5887  1.6739927  13.696617    13.6992    38.4211    28.8987     4.0168    174.350 0.0000e+00
     48.874    697.479    13.7095   4.529217     2.6316     0.6031  1.6731787  13.697301    13.7023    38.4203    28.8975     4.0241    174.668 0.0000e+00
     48.701    698.479    13.7110   4.529353     2.6345     0.6074  1.6728734  13.697985    13.7039    38.4201    28.8970     4.0305    174.946 0.0000e+00
     48.646    699.479    13.7126   4.529493     2.6378     0.6276  1.6719068  13.697301    13.7055    38.4199    28.8965     4.0390    175.317 0.0000e+00
     48.379    700.479    13.7149   4.529700     2.6414     0.6421  1.6714490  13.698668    13.7078    38.4197    28.8958     4.0450    175.578 0.0000e+00
     47.962    701.479    13.7167   4.529847     2.6446     0.6564  1.6703806  13.702086    13.7097    38.4195    28.8952     4.0550    176.008 0.0000e+00
     47.720    702.479    13.7233   4.530476     2.6507     0.6623  1.6691596  13.701403    13.7163    38.4190    28.8934     4.0780    177.010 0.0000e+00
     47.673    703.479    13.7289   4.530907     2.6610     0.6651  1.6675825  13.711657    13.7219    38.4174    28.8910     4.1127    178.517 0.0000e+00
     47.452    704.479    13.7362   4.531701     2.6754     0.6733  1.6647334  13.714392    13.7293    38.4177    28.8897     4.1473    180.017 0.0000e+00
     46.971    705.479    13.7539   4.533278     2.6902     0.7067  1.6609178  13.726696    13.7470    38.4152    28.8839     4.1766    181.290 0.0000e+00
     46.599    706.479    13.7605   4.534005     2.7037     0.7386  1.6557794  13.730114    13.7537    38.4156    28.8828     4.1923    181.972 0.0000e+00
     46.592    707.479    13.7703   4.534679     2.7140     0.7706  1.6515059  13.739000    13.7635    38.4122    28.8781     4.2199    183.170 0.0000e+00
     46.523    708.479    13.7645   4.534367     2.7305     0.8019  1.6464692  13.744468    13.7577    38.4151    28.8816     4.2638    185.076 0.0000e+00
     46.085    709.479    13.7935   4.537311     2.7469     0.8300  1.6419922  13.762239    13.7867    38.4142    28.8746     4.2972    186.528 0.0000e+00
     45.625    710.479    13.7988   4.537782     2.7656     0.8657  1.6340048  13.772491    13.7921    38.4135    28.8729     4.3384    188.318 0.0000e+00
     45.543    711.479    13.8183   4.539511     2.7837     0.8879  1.6275946  13.773175    13.8116    38.4104    28.8663     4.3659    189.513 0.0000e+00
     45.396    712.479    13.8250   4.540377     2.7975     0.9135  1.6230158  13.776592    13.8183    38.4120    28.8661     4.3833    190.266 0.0000e+00
     45.173    713.479    13.8321   4.540746     2.8100     0.8998  1.6200651  13.790943    13.8254    38.4085    28.8619     4.4071    191.300 0.0000e+00
     44.900    714.479    13.8409   4.542001     2.8215     0.8875  1.6154863  13.808711    13.8343    38.4117    28.8624     4.4211    191.909 0.0000e+00
     44.446    715.479    13.8438   4.542086     2.8302     0.8577  1.6089743  13.805294    13.8373    38.4097    28.8603     4.4359    192.548 0.0000e+00
     44.318    716.479    13.8465   4.542399     2.8384     0.8194  1.6064815  13.798460    13.8400    38.4100    28.8599     4.4469    193.030 0.0000e+00
     44.510    717.479    13.8480   4.542549     2.8449     0.7993  1.6028185  13.821694    13.8414    38.4099    28.8595     4.4591    193.559 0.0000e+00
     44.324    718.479    13.8525   4.543046     2.8515     0.7796  1.5983415  13.818961    13.8460    38.4102    28.8588     4.4681    193.950 0.0000e+00
     44.266    719.479    13.8580   4.543505     2.8552     0.7791  1.5963573  13.825111    13.8515    38.4090    28.8567     4.4655    193.834 0.0000e+00
     44.330    720.479    13.8584   4.543546     2.8563     0.7827  1.5938136  13.831260    13.8519    38.4090    28.8565     4.4665    193.877 0.0000e+00
     44.451    721.479    13.8574   4.543460     2.8586     0.7811  1.5904050  13.833993    13.8509    38.4092    28.8569     4.4715    194.095 0.0000e+00
