Boussole/Data/archives/Bous222_03.cnv
* Sea-Bird SBE 9 Data File:
* FileName = C:\boussole\202009\Bous222_03.hdr
* Software Version Seasave V 7.23.2
* Temperature SN = 5545
* Conductivity SN = 4097
* Number of Bytes Per Scan = 37
* Number of Voltage Words = 4
* Number of Scans Averaged by the Deck Unit = 1
* NMEA Latitude = 43 21.96 N
* NMEA Longitude = 007 53.62 E
* NMEA UTC (Time) = Sep 12 2020  13:16:43
* NMEA baud rate = 4800
** Navire
** Station:
** Date
** Heure debut [TU]
** Heure fin [TU]
** Heure locale / TU = +0
** Latitude
** Longitude
** Heure meteo [TU]
** T air sec [deg C]
** T mer [deg C]
** Vent [noeuds, degres]
# nquan = 14
# nvalues = 2442                        
# units = specified
# name 0 = prDM: Pressure, Digiquartz [db]
# name 1 = timeS: Time, Elapsed [seconds]
# name 2 = t090C: Temperature [ITS-90, deg C]
# name 3 = c0S/m: Conductivity [S/m]
# name 4 = sbeox0V: Oxygen raw, SBE 43 [V]
# name 5 = flC: Fluorescence, Chelsea Aqua 3 Chl Con [ug/l]
# name 6 = upoly0: Upoly 0, RINKOIII_DO
# name 7 = upoly1: Upoly 1, RINKOIII_Temp
# name 8 = potemp090C: Potential Temperature [ITS-90, deg C]
# name 9 = sal00: Salinity, Practical [PSU]
# name 10 = sigma-é00: Density [sigma-theta, kg/m^3]
# name 11 = sbeox0ML/L: Oxygen, SBE 43 [ml/l], WS = 2
# name 12 = sbox0Mm/Kg: Oxygen, SBE 43 [umol/kg], WS = 2
# name 13 = flag: flag
# span 0 =     -0.285,    405.629       
# span 1 =      0.479,   2441.083       
# span 2 =    13.5603,    24.0535       
# span 3 =   4.524223,   5.655346       
# span 4 =     2.2369,     3.8313       
# span 5 =    -0.0930,     3.9296       
# span 6 =  1.2710623,  1.8221917       
# span 7 =  13.548904,  23.420987       
# span 8 =    13.5007,    24.0534       
# span 9 =    38.2036,    38.6618       
# span 10 =    26.2042,    29.0912      
# span 11 =     3.3398,     6.1584      
# span 12 =    144.942,    267.446      
# span 13 = 0.0000e+00, 0.0000e+00      
# interval = seconds: 1                 
# start_time = Sep 12 2020 13:16:43 [NMEA time, header]
# bad_flag = -9.990e-29
*END*
      2.536      0.479    23.1452   5.552127     3.2272     0.1199  1.3736773  23.185461    23.1447    38.3931    26.4672     4.3452    189.051 0.0000e+00
      2.616      1.479    23.1358   5.550887     3.2275     0.1336  1.3735246  23.189614    23.1352    38.3916    26.4688     4.3445    189.023 0.0000e+00
      2.700      2.479    23.1189   5.549170     3.2247     0.1065  1.3734229  23.189614    23.1183    38.3929    26.4747     4.3396    188.807 0.0000e+00
      2.577      3.479    23.1376   5.551331     3.2235     0.1277  1.3735247  23.179232    23.1371    38.3935    26.4697     4.3367    188.682 0.0000e+00
      2.573      4.479    23.1294   5.550156     3.2210     0.0982  1.3735755  23.178540    23.1289    38.3915    26.4706     4.3332    188.529 0.0000e+00
      2.559      5.479    23.1284   5.550274     3.2207     0.1021  1.3736264  23.182693    23.1279    38.3933    26.4723     4.3374    188.712 0.0000e+00
      2.540      6.479    23.1360   5.550993     3.2238     0.1089  1.3730668  23.202075    23.1355    38.3923    26.4693     4.3453    189.059 0.0000e+00
      2.697      7.479    23.1216   5.549327     3.2258     0.1326  1.3732703  23.188230    23.1210    38.3918    26.4731     4.3457    189.073 0.0000e+00
      2.658      8.479    23.1404   5.552037     3.2258     0.1113  1.3736773  23.188230    23.1398    38.3965    26.4712     4.3419    188.909 0.0000e+00
      2.520      9.479    23.1491   5.554807     3.2239     0.1482  1.3735246  23.192383    23.1486    38.4106    26.4793     4.3354    188.626 0.0000e+00
      2.542     10.479    23.2280   5.561754     3.2219     0.1734  1.3732703  23.193075    23.2275    38.3958    26.4448     4.3270    188.266 0.0000e+00
      2.631     11.479    23.1392   5.550928     3.2211     0.1692  1.3738808  23.186154    23.1387    38.3889    26.4657     4.3358    188.644 0.0000e+00
      2.697     12.479    23.1212   5.549350     3.2228     0.0782  1.3736773  23.175771    23.1206    38.3923    26.4736     4.3440    189.001 0.0000e+00
      2.611     13.479    23.1145   5.548679     3.2257     0.1046  1.3735755  23.178540    23.1139    38.3930    26.4761     4.3480    189.174 0.0000e+00
      2.512     14.479    23.1208   5.549393     3.2263     0.1294  1.3734738  23.197921    23.1203    38.3931    26.4744     4.3460    189.087 0.0000e+00
      2.594     15.479    23.1100   5.547993     3.2266     0.1395  1.3737282  23.193768    23.1095    38.3916    26.4763     4.3461    189.089 0.0000e+00
      2.702     16.479    23.0866   5.545228     3.2259     0.1479  1.3737790  23.170926    23.0860    38.3905    26.4824     4.3473    189.141 0.0000e+00
      2.688     17.479    23.0741   5.543993     3.2256     0.1465  1.3735755  23.164006    23.0735    38.3917    26.4870     4.3479    189.167 0.0000e+00
      2.505     18.479    23.0868   5.545736     3.2259     0.1351  1.3737281  23.173695    23.0863    38.3943    26.4853     4.3480    189.171 0.0000e+00
      2.494     19.479    23.0924   5.546483     3.2260     0.0843  1.3733212  23.193075    23.0919    38.3953    26.4843     4.3477    189.157 0.0000e+00
      2.754     20.479    23.0709   5.543332     3.2272     0.0441  1.3735755  23.180616    23.0703    38.3894    26.4862     4.3521    189.350 0.0000e+00
      2.736     21.479    23.0805   5.544859     3.2264     0.0826  1.3735247  23.179232    23.0799    38.3929    26.4860     4.3478    189.160 0.0000e+00
      2.450     22.479    23.1216   5.550658     3.2263     0.0881  1.3733720  23.200690    23.1211    38.4023    26.4810     4.3443    189.010 0.0000e+00
      2.481     23.479    23.0949   5.546247     3.2251     0.1139  1.3730159  23.211766    23.0944    38.3912    26.4805     4.3450    189.040 0.0000e+00
      2.728     24.479    23.0696   5.543287     3.2254     0.1291  1.3733720  23.206920    23.0690    38.3902    26.4871     4.3438    188.989 0.0000e+00
      2.685     25.479    23.0752   5.544413     3.2202     0.1150  1.3731176  23.204151    23.0746    38.3940    26.4884     4.3346    188.589 0.0000e+00
      2.520     26.479    23.1480   5.553025     3.2213     0.1201  1.3731685  23.213151    23.1475    38.3976    26.4698     4.3407    188.858 0.0000e+00
      2.540     27.479    23.1168   5.547853     3.2268     0.1327  1.3730668  23.223536    23.1163    38.3846    26.4690     4.3548    189.468 0.0000e+00
      2.615     28.479    23.0788   5.544655     3.2297     0.1295  1.3735755  23.199306    23.0783    38.3928    26.4864     4.3534    189.406 0.0000e+00
      2.668     29.479    23.0859   5.545491     3.2254     0.1398  1.3734738  23.192383    23.0854    38.3931    26.4845     4.3389    188.777 0.0000e+00
      2.549     30.479    23.0999   5.546990     3.2223     0.1304  1.3737790  23.195844    23.0994    38.3926    26.4801     4.3401    188.828 0.0000e+00
      2.559     31.479    23.0802   5.544431     3.2241     0.1248  1.3730159  23.196537    23.0797    38.3899    26.4838     4.3480    189.173 0.0000e+00
      2.632     32.479    23.0632   5.542653     3.2258     0.1483  1.3744913  23.155009    23.0627    38.3908    26.4895     4.3513    189.313 0.0000e+00
      2.580     33.479    23.0533   5.541561     3.2271     0.1756  1.3740334  23.150857    23.0528    38.3910    26.4926     4.3553    189.486 0.0000e+00
      2.648     34.479    23.0478   5.541137     3.2289     0.1241  1.3738299  23.157777    23.0473    38.3924    26.4952     4.3568    189.553 0.0000e+00
      2.592     35.479    23.0454   5.540753     3.2288     0.0797  1.3743386  23.158469    23.0449    38.3915    26.4953     4.3538    189.422 0.0000e+00
      2.551     36.479    23.0441   5.540651     3.2266     0.0923  1.3741351  23.150857    23.0436    38.3919    26.4960     4.3499    189.254 0.0000e+00
      2.640     37.479    23.0395   5.540160     3.2271     0.1156  1.3745421  23.142552    23.0390    38.3921    26.4974     4.3552    189.484 0.0000e+00
      2.613     38.479    23.0351   5.539713     3.2280     0.1054  1.3748983  23.127329    23.0346    38.3924    26.4989     4.3523    189.355 0.0000e+00
      2.610     39.479    23.0350   5.539539     3.2240     0.1231  1.3744913  23.125945    23.0345    38.3912    26.4980     4.3449    189.036 0.0000e+00
      2.654     40.479    23.0307   5.539181     3.2243     0.1702  1.3749492  23.116259    23.0301    38.3921    26.5001     4.3514    189.316 0.0000e+00
      2.589     41.479    23.0327   5.539418     3.2265     0.1634  1.3747965  23.119718    23.0322    38.3922    26.4995     4.3541    189.435 0.0000e+00
      2.554     42.479    23.0355   5.539648     3.2255     0.1332  1.3746948  23.119718    23.0349    38.3916    26.4983     4.3489    189.207 0.0000e+00
      2.621     43.479    23.0310   5.539227     3.2243     0.1134  1.3752035  23.092045    23.0305    38.3923    26.5000     4.3459    189.080 0.0000e+00
      2.664     44.479    23.0267   5.538754     3.2215     0.1224  1.3755088  23.078903    23.0262    38.3922    26.5013     4.3406    188.846 0.0000e+00
      2.580     45.479    23.0318   5.539343     3.2200     0.1357  1.3754070  23.071294    23.0313    38.3924    26.5000     4.3439    188.992 0.0000e+00
      2.579     46.479    23.0313   5.539215     3.2242     0.1310  1.3754579  23.062303    23.0308    38.3919    26.4997     4.3552    189.482 0.0000e+00
      2.588     47.479    23.0298   5.539126     3.2265     0.1514  1.3757632  23.063686    23.0293    38.3925    26.5006     4.3551    189.475 0.0000e+00
      2.591     48.479    23.0312   5.539262     3.2277     0.1778  1.3760175  23.061611    23.0307    38.3924    26.5001     4.3580    189.602 0.0000e+00
      2.578     49.479    23.0332   5.539539     3.2297     0.1560  1.3758140  23.061611    23.0327    38.3927    26.4998     4.3591    189.651 0.0000e+00
      2.613     50.479    23.0297   5.539082     3.2283     0.1504  1.3754579  23.060228    23.0292    38.3922    26.5004     4.3520    189.341 0.0000e+00
      2.575     51.479    23.0336   5.539599     3.2260     0.1374  1.3755088  23.060228    23.0331    38.3928    26.4997     4.3476    189.151 0.0000e+00
      2.595     52.479    23.0328   5.539416     3.2225     0.1295  1.3753562  23.059536    23.0323    38.3921    26.4994     4.3414    188.882 0.0000e+00
      2.636     53.479    23.0316   5.539310     3.2213     0.1489  1.3757632  23.060228    23.0311    38.3924    26.5000     4.3441    189.000 0.0000e+00
      2.554     54.479    23.0372   5.540055     3.2224     0.1470  1.3753053  23.059536    23.0367    38.3933    26.4990     4.3488    189.204 0.0000e+00
      2.550     55.479    23.0381   5.540044     3.2252     0.1275  1.3757632  23.060228    23.0376    38.3924    26.4980     4.3542    189.441 0.0000e+00
      2.684     56.479    23.0298   5.539132     3.2275     0.1077  1.3758649  23.059536    23.0292    38.3925    26.5006     4.3569    189.558 0.0000e+00
      2.588     57.479    23.0376   5.540028     3.2274     0.1165  1.3757123  23.059536    23.0370    38.3927    26.4985     4.3529    189.382 0.0000e+00
      2.506     58.479    23.0375   5.539982     3.2269     0.0849  1.3755088  23.059536    23.0370    38.3924    26.4983     4.3514    189.316 0.0000e+00
      2.770     59.479    23.0217   5.538095     3.2255     0.1158  1.3759158  23.056770    23.0211    38.3915    26.5022     4.3505    189.276 0.0000e+00
      2.965     60.479    22.9969   5.535280     3.2241     0.1363  1.3756105  23.058844    22.9963    38.3911    26.5092     4.3476    189.149 0.0000e+00
      2.883     61.479    22.9962   5.535414     3.2225     0.1150  1.3757123  23.059536    22.9956    38.3928    26.5106     4.3508    189.288 0.0000e+00
      3.033     62.479    22.9857   5.534084     3.2250     0.0944  1.3753053  23.058844    22.9850    38.3916    26.5128     4.3574    189.576 0.0000e+00
      3.570     63.479    22.9641   5.531596     3.2264     0.1486  1.3757632  23.043630    22.9634    38.3908    26.5186     4.3574    189.576 0.0000e+00
      3.917     64.479    22.9474   5.529765     3.2235     0.1702  1.3762210  23.033257    22.9466    38.3910    26.5237     4.3505    189.273 0.0000e+00
      4.109     65.479    22.9367   5.528694     3.2219     0.1423  1.3763228  23.021502    22.9358    38.3919    26.5275     4.3528    189.373 0.0000e+00
      4.578     66.479    22.9243   5.527238     3.2226     0.1106  1.3765771  23.022193    22.9233    38.3912    26.5306     4.3552    189.479 0.0000e+00
      5.334     67.479    22.8981   5.524192     3.2213     0.1340  1.3778490  22.964122    22.8970    38.3900    26.5374     4.3543    189.436 0.0000e+00
      5.917     68.479    22.8627   5.520351     3.2219     0.1351  1.3775438  22.937167    22.8615    38.3907    26.5483     4.3641    189.859 0.0000e+00
      6.337     69.479    22.8507   5.518981     3.2254     0.1342  1.3773911  22.948225    22.8493    38.3904    26.5516     4.3699    190.110 0.0000e+00
      6.941     70.479    22.8239   5.515907     3.2248     0.1431  1.3776964  22.938550    22.8225    38.3895    26.5588     4.3683    190.039 0.0000e+00
      7.477     71.479    22.8019   5.513580     3.2255     0.1382  1.3774420  22.945460    22.8004    38.3904    26.5658     4.3727    190.232 0.0000e+00
      7.930     72.479    22.7964   5.513037     3.2253     0.1267  1.3781543  22.915746    22.7948    38.3908    26.5678     4.3701    190.117 0.0000e+00
      8.416     73.479    22.7850   5.511771     3.2238     0.1239  1.3784086  22.893634    22.7833    38.3907    26.5711     4.3697    190.098 0.0000e+00
      8.937     74.479    22.7746   5.510661     3.2240     0.1253  1.3784086  22.885344    22.7728    38.3909    26.5743     4.3715    190.176 0.0000e+00
      9.398     75.479    22.7679   5.509954     3.2225     0.1374  1.3788156  22.872909    22.7659    38.3911    26.5765     4.3656    189.919 0.0000e+00
      9.677     76.479    22.7665   5.509828     3.2190     0.1440  1.3783069  22.867383    22.7645    38.3912    26.5770     4.3611    189.723 0.0000e+00
     10.130     77.479    22.7559   5.508579     3.2184     0.1465  1.3788157  22.841134    22.7538    38.3906    26.5796     4.3654    189.908 0.0000e+00
     10.899     78.479    22.7398   5.506911     3.2200     0.1447  1.3800875  22.785200    22.7376    38.3913    26.5848     4.3709    190.149 0.0000e+00
     11.450     79.479    22.7336   5.506302     3.2199     0.1465  1.3793244  22.782438    22.7313    38.3918    26.5870     4.3669    189.973 0.0000e+00
     11.763     80.479    22.7312   5.506047     3.2170     0.1448  1.3790700  22.783819    22.7288    38.3918    26.5878     4.3612    189.725 0.0000e+00
     12.365     81.479    22.7262   5.505487     3.2165     0.1531  1.3793753  22.790033    22.7236    38.3916    26.5891     4.3661    189.940 0.0000e+00
     13.070     82.479    22.7161   5.504445     3.2176     0.1494  1.3800875  22.752062    22.7134    38.3920    26.5924     4.3686    190.048 0.0000e+00
     13.331     83.479    22.7169   5.504613     3.2176     0.1425  1.3797823  22.765178    22.7142    38.3925    26.5925     4.3701    190.112 0.0000e+00
     13.552     84.479    22.7161   5.504457     3.2204     0.1466  1.3794262  22.775534    22.7133    38.3919    26.5923     4.3765    190.391 0.0000e+00
     14.205     85.479    22.7035   5.503061     3.2212     0.1409  1.3801384  22.752062    22.7006    38.3918    26.5960     4.3755    190.348 0.0000e+00
     14.802     86.479    22.6952   5.502211     3.2210     0.1428  1.3801384  22.744469    22.6922    38.3922    26.5987     4.3762    190.379 0.0000e+00
     15.089     87.479    22.6927   5.501948     3.2210     0.1404  1.3796297  22.744469    22.6896    38.3921    26.5994     4.3771    190.418 0.0000e+00
     15.402     88.479    22.6859   5.501147     3.2217     0.1459  1.3797314  22.741018    22.6828    38.3917    26.6011     4.3785    190.476 0.0000e+00
     15.937     89.479    22.6806   5.500624     3.2209     0.1486  1.3800367  22.731355    22.6773    38.3921    26.6030     4.3780    190.455 0.0000e+00
     16.548     90.479    22.6725   5.499692     3.2221     0.1471  1.3800367  22.707889    22.6691    38.3917    26.6050     4.3812    190.595 0.0000e+00
     17.071     91.479    22.6660   5.499014     3.2213     0.1576  1.3801893  22.697537    22.6625    38.3918    26.6071     4.3801    190.546 0.0000e+00
     17.465     92.479    22.6633   5.498739     3.2216     0.1530  1.3796805  22.708580    22.6597    38.3919    26.6079     4.3817    190.614 0.0000e+00
     17.772     93.479    22.6623   5.498646     3.2226     0.1551  1.3795788  22.715481    22.6587    38.3919    26.6083     4.3852    190.769 0.0000e+00
     18.381     94.479    22.6553   5.497812     3.2228     0.1571  1.3800366  22.696848    22.6516    38.3913    26.6099     4.3830    190.669 0.0000e+00
     19.113     95.479    22.6426   5.496383     3.2215     0.1722  1.3800875  22.674077    22.6387    38.3910    26.6133     4.3804    190.556 0.0000e+00
     19.347     96.479    22.6402   5.496132     3.2195     0.1706  1.3803419  22.678217    22.6362    38.3910    26.6141     4.3811    190.587 0.0000e+00
     19.708     97.479    22.6365   5.495708     3.2226     0.1577  1.3801893  22.678217    22.6324    38.3908    26.6150     4.3928    191.097 0.0000e+00
     20.611     98.479    22.6153   5.493224     3.2261     0.1678  1.3802401  22.656139    22.6111    38.3896    26.6203     4.3916    191.043 0.0000e+00
     21.200     99.479    22.6032   5.492048     3.2132     0.1679  1.3803419  22.651310    22.5989    38.3907    26.6247     4.3345    188.560 0.0000e+00
     21.366    100.479    22.5982   5.491485     3.2030     0.1442  1.3802910  22.653380    22.5938    38.3906    26.6260     4.5053    195.988 0.0000e+00
     21.903    101.479    22.1775   5.434453     3.3902     0.1508  1.3800367  22.656829    22.1731    38.3082    26.6832     5.0728    220.661 0.0000e+00
     22.613    102.479    19.4731   5.123453     3.5767     0.1712  1.3823260  22.524474    19.4689    38.2036    27.3465     5.6035    243.590 0.0000e+00
