Boussole/Data/archives/Bous222_01.cnv
* Sea-Bird SBE 9 Data File:
* FileName = C:\boussole\202009\Bous222_01.hdr
* Software Version Seasave V 7.23.2
* Temperature SN = 5545
* Conductivity SN = 4097
* Number of Bytes Per Scan = 37
* Number of Voltage Words = 4
* Number of Scans Averaged by the Deck Unit = 1
* NMEA Latitude = 43 21.89 N
* NMEA Longitude = 007 53.94 E
* NMEA UTC (Time) = Sep 12 2020  10:41:40
* NMEA baud rate = 4800
** Navire
** Station:
** Date
** Heure debut [TU]
** Heure fin [TU]
** Heure locale / TU = +0
** Latitude
** Longitude
** Heure meteo [TU]
** T air sec [deg C]
** T mer [deg C]
** Vent [noeuds, degres]
# nquan = 14
# nvalues = 913                         
# units = specified
# name 0 = prDM: Pressure, Digiquartz [db]
# name 1 = timeS: Time, Elapsed [seconds]
# name 2 = t090C: Temperature [ITS-90, deg C]
# name 3 = c0S/m: Conductivity [S/m]
# name 4 = sbeox0V: Oxygen raw, SBE 43 [V]
# name 5 = flC: Fluorescence, Chelsea Aqua 3 Chl Con [ug/l]
# name 6 = upoly0: Upoly 0, RINKOIII_DO
# name 7 = upoly1: Upoly 1, RINKOIII_Temp
# name 8 = potemp090C: Potential Temperature [ITS-90, deg C]
# name 9 = sal00: Salinity, Practical [PSU]
# name 10 = sigma-é00: Density [sigma-theta, kg/m^3]
# name 11 = sbeox0ML/L: Oxygen, SBE 43 [ml/l], WS = 2
# name 12 = sbox0Mm/Kg: Oxygen, SBE 43 [umol/kg], WS = 2
# name 13 = flag: flag
# span 0 =     -0.303,    104.446       
# span 1 =      0.479,    912.167       
# span 2 =    13.6170,    22.9527       
# span 3 =   0.989152,   5.529470       
# span 4 =     2.4254,     3.7529       
# span 5 =    -0.0170,     4.6850       
# span 6 =  1.2706553,  1.7371795       
# span 7 =  13.615249,  22.908835       
# span 8 =    13.6078,    22.9527       
# span 9 =     5.8346,    38.6744       
# span 10 =     1.9826,    28.9930      
# span 11 =     3.6059,     5.9549      
# span 12 =    156.500,    258.577      
# span 13 = 0.0000e+00, 0.0000e+00      
# interval = seconds: 1                 
# start_time = Sep 12 2020 10:41:40 [NMEA time, header]
# bad_flag = -9.990e-29
*END*
[from data line 517]
     45.403    517.479    13.7796   4.535471     2.7126     0.9330  1.6192002  13.780009    13.7730    38.4109    28.8750     4.1728    181.127 0.0000e+00
     45.616    518.479    13.7748   4.535023     2.7121     0.9147  1.6178266  13.780693    13.7681    38.4114    28.8764     4.1768    181.301 0.0000e+00
     45.432    519.479    13.7760   4.535011     2.7149     0.9216  1.6183354  13.777959    13.7693    38.4102    28.8752     4.1859    181.695 0.0000e+00
     45.309    520.479    13.7843   4.535832     2.7157     0.9394  1.6178266  13.782060    13.7777    38.4096    28.8730     4.1801    181.446 0.0000e+00
     45.540    521.479    13.7777   4.535353     2.7149     0.9260  1.6168091  13.782060    13.7710    38.4117    28.8760     4.1750    181.221 0.0000e+00
     45.599    522.479    13.7749   4.535017     2.7137     0.9224  1.6171652  13.777276    13.7682    38.4112    28.8763     4.1779    181.346 0.0000e+00
     45.370    523.479    13.7786   4.535233     2.7153     0.9396  1.6179792  13.777959    13.7719    38.4097    28.8743     4.1857    181.690 0.0000e+00
     45.328    524.479    13.7830   4.535771     2.7171     0.9714  1.6166056  13.781376    13.7764    38.4104    28.8739     4.1796    181.421 0.0000e+00
     45.586    525.479    13.7772   4.535286     2.7127     0.9583  1.6159951  13.777276    13.7705    38.4115    28.8760     4.1640    180.745 0.0000e+00
     45.626    526.479    13.7742   4.534958     2.7117     0.9429  1.6173179  13.778642    13.7675    38.4114    28.8766     4.1776    181.337 0.0000e+00
     45.300    527.479    13.7802   4.535275     2.7150     0.9699  1.6176740  13.782743    13.7735    38.4085    28.8731     4.1896    181.856 0.0000e+00
     45.324    528.479    13.7889   4.536420     2.7181     0.9869  1.6154355  13.787527    13.7822    38.4106    28.8728     4.1927    181.992 0.0000e+00
     45.616    529.479    13.7778   4.535369     2.7203     0.9368  1.6142653  13.779326    13.7711    38.4117    28.8760     4.1929    182.000 0.0000e+00
     45.542    530.479    13.7764   4.535117     2.7199     0.9358  1.6144688  13.779326    13.7697    38.4107    28.8756     4.1890    181.829 0.0000e+00
     45.371    531.479    13.7838   4.535765     2.7201     0.9728  1.6149776  13.782060    13.7771    38.4095    28.8730     4.1908    181.909 0.0000e+00
     45.398    532.479    13.7871   4.536222     2.7211     0.9902  1.6145706  13.783426    13.7804    38.4105    28.8731     4.1983    182.235 0.0000e+00
     45.535    533.479    13.7773   4.535329     2.7248     0.9789  1.6141127  13.779326    13.7706    38.4119    28.8763     4.2071    182.615 0.0000e+00
     45.544    534.479    13.7759   4.535116     2.7250     0.9895  1.6142653  13.778643    13.7692    38.4112    28.8760     4.1957    182.122 0.0000e+00
     45.363    535.479    13.7821   4.535578     2.7233     1.0091  1.6155881  13.780009    13.7754    38.4095    28.8734     4.1968    182.168 0.0000e+00
     45.300    536.479    13.7924   4.536576     2.7253     1.0136  1.6151811  13.786160    13.7857    38.4087    28.8705     4.2069    182.607 0.0000e+00
     45.533    537.479    13.7838   4.536012     2.7279     1.0112  1.6141636  13.786160    13.7771    38.4118    28.8748     4.2056    182.550 0.0000e+00
     45.626    538.479    13.7767   4.535251     2.7252     1.0196  1.6145197  13.773858    13.7700    38.4117    28.8763     4.1910    181.918 0.0000e+00
     45.365    539.479    13.7807   4.535426     2.7228     1.0185  1.6152828  13.787526    13.7740    38.4094    28.8736     4.1940    182.048 0.0000e+00
     45.254    540.479    13.7955   4.536806     2.7247     1.0062  1.6128409  13.796410    13.7888    38.4078    28.8692     4.2071    182.619 0.0000e+00
     45.445    541.479    13.7911   4.536687     2.7281     1.0023  1.6096866  13.795727    13.7844    38.4109    28.8725     4.2121    182.834 0.0000e+00
     45.599    542.479    13.7807   4.535694     2.7293     1.0295  1.6091270  13.788210    13.7741    38.4118    28.8755     4.2107    182.774 0.0000e+00
     45.476    543.479    13.7799   4.535425     2.7304     1.0368  1.6108059  13.780693    13.7732    38.4102    28.8744     4.2213    183.234 0.0000e+00
     45.224    544.479    13.7953   4.536721     2.7355     1.0387  1.6117216  13.792994    13.7887    38.4071    28.8688     4.2290    183.568 0.0000e+00
     45.353    545.479    13.7976   4.537270     2.7357     1.0288  1.6091270  13.798460    13.7909    38.4100    28.8705     4.2159    182.998 0.0000e+00
     45.645    546.479    13.7828   4.535952     2.7336     1.0069  1.6079568  13.795044    13.7761    38.4122    28.8753     4.2148    182.952 0.0000e+00
     45.448    547.479    13.7857   4.535878     2.7349     0.9842  1.6085674  13.790943    13.7790    38.4086    28.8719     4.2302    183.620 0.0000e+00
     45.236    548.479    13.7999   4.537321     2.7394     0.9817  1.6075498  13.800511    13.7933    38.4082    28.8685     4.2352    183.838 0.0000e+00
     45.479    549.479    13.7911   4.536757     2.7396     0.9746  1.6051078  13.798461    13.7844    38.4115    28.8730     4.2225    183.287 0.0000e+00
     45.538    550.479    13.7853   4.536054     2.7366     0.9785  1.6053113  13.792994    13.7786    38.4106    28.8736     4.2183    183.104 0.0000e+00
     45.357    551.479    13.7945   4.536704     2.7366     0.9675  1.6065832  13.795044    13.7878    38.4078    28.8694     4.2244    183.370 0.0000e+00
     45.313    552.479    13.8025   4.537568     2.7380     0.9584  1.6060236  13.797094    13.7958    38.4079    28.8678     4.2291    183.570 0.0000e+00
     45.459    553.479    13.7947   4.537044     2.7395     0.9739  1.6049552  13.795727    13.7880    38.4107    28.8717     4.2333    183.756 0.0000e+00
     45.538    554.479    13.7879   4.536321     2.7413     0.9889  1.6051587  13.794360    13.7812    38.4106    28.8730     4.2336    183.768 0.0000e+00
     45.493    555.479    13.7899   4.536395     2.7405     1.0138  1.6067867  13.789577    13.7832    38.4094    28.8716     4.2330    183.743 0.0000e+00
     45.390    556.479    13.7957   4.536930     2.7431     1.0360  1.6079060  13.795044    13.7890    38.4086    28.8698     4.2474    184.364 0.0000e+00
     45.284    557.479    13.8029   4.537648     2.7479     1.0345  1.6078042  13.797094    13.7963    38.4083    28.8680     4.2553    184.707 0.0000e+00
     45.374    558.479    13.8032   4.537838     2.7495     1.0221  1.6064815  13.797094    13.7965    38.4097    28.8690     4.2467    184.336 0.0000e+00
     45.596    559.479    13.7921   4.536868     2.7479     0.9934  1.6059218  13.792994    13.7854    38.4115    28.8728     4.2415    184.108 0.0000e+00
     45.540    560.479    13.7843   4.535904     2.7469     0.9696  1.6075498  13.793677    13.7776    38.4103    28.8736     4.2449    184.258 0.0000e+00
     45.284    561.479    13.7982   4.537045     2.7487     0.9627  1.6084656  13.797777    13.7916    38.4072    28.8682     4.2558    184.731 0.0000e+00
     45.316    562.479    13.8089   4.538336     2.7522     0.9618  1.6064306  13.806661    13.8023    38.4087    28.8670     4.2590    184.869 0.0000e+00
     45.504    563.479    13.7973   4.537305     2.7524     0.9544  1.6041412  13.799827    13.7906    38.4105    28.8709     4.2523    184.579 0.0000e+00
     45.432    564.479    13.7972   4.537042     2.7517     0.9507  1.6032255  13.797094    13.7905    38.4082    28.8692     4.2530    184.611 0.0000e+00
     45.478    565.479    13.8016   4.537734     2.7519     0.9240  1.6036325  13.796410    13.7949    38.4103    28.8699     4.2521    184.571 0.0000e+00
     45.549    566.479    13.7899   4.536507     2.7510     0.9503  1.6041921  13.795727    13.7832    38.4104    28.8724     4.2447    184.246 0.0000e+00
     45.280    567.479    13.7992   4.537190     2.7472     0.9435  1.6045991  13.795727    13.7925    38.4077    28.8683     4.2357    183.858 0.0000e+00
     45.243    568.479    13.8120   4.538607     2.7465     0.9141  1.6045991  13.808028    13.8054    38.4083    28.8660     4.2415    184.112 0.0000e+00
     45.654    569.479    13.7943   4.537167     2.7468     0.9370  1.6027676  13.805978    13.7876    38.4121    28.8728     4.2420    184.134 0.0000e+00
     45.599    570.479    13.7922   4.536550     2.7467     0.9417  1.6032255  13.795044    13.7855    38.4084    28.8704     4.2517    184.553 0.0000e+00
     45.179    571.479    13.8132   4.538509     2.7524     0.9016  1.6033272  13.806661    13.8066    38.4062    28.8641     4.2678    185.254 0.0000e+00
     45.400    572.479    13.8056   4.538258     2.7551     0.8893  1.6012414  13.805294    13.7989    38.4113    28.8697     4.2633    185.057 0.0000e+00
     45.508    573.479    13.7997   4.537385     2.7562     0.9141  1.6013940  13.796410    13.7930    38.4089    28.8692     4.2704    185.366 0.0000e+00
     45.315    574.479    13.8103   4.538364     2.7602     0.9035  1.6021062  13.804611    13.8036    38.4076    28.8659     4.2788    185.731 0.0000e+00
     45.536    575.479    13.8037   4.538038     2.7624     0.9037  1.6016992  13.807344    13.7970    38.4110    28.8699     4.2757    185.592 0.0000e+00
     45.564    576.479    13.7978   4.537251     2.7607     0.9099  1.6009870  13.803927    13.7911    38.4095    28.8701     4.2663    185.185 0.0000e+00
     45.170    577.479    13.8121   4.538389     2.7603     0.8738  1.6010887  13.806661    13.8055    38.4061    28.8643     4.2763    185.620 0.0000e+00
     45.256    578.479    13.8183   4.539410     2.7647     0.8629  1.5997660  13.812811    13.8116    38.4096    28.8657     4.2819    185.863 0.0000e+00
     45.681    579.479    13.7988   4.537584     2.7620     0.8863  1.5998169  13.793677    13.7921    38.4116    28.8714     4.2668    185.209 0.0000e+00
     45.437    580.479    13.8030   4.537517     2.7628     0.9008  1.6017501  13.799827    13.7963    38.4069    28.8669     4.2898    186.208 0.0000e+00
     45.112    581.479    13.8196   4.539343     2.7693     0.8664  1.6006309  13.810761    13.8130    38.4076    28.8639     4.2982    186.571 0.0000e+00
     45.411    582.479    13.8107   4.538776     2.7702     0.8581  1.5994098  13.803927    13.8040    38.4111    28.8685     4.2891    186.175 0.0000e+00
     45.475    583.479    13.8049   4.537952     2.7697     0.8833  1.6009870  13.795044    13.7982    38.4090    28.8682     4.2906    186.242 0.0000e+00
     45.266    584.479    13.8150   4.538883     2.7711     0.8669  1.6018010  13.806661    13.8083    38.4079    28.8651     4.2979    186.560 0.0000e+00
     45.374    585.479    13.8150   4.539039     2.7742     0.8631  1.6005291  13.812128    13.8083    38.4093    28.8661     4.3025    186.760 0.0000e+00
     45.427    586.479    13.8056   4.538107     2.7734     0.8765  1.5988502  13.812128    13.7989    38.4098    28.8686     4.2914    186.277 0.0000e+00
     45.239    587.479    13.8149   4.538832     2.7720     0.8590  1.5998677  13.812128    13.8083    38.4075    28.8648     4.2922    186.311 0.0000e+00
     45.280    588.479    13.8200   4.539543     2.7729     0.8271  1.6011905  13.812811    13.8133    38.4091    28.8650     4.3004    186.667 0.0000e+00
     45.417    589.479    13.8104   4.538642     2.7752     0.8266  1.5973748  13.812128    13.8037    38.4101    28.8678     4.3027    186.765 0.0000e+00
     45.207    590.479    13.8140   4.538726     2.7755     0.8046  1.5966117  13.812128    13.8074    38.4074    28.8649     4.3079    186.992 0.0000e+00
     44.948    591.479    13.8239   4.539804     2.7803     0.7862  1.5962556  13.817594    13.8173    38.4078    28.8631     4.3278    187.859 0.0000e+00
     44.895    592.479    13.8321   4.540654     2.7874     0.7865  1.5951364  13.819644    13.8254    38.4077    28.8613     4.3432    188.525 0.0000e+00
     44.624    593.479    13.8383   4.541247     2.7936     0.7705  1.5939662  13.827844    13.8317    38.4072    28.8596     4.3538    188.985 0.0000e+00
     44.194    594.479    13.8449   4.541993     2.7998     0.7734  1.5923891  13.833310    13.8384    38.4078    28.8586     4.3647    189.459 0.0000e+00
     43.917    595.479    13.8550   4.542769     2.8059     0.7699  1.5900488  13.836043    13.8485    38.4053    28.8544     4.3819    190.208 0.0000e+00
     43.476    596.479    13.8685   4.544140     2.8153     0.7618  1.5883700  13.846292    13.8621    38.4049    28.8512     4.3999    190.987 0.0000e+00
     42.847    597.479    13.8722   4.544609     2.8207     0.7481  1.5855210  13.851075    13.8659    38.4060    28.8512     4.4001    190.998 0.0000e+00
     42.454    598.479    13.8847   4.545567     2.8263     0.7414  1.5827228  13.861324    13.8784    38.4027    28.8459     4.4281    192.212 0.0000e+00
     42.055    599.479    13.9051   4.547480     2.8413     0.7310  1.5804335  13.866789    13.8989    38.4005    28.8399     4.4727    194.151 0.0000e+00
     41.111    600.479    13.9235   4.549114     2.8564     0.7072  1.5762109  13.890699    13.9174    38.3980    28.8339     4.4940    195.079 0.0000e+00
     40.429    601.479    13.9467   4.551300     2.8681     0.6778  1.5706655  13.911193    13.9407    38.3958    28.8272     4.5072    195.652 0.0000e+00
     40.478    602.479    13.9417   4.551318     2.8775     0.6561  1.5658832  13.914608    13.9357    38.4009    28.8322     4.5175    196.096 0.0000e+00
     40.248    603.479    13.9470   4.551351     2.8839     0.6375  1.5621694  13.922805    13.9411    38.3960    28.8273     4.5357    196.889 0.0000e+00
     39.421    604.479    13.9840   4.554615     2.8966     0.6117  1.5579467  13.947393    13.9782    38.3902    28.8148     4.5729    198.507 0.0000e+00
     38.812    605.479    14.0380   4.559678     2.9129     0.5983  1.5545890  13.958321    14.0322    38.3843    28.7985     4.6171    200.426 0.0000e+00
     38.757    606.479    14.0620   4.563299     2.9359     0.6085  1.5483313  14.007488    14.0562    38.3946    28.8012     4.6666    202.577 0.0000e+00
     38.435    607.479    14.0910   4.565627     2.9551     0.5906  1.5396825  14.035483    14.0853    38.3878    28.7896     4.6918    203.673 0.0000e+00
     37.629    608.479    14.1186   4.568907     2.9725     0.5608  1.5318986  14.070302    14.1130    38.3915    28.7865     4.7245    205.092 0.0000e+00
     37.086    609.479    14.1383   4.570718     2.9912     0.5545  1.5260989  14.064840    14.1328    38.3892    28.7803     4.7566    206.486 0.0000e+00
     37.017    610.479    14.1493   4.571875     3.0066     0.5378  1.5220289  14.095559    14.1438    38.3891    28.7779     4.7818    207.582 0.0000e+00
     36.615    611.479    14.1770   4.574378     3.0214     0.5255  1.5178062  14.116037    14.1715    38.3852    28.7688     4.8031    208.510 0.0000e+00
     35.864    612.479    14.1854   4.575621     3.0337     0.5087  1.5147029  14.148798    14.1801    38.3889    28.7698     4.8275    209.565 0.0000e+00
     35.477    613.479    14.2354   4.579742     3.0491     0.5035  1.5068172  14.152210    14.2301    38.3780    28.7504     4.8556    210.793 0.0000e+00
     35.161    614.479    14.2634   4.582768     3.0602     0.4973  1.5040700  14.167906    14.2581    38.3787    28.7448     4.8675    211.310 0.0000e+00
     34.555    615.479    14.3067   4.586960     3.0758     0.4958  1.4996947  14.227272    14.3015    38.3753    28.7326     4.9267    213.881 0.0000e+00
     34.123    616.479    14.3558   4.592007     3.1045     0.4761  1.4963879  14.239553    14.3507    38.3740    28.7208     5.0011    217.114 0.0000e+00
     33.847    617.479    14.4061   4.597372     3.1339     0.4676  1.4982194  14.298903    14.4010    38.3744    28.7101     5.0372    218.683 0.0000e+00
     33.357    618.479    14.4342   4.600600     3.1520     0.4694  1.4805149  14.363699    14.4291    38.3769    28.7058     5.0426    218.917 0.0000e+00
