Boussole/Data/archives/Bous222_02.cnv
* Sea-Bird SBE 9 Data File:
* FileName = C:\boussole\202009\Bous222_02.hdr
* Software Version Seasave V 7.23.2
* Temperature SN = 5545
* Conductivity SN = 4097
* Number of Bytes Per Scan = 37
* Number of Voltage Words = 4
* Number of Scans Averaged by the Deck Unit = 1
* NMEA Latitude = 43 21.97 N
* NMEA Longitude = 007 53.80 E
* NMEA UTC (Time) = Sep 12 2020  12:12:21
* NMEA baud rate = 4800
** Navire
** Station:
** Date
** Heure debut [TU]
** Heure fin [TU]
** Heure locale / TU = +0
** Latitude
** Longitude
** Heure meteo [TU]
** T air sec [deg C]
** T mer [deg C]
** Vent [noeuds, degres]
# nquan = 14
# nvalues = 1024                        
# units = specified
# name 0 = prDM: Pressure, Digiquartz [db]
# name 1 = timeS: Time, Elapsed [seconds]
# name 2 = t090C: Temperature [ITS-90, deg C]
# name 3 = c0S/m: Conductivity [S/m]
# name 4 = sbeox0V: Oxygen raw, SBE 43 [V]
# name 5 = flC: Fluorescence, Chelsea Aqua 3 Chl Con [ug/l]
# name 6 = upoly0: Upoly 0, RINKOIII_DO
# name 7 = upoly1: Upoly 1, RINKOIII_Temp
# name 8 = potemp090C: Potential Temperature [ITS-90, deg C]
# name 9 = sal00: Salinity, Practical [PSU]
# name 10 = sigma-é00: Density [sigma-theta, kg/m^3]
# name 11 = sbeox0ML/L: Oxygen, SBE 43 [ml/l], WS = 2
# name 12 = sbox0Mm/Kg: Oxygen, SBE 43 [umol/kg], WS = 2
# name 13 = flag: flag
# span 0 =     -0.222,    101.456       
# span 1 =      0.479,   1023.042       
# span 2 =    13.6261,    23.1691       
# span 3 =   4.524745,   5.554808       
# span 4 =     2.4809,     3.8450       
# span 5 =    -0.0114,     0.9690       
# span 6 =  1.2595645,  1.7306674       
# span 7 =  13.616617,  23.060228       
# span 8 =    13.6164,    23.1690       
# span 9 =    38.2482,    38.5362       
# span 10 =    26.4585,    28.9897      
# span 11 =     3.7272,     6.1354      
# span 12 =    161.769,    266.461      
# span 13 = 0.0000e+00, 0.0000e+00      
# interval = seconds: 1                 
# start_time = Sep 12 2020 12:12:21 [NMEA time, header]
# bad_flag = -9.990e-29
*END*
[from data line 104]
     32.980    104.479    14.9539   4.656766     3.5625     0.4990  1.3355209  15.652329    14.9488    38.3858    28.5968     5.6426    244.994 0.0000e+00
     33.629    105.479    14.8487   4.644786     3.5131     0.5059  1.3426434  15.449041    14.8436    38.3781    28.6145     5.5396    240.514 0.0000e+00
     34.372    106.479    14.6116   4.620327     3.4643     0.5078  1.3582621  15.094645    14.6064    38.3848    28.6727     5.4812    237.968 0.0000e+00
     34.931    107.479    14.5359   4.612789     3.4228     0.5059  1.3697599  15.045646    14.5306    38.3893    28.6929     5.4188    235.255 0.0000e+00
     35.535    108.479    14.4856   4.607615     3.3826     0.5127  1.3780017  15.091924    14.4803    38.3905    28.7050     5.3444    232.023 0.0000e+00
     36.156    109.479    14.4370   4.602404     3.3426     0.5082  1.3863452  15.002082    14.4315    38.3898    28.7152     5.2737    228.951 0.0000e+00
     36.708    110.479    14.3575   4.593733     3.3058     0.5099  1.3953500  14.886347    14.3520    38.3873    28.7308     5.2163    226.455 0.0000e+00
     37.380    111.479    14.2861   4.586744     3.2707     0.5106  1.4055759  14.789647    14.2805    38.3925    28.7506     5.1575    223.896 0.0000e+00
     38.015    112.479    14.2283   4.581010     3.2373     0.5036  1.4145299  14.746055    14.2226    38.3958    28.7658     5.0944    221.155 0.0000e+00
     38.619    113.479    14.1963   4.577664     3.2012     0.5067  1.4267908  14.628866    14.1905    38.3960    28.7730     5.0214    217.986 0.0000e+00
     39.339    114.479    14.1266   4.570509     3.1662     0.5103  1.4419515  14.458471    14.1208    38.3978    28.7896     4.9652    215.539 0.0000e+00
     39.931    115.479    14.0767   4.565627     3.1357     0.5171  1.4572650  14.371200    14.0708    38.4014    28.8033     4.9267    213.866 0.0000e+00
     40.466    116.479    14.0533   4.563188     3.1120     0.5183  1.4677961  14.438705    14.0473    38.4015    28.8085     4.8990    212.664 0.0000e+00
     41.171    117.479    14.0330   4.561403     3.0929     0.5309  1.4773097  14.433924    14.0269    38.4046    28.8153     4.8699    211.400 0.0000e+00
     41.867    118.479    14.0095   4.559268     3.0747     0.5478  1.4894180  14.222495    14.0033    38.4077    28.8228     4.8359    209.923 0.0000e+00
     42.514    119.479    13.9927   4.557733     3.0564     0.5565  1.5009666  14.216355    13.9864    38.4096    28.8280     4.8027    208.479 0.0000e+00
     43.054    120.479    13.9799   4.556571     3.0390     0.5815  1.5066137  14.238188    13.9735    38.4112    28.8320     4.7671    206.932 0.0000e+00
     43.744    121.479    13.9585   4.554389     3.0199     0.5900  1.5131257  14.188377    13.9521    38.4117    28.8370     4.7220    204.974 0.0000e+00
     44.424    122.479    13.9256   4.551084     2.9967     0.5965  1.5212149  14.123544    13.9190    38.4131    28.8452     4.6661    202.544 0.0000e+00
     44.909    123.479    13.8953   4.548046     2.9704     0.6145  1.5242165  14.205438    13.8887    38.4144    28.8528     4.6132    200.248 0.0000e+00
     45.637    124.479    13.8636   4.544858     2.9456     0.6360  1.5303215  14.118082    13.8569    38.4156    28.8606     4.5683    198.298 0.0000e+00
     46.382    125.479    13.8418   4.542748     2.9201     0.6872  1.5405474  14.004073    13.8349    38.4172    28.8666     4.5051    195.552 0.0000e+00
     46.843    126.479    13.8234   4.540840     2.8864     0.7133  1.5493997  14.072348    13.8166    38.4173    28.8706     4.4098    191.415 0.0000e+00
     47.474    127.479    13.7886   4.537232     2.8441     0.7125  1.5569292  14.017727    13.7816    38.4177    28.8785     4.3171    187.390 0.0000e+00
     48.292    128.479    13.7490   4.533515     2.8049     0.7879  1.5692410  13.928268    13.7419    38.4218    28.8901     4.2555    184.716 0.0000e+00
     48.842    129.479    13.7384   4.532644     2.7709     0.8510  1.5816036  13.989729    13.7312    38.4239    28.8940     4.2022    182.401 0.0000e+00
     49.373    130.479    13.7255   4.531389     2.7425     0.8845  1.5894383  13.969930    13.7183    38.4247    28.8974     4.1653    180.798 0.0000e+00
     50.116    131.479    13.7126   4.530328     2.7208     0.8569  1.5993590  13.885917    13.7053    38.4272    28.9022     4.1387    179.642 0.0000e+00
     50.787    132.479    13.7070   4.529867     2.7031     0.7967  1.6145197  13.859273    13.6996    38.4281    28.9041     4.1129    178.521 0.0000e+00
     51.386    133.479    13.7022   4.529442     2.6878     0.7548  1.6259666  13.894797    13.6946    38.4287    28.9056     4.0872    177.407 0.0000e+00
     52.065    134.479    13.6992   4.529198     2.6736     0.7014  1.6350732  13.980856    13.6916    38.4290    28.9065     4.0621    176.319 0.0000e+00
     52.647    135.479    13.6932   4.528709     2.6605     0.6396  1.6419922  13.879768    13.6855    38.4302    28.9087     4.0390    175.313 0.0000e+00
     53.252    136.479    13.6844   4.528011     2.6486     0.6194  1.6479955  13.858591    13.6766    38.4321    28.9121     4.0187    174.430 0.0000e+00
     54.015    137.479    13.6781   4.527572     2.6373     0.5913  1.6546093  13.817593    13.6702    38.4339    28.9148     3.9976    173.515 0.0000e+00
     54.576    138.479    13.6742   4.527297     2.6262     0.5645  1.6617318  13.813493    13.6662    38.4350    28.9165     3.9746    172.517 0.0000e+00
     54.890    139.479    13.6680   4.526815     2.6149     0.5600  1.6658527  13.864055    13.6600    38.4365    28.9191     3.9554    171.683 0.0000e+00
     55.380    140.479    13.6588   4.526074     2.6055     0.5432  1.6690069  13.848342    13.6507    38.4385    28.9226     3.9427    171.131 0.0000e+00
     56.030    141.479    13.6527   4.525647     2.5982     0.4993  1.6726191  13.816910    13.6445    38.4402    28.9252     3.9358    170.830 0.0000e+00
     56.409    142.479    13.6500   4.525504     2.5937     0.4476  1.6774013  13.821693    13.6418    38.4414    28.9268     3.9373    170.894 0.0000e+00
     56.749    143.479    13.6481   4.525455     2.5924     0.4255  1.6814713  13.801194    13.6398    38.4427    28.9282     3.9416    171.081 0.0000e+00
     57.322    144.479    13.6476   4.525536     2.5922     0.3943  1.6854396  13.789576    13.6393    38.4437    28.9291     3.9406    171.038 0.0000e+00
     57.880    145.479    13.6471   4.525733     2.5904     0.3691  1.6879324  13.780008    13.6386    38.4459    28.9309     3.9328    170.700 0.0000e+00
     58.223    146.479    13.6468   4.525757     2.5882     0.3628  1.6892552  13.800510    13.6383    38.4462    28.9312     3.9290    170.535 0.0000e+00
     58.699    147.479    13.6446   4.525635     2.5862     0.3659  1.6907306  13.773175    13.6360    38.4471    28.9324     3.9277    170.480 0.0000e+00
     59.366    148.479    13.6430   4.525908     2.5856     0.3431  1.6920533  13.731481    13.6343    38.4510    28.9358     3.9285    170.511 0.0000e+00
     59.787    149.479    13.6434   4.526162     2.5844     0.3287  1.6920533  13.744468    13.6347    38.4528    28.9371     3.9238    170.307 0.0000e+00
     60.038    150.479    13.6423   4.526149     2.5826     0.3162  1.6925112  13.747202    13.6335    38.4537    28.9380     3.9182    170.064 0.0000e+00
     60.526    151.479    13.6404   4.526050     2.5803     0.2931  1.6931726  13.752669    13.6315    38.4544    28.9391     3.9148    169.919 0.0000e+00
     61.187    152.479    13.6397   4.526029     2.5788     0.2677  1.6936305  13.724645    13.6308    38.4546    28.9393     3.9133    169.855 0.0000e+00
     61.695    153.479    13.6389   4.525976     2.5771     0.2525  1.6940375  13.714391    13.6300    38.4546    28.9395     3.9082    169.631 0.0000e+00
     62.139    154.479    13.6377   4.525874     2.5746     0.2613  1.6939357  13.738316    13.6286    38.4547    28.9399     3.9013    169.330 0.0000e+00
     62.507    155.479    13.6373   4.525872     2.5719     0.2508  1.6937322  13.760188    13.6282    38.4550    28.9402     3.8981    169.191 0.0000e+00
     62.920    156.479    13.6366   4.525867     2.5705     0.2514  1.6952584  13.718493    13.6274    38.4554    28.9407     3.8999    169.270 0.0000e+00
     63.583    157.479    13.6359   4.525937     2.5704     0.2599  1.6960216  13.709606    13.6266    38.4565    28.9417     3.9006    169.300 0.0000e+00
     64.047    158.479    13.6343   4.525883     2.5693     0.2447  1.6960724  13.713024    13.6249    38.4574    28.9428     3.8950    169.060 0.0000e+00
     64.192    159.479    13.6337   4.525854     2.5675     0.2418  1.6966321  13.710973    13.6243    38.4576    28.9430     3.8925    168.947 0.0000e+00
     64.641    160.479    13.6333   4.525872     2.5669     0.2575  1.6975478  13.714391    13.6239    38.4580    28.9434     3.8951    169.060 0.0000e+00
     65.480    161.479    13.6334   4.526007     2.5671     0.2465  1.6983109  13.682260    13.6238    38.4588    28.9441     3.8954    169.075 0.0000e+00
     66.183    162.479    13.6330   4.526068     2.5661     0.2268  1.6988197  13.687730    13.6233    38.4595    28.9447     3.8904    168.860 0.0000e+00
     66.692    163.479    13.6323   4.526060     2.5647     0.2237  1.6984127  13.726696    13.6226    38.4599    28.9452     3.8935    168.993 0.0000e+00
     67.383    164.479    13.6315   4.526040     2.5675     0.2101  1.6991249  13.689097    13.6217    38.4602    28.9456     3.9130    169.836 0.0000e+00
     68.006    165.479    13.6304   4.526063     2.5738     0.2021  1.6993284  13.684311    13.6205    38.4612    28.9467     3.9329    170.703 0.0000e+00
     68.214    166.479    13.6286   4.526040     2.5805     0.2059  1.6995828  13.700036    13.6186    38.4628    28.9482     3.9417    171.085 0.0000e+00
     68.430    167.479    13.6284   4.526129     2.5843     0.2084  1.6990232  13.688413    13.6184    38.4637    28.9490     3.9432    171.150 0.0000e+00
     68.913    168.479    13.6289   4.526317     2.5869     0.1926  1.6978022  13.687730    13.6189    38.4647    28.9497     3.9465    171.294 0.0000e+00
     69.297    169.479    13.6302   4.526526     2.5886     0.1796  1.6952585  13.695933    13.6201    38.4652    28.9499     3.9398    171.000 0.0000e+00
     69.589    170.479    13.6324   4.526971     2.5854     0.1653  1.6936305  13.699352    13.6222    38.4671    28.9509     3.9266    170.426 0.0000e+00
     69.989    171.479    13.6370   4.527827     2.5827     0.1504  1.6925621  13.699351    13.6268    38.4705    28.9525     3.9211    170.191 0.0000e+00
     70.473    172.479    13.6388   4.528106     2.5797     0.1428  1.6910867  13.680893    13.6285    38.4711    28.9526     3.9153    169.936 0.0000e+00
     71.023    173.479    13.6399   4.528369     2.5770     0.1475  1.6911885  13.672005    13.6295    38.4723    28.9533     3.9092    169.674 0.0000e+00
     71.528    174.479    13.6425   4.528776     2.5740     0.1399  1.6913919  13.695250    13.6320    38.4733    28.9536     3.9051    169.493 0.0000e+00
     71.963    175.479    13.6480   4.529719     2.5720     0.1364  1.6911376  13.704821    13.6375    38.4766    28.9549     3.9001    169.276 0.0000e+00
     72.525    176.479    13.6579   4.531373     2.5689     0.1274  1.6918498  13.712341    13.6473    38.4821    28.9571     3.8906    168.863 0.0000e+00
     73.271    177.479    13.6639   4.532265     2.5656     0.1220  1.6928165  13.698668    13.6532    38.4842    28.9575     3.8870    168.708 0.0000e+00
     73.961    178.479    13.6654   4.532472     2.5644     0.1225  1.6949532  13.695933    13.6546    38.4843    28.9573     3.8860    168.663 0.0000e+00
     74.345    179.479    13.6659   4.532593     2.5617     0.1114  1.6966829  13.727380    13.6550    38.4848    28.9575     3.8770    168.274 0.0000e+00
     74.838    180.479    13.6694   4.533178     2.5587     0.1039  1.6975478  13.702770    13.6585    38.4866    28.9582     3.8703    167.981 0.0000e+00
     75.590    181.479    13.6739   4.534045     2.5555     0.0951  1.6989723  13.696617    13.6629    38.4900    28.9599     3.8649    167.747 0.0000e+00
     76.330    182.479    13.6728   4.533976     2.5533     0.0814  1.7001933  13.697985    13.6616    38.4902    28.9603     3.8616    167.605 0.0000e+00
     76.829    183.479    13.6707   4.533732     2.5509     0.0881  1.7012108  13.708922    13.6594    38.4897    28.9604     3.8595    167.516 0.0000e+00
     77.265    184.479    13.6688   4.533538     2.5501     0.0899  1.7020757  13.721911    13.6575    38.4896    28.9607     3.8609    167.573 0.0000e+00
     77.857    185.479    13.6671   4.533356     2.5490     0.0864  1.7030932  13.706188    13.6557    38.4893    28.9609     3.8571    167.409 0.0000e+00
     78.477    186.479    13.6660   4.533238     2.5472     0.0841  1.7039072  13.693883    13.6545    38.4890    28.9610     3.8515    167.169 0.0000e+00
     78.980    187.479    13.6618   4.532733     2.5449     0.0788  1.7043651  13.704821    13.6502    38.4882    28.9612     3.8481    167.018 0.0000e+00
     79.391    188.479    13.6547   4.531935     2.5436     0.0785  1.7042633  13.714391    13.6431    38.4875    28.9622     3.8498    167.092 0.0000e+00
     79.801    189.479    13.6489   4.531247     2.5433     0.0867  1.7045177  13.725329    13.6372    38.4867    28.9628     3.8506    167.125 0.0000e+00
     80.330    190.479    13.6463   4.530988     2.5423     0.0957  1.7048229  13.704137    13.6346    38.4866    28.9633     3.8491    167.064 0.0000e+00
     80.912    191.479    13.6447   4.530832     2.5426     0.0985  1.7059422  13.680209    13.6329    38.4864    28.9636     3.8511    167.149 0.0000e+00
     81.333    192.479    13.6446   4.530850     2.5416     0.1102  1.7059931  13.695250    13.6327    38.4865    28.9636     3.8465    166.950 0.0000e+00
     81.674    193.479    13.6449   4.530880     2.5410     0.1174  1.7062983  13.708239    13.6329    38.4864    28.9635     3.8476    166.998 0.0000e+00
     82.201    194.479    13.6447   4.530933     2.5405     0.1022  1.7070614  13.689781    13.6327    38.4868    28.9639     3.8459    166.925 0.0000e+00
     82.847    195.479    13.6456   4.531295     2.5399     0.0960  1.7076211  13.677474    13.6335    38.4890    28.9654     3.8453    166.895 0.0000e+00
     83.326    196.479    13.6470   4.531516     2.5393     0.0949  1.7078246  13.674056    13.6348    38.4895    28.9655     3.8432    166.808 0.0000e+00
     83.557    197.479    13.6477   4.531623     2.5384     0.1046  1.7078754  13.670637    13.6355    38.4897    28.9656     3.8425    166.774 0.0000e+00
     84.021    198.479    13.6499   4.532016     2.5384     0.1040  1.7082825  13.672689    13.6376    38.4910    28.9661     3.8449    166.879 0.0000e+00
     84.761    199.479    13.6513   4.532234     2.5388     0.0978  1.7084351  13.667903    13.6389    38.4914    28.9661     3.8454    166.900 0.0000e+00
     85.181    200.479    13.6520   4.532344     2.5387     0.1027  1.7088930  13.673372    13.6395    38.4915    28.9661     3.8436    166.822 0.0000e+00
     85.466    201.479    13.6524   4.532429     2.5380     0.0891  1.7089947  13.665168    13.6399    38.4918    28.9662     3.8392    166.632 0.0000e+00
     86.086    202.479    13.6548   4.532863     2.5358     0.0854  1.7092491  13.680209    13.6422    38.4932    28.9668     3.8324    166.336 0.0000e+00
     86.685    203.479    13.6572   4.533342     2.5337     0.0967  1.7095035  13.669270    13.6445    38.4951    28.9678     3.8283    166.160 0.0000e+00
     87.039    204.479    13.6575   4.533402     2.5320     0.0981  1.7092491  13.680893    13.6448    38.4952    28.9679     3.8276    166.129 0.0000e+00
     87.663    205.479    13.6579   4.533621     2.5309     0.1008  1.7094017  13.672689    13.6451    38.4966    28.9688     3.8246    165.997 0.0000e+00
