Boussole/Data/archives/Bous222_01.cnv
* Sea-Bird SBE 9 Data File:
* FileName = C:\boussole\202009\Bous222_01.hdr
* Software Version Seasave V 7.23.2
* Temperature SN = 5545
* Conductivity SN = 4097
* Number of Bytes Per Scan = 37
* Number of Voltage Words = 4
* Number of Scans Averaged by the Deck Unit = 1
* NMEA Latitude = 43 21.89 N
* NMEA Longitude = 007 53.94 E
* NMEA UTC (Time) = Sep 12 2020  10:41:40
* NMEA baud rate = 4800
** Navire
** Station:
** Date
** Heure debut [TU]
** Heure fin [TU]
** Heure locale / TU = +0
** Latitude
** Longitude
** Heure meteo [TU]
** T air sec [deg C]
** T mer [deg C]
** Vent [noeuds, degres]
# nquan = 14
# nvalues = 913                         
# units = specified
# name 0 = prDM: Pressure, Digiquartz [db]
# name 1 = timeS: Time, Elapsed [seconds]
# name 2 = t090C: Temperature [ITS-90, deg C]
# name 3 = c0S/m: Conductivity [S/m]
# name 4 = sbeox0V: Oxygen raw, SBE 43 [V]
# name 5 = flC: Fluorescence, Chelsea Aqua 3 Chl Con [ug/l]
# name 6 = upoly0: Upoly 0, RINKOIII_DO
# name 7 = upoly1: Upoly 1, RINKOIII_Temp
# name 8 = potemp090C: Potential Temperature [ITS-90, deg C]
# name 9 = sal00: Salinity, Practical [PSU]
# name 10 = sigma-é00: Density [sigma-theta, kg/m^3]
# name 11 = sbeox0ML/L: Oxygen, SBE 43 [ml/l], WS = 2
# name 12 = sbox0Mm/Kg: Oxygen, SBE 43 [umol/kg], WS = 2
# name 13 = flag: flag
# span 0 =     -0.303,    104.446       
# span 1 =      0.479,    912.167       
# span 2 =    13.6170,    22.9527       
# span 3 =   0.989152,   5.529470       
# span 4 =     2.4254,     3.7529       
# span 5 =    -0.0170,     4.6850       
# span 6 =  1.2706553,  1.7371795       
# span 7 =  13.615249,  22.908835       
# span 8 =    13.6078,    22.9527       
# span 9 =     5.8346,    38.6744       
# span 10 =     1.9826,    28.9930      
# span 11 =     3.6059,     5.9549      
# span 12 =    156.500,    258.577      
# span 13 = 0.0000e+00, 0.0000e+00      
# interval = seconds: 1                 
# start_time = Sep 12 2020 10:41:40 [NMEA time, header]
# bad_flag = -9.990e-29
*END*
[from data line 413]
     60.098    413.479    13.6360   4.524536     2.5093     0.2491  1.7078754  13.631662    13.6272    38.4446    28.9323     3.7766    163.921 0.0000e+00
     60.008    414.479    13.6364   4.524578     2.5097     0.2460  1.7076211  13.630294    13.6277    38.4446    28.9323     3.7754    163.870 0.0000e+00
     60.070    415.479    13.6361   4.524558     2.5093     0.2423  1.7079772  13.630978    13.6273    38.4447    28.9324     3.7718    163.710 0.0000e+00
     60.003    416.479    13.6360   4.524535     2.5079     0.2457  1.7081298  13.631662    13.6273    38.4446    28.9324     3.7668    163.496 0.0000e+00
     59.975    417.479    13.6364   4.524579     2.5064     0.2297  1.7083842  13.629610    13.6276    38.4447    28.9323     3.7649    163.412 0.0000e+00
     60.185    418.479    13.6363   4.524581     2.5055     0.2205  1.7078246  13.628927    13.6275    38.4447    28.9324     3.7678    163.538 0.0000e+00
     60.117    419.479    13.6364   4.524576     2.5069     0.2285  1.7082825  13.630978    13.6276    38.4446    28.9323     3.7707    163.663 0.0000e+00
     59.959    420.479    13.6365   4.524590     2.5058     0.2298  1.7079263  13.631662    13.6278    38.4446    28.9322     3.7656    163.442 0.0000e+00
     60.088    421.479    13.6364   4.524588     2.5063     0.2397  1.7080790  13.630294    13.6276    38.4447    28.9323     3.7707    163.667 0.0000e+00
     60.128    422.479    13.6364   4.524592     2.5071     0.2392  1.7080789  13.626191    13.6276    38.4447    28.9324     3.7725    163.744 0.0000e+00
     60.031    423.479    13.6364   4.524590     2.5075     0.2320  1.7081298  13.630294    13.6276    38.4448    28.9324     3.7712    163.688 0.0000e+00
     60.037    424.479    13.6365   4.524599     2.5079     0.2255  1.7082316  13.630294    13.6277    38.4447    28.9323     3.7783    163.993 0.0000e+00
     60.151    425.479    13.6364   4.524595     2.5113     0.2295  1.7080281  13.630978    13.6276    38.4448    28.9324     3.7834    164.215 0.0000e+00
     60.117    426.479    13.6361   4.524561     2.5102     0.2377  1.7078246  13.630978    13.6274    38.4447    28.9324     3.7726    163.748 0.0000e+00
     59.961    427.479    13.6367   4.524592     2.5098     0.2318  1.7081807  13.630978    13.6280    38.4445    28.9321     3.7783    163.995 0.0000e+00
     60.073    428.479    13.6367   4.524620     2.5117     0.2270  1.7078246  13.630978    13.6279    38.4447    28.9323     3.7833    164.209 0.0000e+00
     60.200    429.479    13.6365   4.524603     2.5111     0.2216  1.7076719  13.630978    13.6277    38.4447    28.9323     3.7670    163.504 0.0000e+00
     60.029    430.479    13.6367   4.524603     2.5055     0.2172  1.7078246  13.630978    13.6280    38.4445    28.9321     3.7545    162.963 0.0000e+00
     59.969    431.479    13.6375   4.524664     2.5034     0.2161  1.7081298  13.630978    13.6288    38.4443    28.9318     3.7601    163.205 0.0000e+00
     60.089    432.479    13.6373   4.524654     2.5042     0.2243  1.7076211  13.631662    13.6285    38.4445    28.9320     3.7684    163.563 0.0000e+00
     60.204    433.479    13.6368   4.524625     2.5053     0.2298  1.7077737  13.630978    13.6280    38.4446    28.9322     3.7659    163.456 0.0000e+00
     60.208    434.479    13.6366   4.524604     2.5044     0.2289  1.7078754  13.631662    13.6278    38.4446    28.9322     3.7673    163.519 0.0000e+00
     59.938    435.479    13.6372   4.524635     2.5071     0.2410  1.7073158  13.629610    13.6285    38.4444    28.9319     3.7776    163.965 0.0000e+00
     59.856    436.479    13.6379   4.524699     2.5087     0.2401  1.7072141  13.630978    13.6292    38.4444    28.9318     3.7762    163.902 0.0000e+00
     60.145    437.479    13.6374   4.524684     2.5094     0.2358  1.7074176  13.631662    13.6286    38.4446    28.9320     3.7767    163.922 0.0000e+00
     60.262    438.479    13.6366   4.524626     2.5099     0.2356  1.7072141  13.631662    13.6278    38.4448    28.9324     3.7780    163.983 0.0000e+00
     60.086    439.479    13.6368   4.524603     2.5110     0.2339  1.7072649  13.630978    13.6280    38.4445    28.9321     3.7837    164.227 0.0000e+00
     59.973    440.479    13.6378   4.524679     2.5134     0.2333  1.7071123  13.631662    13.6291    38.4442    28.9317     3.7881    164.420 0.0000e+00
     60.046    441.479    13.6376   4.524679     2.5134     0.2251  1.7072649  13.631662    13.6288    38.4444    28.9319     3.7767    163.927 0.0000e+00
     60.061    442.479    13.6374   4.524655     2.5103     0.2336  1.7071632  13.631662    13.6286    38.4443    28.9318     3.7740    163.806 0.0000e+00
     60.058    443.479    13.6375   4.524679     2.5120     0.2286  1.7070614  13.629610    13.6287    38.4444    28.9319     3.7856    164.312 0.0000e+00
     60.157    444.479    13.6369   4.524647     2.5127     0.2349  1.7071123  13.631662    13.6281    38.4447    28.9323     3.7791    164.030 0.0000e+00
     60.142    445.479    13.6370   4.524631     2.5114     0.2365  1.7070106  13.632346    13.6282    38.4445    28.9321     3.7785    164.001 0.0000e+00
     59.980    446.479    13.6381   4.524711     2.5119     0.2362  1.7072141  13.630294    13.6293    38.4442    28.9316     3.7798    164.061 0.0000e+00
     60.043    447.479    13.6380   4.524735     2.5114     0.2393  1.7071632  13.632346    13.6293    38.4445    28.9318     3.7738    163.800 0.0000e+00
     60.132    448.479    13.6370   4.524652     2.5086     0.2270  1.7070614  13.630978    13.6282    38.4447    28.9322     3.7657    163.445 0.0000e+00
     60.060    449.479    13.6368   4.524620     2.5073     0.2245  1.7070106  13.630978    13.6281    38.4446    28.9321     3.7707    163.664 0.0000e+00
     59.886    450.479    13.6378   4.524689     2.5087     0.2299  1.7071632  13.631662    13.6291    38.4443    28.9317     3.7789    164.020 0.0000e+00
     59.710    451.479    13.6385   4.524740     2.5103     0.2336  1.7067053  13.631662    13.6298    38.4442    28.9315     3.7792    164.032 0.0000e+00
     59.457    452.479    13.6392   4.524751     2.5104     0.2304  1.7068579  13.631662    13.6305    38.4437    28.9309     3.7769    163.933 0.0000e+00
     59.224    453.479    13.6396   4.524747     2.5110     0.2339  1.7068579  13.632346    13.6310    38.4433    28.9306     3.7769    163.936 0.0000e+00
     58.892    454.479    13.6397   4.524734     2.5096     0.2423  1.7070614  13.630978    13.6311    38.4433    28.9305     3.7698    163.626 0.0000e+00
     58.399    455.479    13.6396   4.524703     2.5086     0.2389  1.7070615  13.630978    13.6311    38.4433    28.9305     3.7712    163.688 0.0000e+00
     58.039    456.479    13.6401   4.524704     2.5091     0.2406  1.7072649  13.631662    13.6316    38.4430    28.9301     3.7762    163.903 0.0000e+00
     57.541    457.479    13.6414   4.524730     2.5107     0.2441  1.7068579  13.631662    13.6330    38.4422    28.9292     3.7855    164.307 0.0000e+00
     56.892    458.479    13.6430   4.524775     2.5147     0.2430  1.7067053  13.632346    13.6347    38.4413    28.9282     3.7897    164.489 0.0000e+00
     56.504    459.479    13.6452   4.524813     2.5137     0.2431  1.7052808  13.633713    13.6370    38.4396    28.9264     3.7742    163.817 0.0000e+00
     56.093    460.479    13.6473   4.524855     2.5116     0.2518  1.7043651  13.636449    13.6391    38.4381    28.9248     3.7797    164.057 0.0000e+00
     55.434    461.479    13.6477   4.524761     2.5155     0.2491  1.7033984  13.636449    13.6396    38.4371    28.9239     3.7984    164.868 0.0000e+00
     54.895    462.479    13.6473   4.524668     2.5195     0.2602  1.7026353  13.635081    13.6393    38.4368    28.9238     3.8010    164.980 0.0000e+00
     54.418    463.479    13.6500   4.524641     2.5215     0.2661  1.7025845  13.635765    13.6421    38.4341    28.9210     3.8027    165.056 0.0000e+00
     53.925    464.479    13.6544   4.524901     2.5232     0.2866  1.7032967  13.640551    13.6465    38.4323    28.9187     3.7988    164.886 0.0000e+00
     53.489    465.479    13.6577   4.525163     2.5218     0.2851  1.7033476  13.644654    13.6499    38.4317    28.9175     3.7968    164.797 0.0000e+00
     53.013    466.479    13.6606   4.525363     2.5237     0.2828  1.7038563  13.647389    13.6529    38.4309    28.9163     3.8056    165.180 0.0000e+00
     52.534    467.479    13.6633   4.525549     2.5259     0.2882  1.7032458  13.649441    13.6557    38.4301    28.9151     3.8105    165.396 0.0000e+00
     51.900    468.479    13.6662   4.525753     2.5281     0.3085  1.7023810  13.648073    13.6587    38.4295    28.9139     3.8139    165.541 0.0000e+00
     51.200    469.479    13.6682   4.525872     2.5302     0.3332  1.7012108  13.661749    13.6607    38.4290    28.9131     3.8189    165.759 0.0000e+00
     50.930    470.479    13.6829   4.526941     2.5333     0.3457  1.6981583  13.665851    13.6755    38.4245    28.9064     3.8321    166.335 0.0000e+00
     50.688    471.479    13.6868   4.527262     2.5406     0.3658  1.6957163  13.667903    13.6794    38.4237    28.9050     3.8571    167.421 0.0000e+00
     49.961    472.479    13.6960   4.527936     2.5495     0.3842  1.6922060  13.680209    13.6887    38.4212    28.9011     3.8741    168.158 0.0000e+00
     49.206    473.479    13.6972   4.528034     2.5569     0.4011  1.6895604  13.674056    13.6900    38.4213    28.9009     3.8822    168.507 0.0000e+00
     48.873    474.479    13.7021   4.528362     2.5625     0.4119  1.6869658  13.681577    13.6949    38.4196    28.8985     3.8951    169.068 0.0000e+00
     48.487    475.479    13.7049   4.528613     2.5705     0.4329  1.6839642  13.682260    13.6978    38.4194    28.8977     3.9147    169.919 0.0000e+00
     48.028    476.479    13.7078   4.528812     2.5777     0.4500  1.6820309  13.690464    13.7008    38.4186    28.8965     3.9240    170.324 0.0000e+00
     47.598    477.479    13.7103   4.529026     2.5839     0.4621  1.6798942  13.692515    13.7033    38.4183    28.8957     3.9361    170.851 0.0000e+00
     47.121    478.479    13.7110   4.529113     2.5893     0.4605  1.6775540  13.695250    13.7041    38.4186    28.8957     3.9388    170.966 0.0000e+00
     46.839    479.479    13.7153   4.529405     2.5925     0.4787  1.6763330  13.697301    13.7084    38.4172    28.8938     3.9501    171.456 0.0000e+00
     46.663    480.479    13.7242   4.530123     2.5993     0.4914  1.6746032  13.702770    13.7174    38.4151    28.8902     3.9712    172.376 0.0000e+00
     46.209    481.479    13.7387   4.531306     2.6088     0.5197  1.6702280  13.717809    13.7319    38.4121    28.8847     3.9989    173.579 0.0000e+00
     45.805    482.479    13.7482   4.532239     2.6209     0.5580  1.6637160  13.719177    13.7415    38.4116    28.8823     4.0303    174.940 0.0000e+00
     45.573    483.479    13.7566   4.533053     2.6363     0.5945  1.6596968  13.723278    13.7499    38.4110    28.8800     4.0699    176.658 0.0000e+00
     45.409    484.479    13.7658   4.533968     2.6525     0.6320  1.6566443  13.734899    13.7591    38.4105    28.8777     4.0949    177.746 0.0000e+00
     45.388    485.479    13.7693   4.534315     2.6645     0.6608  1.6515568  13.745152    13.7626    38.4103    28.8767     4.1127    178.520 0.0000e+00
     45.340    486.479    13.7689   4.534278     2.6758     0.6940  1.6438237  13.749253    13.7622    38.4104    28.8769     4.1278    179.175 0.0000e+00
     45.117    487.479    13.7739   4.534697     2.6827     0.7274  1.6380749  13.758822    13.7673    38.4094    28.8751     4.1256    179.079 0.0000e+00
     45.163    488.479    13.7770   4.535022     2.6846     0.7518  1.6334452  13.762240    13.7704    38.4093    28.8743     4.1273    179.153 0.0000e+00
     45.367    489.479    13.7748   4.534903     2.6892     0.7783  1.6303927  13.762923    13.7681    38.4104    28.8757     4.1356    179.513 0.0000e+00
     45.352    490.479    13.7732   4.534721     2.6903     0.7956  1.6276455  13.762923    13.7666    38.4102    28.8759     4.1363    179.543 0.0000e+00
     45.275    491.479    13.7755   4.534937     2.6953     0.8371  1.6265262  13.762923    13.7689    38.4100    28.8752     4.1579    180.481 0.0000e+00
     45.312    492.479    13.7758   4.534955     2.7008     0.8570  1.6256105  13.763606    13.7692    38.4099    28.8751     4.1605    180.593 0.0000e+00
     45.354    493.479    13.7749   4.534883     2.7027     0.8559  1.6251017  13.762923    13.7682    38.4101    28.8754     4.1585    180.507 0.0000e+00
     45.304    494.479    13.7755   4.534928     2.7038     0.8672  1.6243386  13.763606    13.7689    38.4099    28.8751     4.1618    180.651 0.0000e+00
     45.300    495.479    13.7766   4.535046     2.7058     0.8787  1.6238807  13.765657    13.7699    38.4100    28.8750     4.1620    180.658 0.0000e+00
     45.446    496.479    13.7745   4.534898     2.7049     0.8738  1.6234228  13.766340    13.7678    38.4105    28.8759     4.1568    180.435 0.0000e+00
     45.387    497.479    13.7737   4.534776     2.7045     0.8796  1.6232702  13.762923    13.7670    38.4103    28.8758     4.1566    180.425 0.0000e+00
     45.197    498.479    13.7774   4.535061     2.7047     0.8963  1.6233211  13.770441    13.7708    38.4094    28.8743     4.1654    180.806 0.0000e+00
     45.368    499.479    13.7782   4.535272     2.7084     0.8976  1.6217440  13.776592    13.7716    38.4104    28.8750     4.1738    181.170 0.0000e+00
     45.587    500.479    13.7736   4.534864     2.7098     0.8980  1.6210317  13.764290    13.7669    38.4111    28.8765     4.1689    180.960 0.0000e+00
     45.373    501.479    13.7749   4.534891     2.7082     0.9191  1.6210317  13.767707    13.7683    38.4101    28.8754     4.1621    180.663 0.0000e+00
     45.252    502.479    13.7788   4.535241     2.7087     0.9403  1.6199125  13.777276    13.7722    38.4096    28.8742     4.1722    181.102 0.0000e+00
     45.362    503.479    13.7774   4.535181     2.7111     0.9178  1.6189459  13.773175    13.7707    38.4104    28.8751     4.1745    181.201 0.0000e+00
     45.443    504.479    13.7748   4.534945     2.7106     0.8988  1.6198616  13.769074    13.7681    38.4107    28.8759     4.1677    180.906 0.0000e+00
     45.472    505.479    13.7741   4.534861     2.7099     0.8749  1.6207265  13.766340    13.7674    38.4106    28.8760     4.1675    180.896 0.0000e+00
     45.408    506.479    13.7752   4.534943     2.7087     0.8785  1.6216422  13.764973    13.7685    38.4103    28.8755     4.1569    180.436 0.0000e+00
     45.505    507.479    13.7742   4.534898     2.7040     0.8868  1.6224562  13.765657    13.7675    38.4108    28.8761     4.1489    180.091 0.0000e+00
     45.409    508.479    13.7740   4.534829     2.7042     0.8836  1.6225580  13.765657    13.7674    38.4104    28.8758     4.1619    180.655 0.0000e+00
     45.219    509.479    13.7826   4.535600     2.7058     0.9173  1.6227106  13.768391    13.7760    38.4092    28.8731     4.1635    180.723 0.0000e+00
     45.517    510.479    13.7766   4.535251     2.7071     0.9217  1.6217440  13.777959    13.7699    38.4118    28.8764     4.1678    180.909 0.0000e+00
     45.627    511.479    13.7729   4.534816     2.7080     0.8868  1.6203704  13.774542    13.7662    38.4113    28.8768     4.1685    180.939 0.0000e+00
     45.348    512.479    13.7779   4.535163     2.7101     0.9097  1.6199125  13.777276    13.7713    38.4097    28.8745     4.1829    181.565 0.0000e+00
     45.301    513.479    13.7809   4.535504     2.7159     0.9281  1.6182845  13.780009    13.7743    38.4100    28.8740     4.1916    181.945 0.0000e+00
     45.524    514.479    13.7760   4.535112     2.7165     0.9139  1.6173179  13.777276    13.7693    38.4111    28.8759     4.1765    181.288 0.0000e+00
     45.555    515.479    13.7738   4.534906     2.7127     0.8958  1.6188950  13.769074    13.7671    38.4113    28.8766     4.1679    180.913 0.0000e+00
