Boussole/Data/archives/Test1.cnv
* Sea-Bird SBE 9 Data File:
* FileName = C:\MOOSE\CTD\Work\raw\Test1.hdr
* Software Version Seasave V 7.23.2
* Temperature SN = 2473
* Conductivity SN = 2929
* Number of Bytes Per Scan = 30
* Number of Voltage Words = 4
* Number of Scans Averaged by the Deck Unit = 1
* NMEA baud rate = 4800
** Ship:
** Station:
** Operator:
# nquan = 14
# nvalues = 2211                        
# units = specified
# name 0 = prDM: Pressure, Digiquartz [db]
# name 1 = timeS: Time, Elapsed [seconds]
# name 2 = t090C: Temperature [ITS-90, deg C]
# name 3 = c0S/m: Conductivity [S/m]
# name 4 = sbeox0V: Oxygen raw, SBE 43 [V]
# name 5 = flC: Fluorescence, Chelsea Aqua 3 Chl Con [ug/l]
# name 6 = upoly0: Upoly 0, RINKOIII_DO
# name 7 = upoly1: Upoly 1, RINKOIII_Temp
# name 8 = potemp090C: Potential Temperature [ITS-90, deg C]
# name 9 = sal00: Salinity, Practical [PSU]
# name 10 = sigma-é00: Density [sigma-theta, kg/m^3]
# name 11 = sbeox0ML/L: Oxygen, SBE 43 [ml/l], WS = 2
# name 12 = sbox0Mm/Kg: Oxygen, SBE 43 [umol/kg], WS = 2
# name 13 = flag: flag
# span 0 =     -0.007,    501.768       
# span 1 =      0.479,   2210.396       
# span 2 =    13.7017,    14.2761       
# span 3 =   0.928473,   4.621241       
# span 4 =     2.2065,     2.9781       
# span 5 =     0.0110,     0.4521       
# span 6 =  1.5409645,  1.8371489       
# span 7 =  13.462557,  14.255245       
# span 8 =    13.7017,    14.2601       
# span 9 =     7.0039,    38.7093       
# span 10 =     4.6871,    29.0721      
# span 11 =     3.3093,     5.2882      
# span 12 =    143.616,    235.128      
# span 13 = 0.0000e+00, 0.0000e+00      
# interval = seconds: 1                 
# start_time = Jan 28 2021 09:00:13 [System UTC, header]
# bad_flag = -9.990e-29
*END*
[from data line 1859]
    121.196   1859.479    14.2570   4.566926     2.7461     0.1877  1.6264245  14.236824    14.2388    38.1977    28.6089     4.2567    184.817 0.0000e+00
    119.883   1860.479    14.2638   4.566606     2.7489     0.1871  1.6259157  14.238189    14.2458    38.1885    28.6003     4.2575    184.855 0.0000e+00
    118.674   1861.479    14.2673   4.566110     2.7510     0.1744  1.6253561  14.237507    14.2495    38.1809    28.5937     4.2647    185.167 0.0000e+00
    117.531   1862.479    14.2664   4.566100     2.7553     0.1826  1.6237790  14.243647    14.2488    38.1822    28.5948     4.2750    185.614 0.0000e+00
    116.378   1863.479    14.2661   4.565971     2.7582     0.1840  1.6222018  14.244329    14.2487    38.1818    28.5945     4.2759    185.653 0.0000e+00
    115.349   1864.479    14.2685   4.565782     2.7609     0.1883  1.6219983  14.242283    14.2512    38.1781    28.5911     4.2816    185.900 0.0000e+00
    114.151   1865.479    14.2703   4.565728     2.7635     0.1875  1.6212861  14.247740    14.2532    38.1763    28.5893     4.2872    186.146 0.0000e+00
    112.777   1866.479    14.2754   4.565539     2.7673     0.1706  1.6203704  14.249105    14.2585    38.1701    28.5833     4.2955    186.504 0.0000e+00
    111.492   1867.479    14.2757   4.565370     2.7699     0.1744  1.6188441  14.253199    14.2590    38.1688    28.5822     4.2937    186.427 0.0000e+00
    110.347   1868.479    14.2755   4.565236     2.7708     0.1805  1.6173687  14.255245    14.2589    38.1683    28.5819     4.2937    186.428 0.0000e+00
    109.207   1869.479    14.2742   4.565168     2.7719     0.1706  1.6166565  14.254563    14.2578    38.1695    28.5830     4.2967    186.558 0.0000e+00
    108.100   1870.479    14.2752   4.564991     2.7745     0.1801  1.6161477  14.254563    14.2590    38.1673    28.5811     4.3095    187.116 0.0000e+00
    106.888   1871.479    14.2761   4.564306     2.7799     0.1851  1.6156390  14.254563    14.2601    38.1605    28.5755     4.3245    187.767 0.0000e+00
    105.742   1872.479    14.2710   4.562025     2.7850     0.1905  1.6151811  14.255245    14.2552    38.1446    28.5643     4.3342    188.191 0.0000e+00
    104.605   1873.479    14.2659   4.560644     2.7918     0.1824  1.6146723  14.253198    14.2502    38.1372    28.5597     4.3639    189.479 0.0000e+00
    103.301   1874.479    14.2521   4.556520     2.8056     0.1804  1.6118742  14.250469    14.2366    38.1127    28.5437     4.4078    191.387 0.0000e+00
    102.186   1875.479    14.2267   4.550341     2.8219     0.1863  1.6093305  14.241600    14.2114    38.0803    28.5241     4.4467    193.082 0.0000e+00
    100.830   1876.479    14.2279   4.549982     2.8367     0.1937  1.6054131  14.226590    14.2129    38.0762    28.5207     4.4557    193.472 0.0000e+00
     99.682   1877.479    14.2027   4.544634     2.8408     0.2168  1.6015975  14.225225    14.1878    38.0514    28.5069     4.4522    193.325 0.0000e+00
     98.747   1878.479    14.2265   4.550595     2.8482     0.2317  1.5966117  14.187697    14.2117    38.0844    28.5272     4.4870    194.831 0.0000e+00
     97.583   1879.479    14.1841   4.541329     2.8644     0.2342  1.5897945  14.186332    14.1695    38.0397    28.5018     4.5343    196.891 0.0000e+00
     96.274   1880.479    14.1503   4.535558     2.8783     0.2555  1.5852666  14.184285    14.1360    38.0193    28.4933     4.5541    197.751 0.0000e+00
     95.122   1881.479    14.1585   4.537200     2.8875     0.2698  1.5822650  14.164494    14.1443    38.0273    28.4977     4.5573    197.889 0.0000e+00
     93.996   1882.479    14.1603   4.537314     2.8926     0.2814  1.5787546  14.151528    14.1463    38.0270    28.4970     4.5620    198.092 0.0000e+00
     92.696   1883.479    14.1511   4.535441     2.8981     0.2745  1.5759565  14.153575    14.1373    38.0190    28.4928     4.5694    198.419 0.0000e+00
     91.493   1884.479    14.1469   4.534836     2.9004     0.2859  1.5741758  14.147433    14.1333    38.0180    28.4929     4.5683    198.367 0.0000e+00
     90.288   1885.479    14.1512   4.535579     2.9027     0.2702  1.5723443  14.139926    14.1378    38.0213    28.4945     4.5717    198.517 0.0000e+00
     89.089   1886.479    14.1475   4.534851     2.9039     0.2777  1.5708690  14.140608    14.1343    38.0186    28.4932     4.5696    198.426 0.0000e+00
     88.237   1887.479    14.1541   4.536109     2.9049     0.2772  1.5702076  14.139243    14.1410    38.0243    28.4962     4.5756    198.685 0.0000e+00
     87.230   1888.479    14.1465   4.534544     2.9086     0.2830  1.5695971  14.133783    14.1335    38.0176    28.4926     4.5884    199.239 0.0000e+00
     85.972   1889.479    14.1359   4.532648     2.9123     0.2809  1.5690375  14.137196    14.1231    38.0108    28.4896     4.5925    199.421 0.0000e+00
     84.663   1890.479    14.1356   4.532607     2.9138     0.2862  1.5686305  14.126958    14.1230    38.0113    28.4900     4.5881    199.227 0.0000e+00
     83.196   1891.479    14.1371   4.532731     2.9134     0.2940  1.5679182  14.126958    14.1247    38.0117    28.4899     4.5863    199.152 0.0000e+00
     82.104   1892.479    14.1387   4.533009     2.9150     0.3040  1.5676130  14.123545    14.1265    38.0131    28.4906     4.5925    199.419 0.0000e+00
     81.267   1893.479    14.1392   4.533075     2.9162     0.2968  1.5672060  14.123545    14.1271    38.0136    28.4909     4.5891    199.270 0.0000e+00
     80.125   1894.479    14.1387   4.532844     2.9150     0.2924  1.5676130  14.123545    14.1267    38.0125    28.4901     4.5834    199.023 0.0000e+00
     79.803   1895.479    14.1385   4.532821     2.9145     0.2995  1.5670025  14.123545    14.1266    38.0126    28.4902     4.5862    199.147 0.0000e+00
     80.115   1896.479    14.1380   4.532757     2.9159     0.3061  1.5672060  14.123545    14.1261    38.0123    28.4901     4.5933    199.455 0.0000e+00
     80.055   1897.479    14.1390   4.532844     2.9176     0.3136  1.5670534  14.123545    14.1271    38.0122    28.4898     4.5963    199.584 0.0000e+00
     80.132   1898.479    14.1403   4.532992     2.9194     0.3097  1.5672060  14.123545    14.1284    38.0123    28.4896     4.6007    199.778 0.0000e+00
     80.230   1899.479    14.1410   4.533067     2.9206     0.3037  1.5667990  14.124228    14.1291    38.0123    28.4894     4.5973    199.627 0.0000e+00
     80.015   1900.479    14.1402   4.532955     2.9198     0.2945  1.5671042  14.124910    14.1283    38.0121    28.4895     4.5957    199.560 0.0000e+00
     79.931   1901.479    14.1397   4.532913     2.9203     0.2945  1.5665955  14.124228    14.1278    38.0122    28.4896     4.5986    199.687 0.0000e+00
     80.104   1902.479    14.1408   4.533052     2.9211     0.3086  1.5669007  14.124910    14.1289    38.0124    28.4895     4.6018    199.825 0.0000e+00
     80.111   1903.479    14.1402   4.532981     2.9221     0.2801  1.5671042  14.124910    14.1283    38.0122    28.4895     4.6015    199.810 0.0000e+00
     80.150   1904.479    14.1407   4.533032     2.9219     0.2715  1.5667481  14.123545    14.1288    38.0123    28.4895     4.6006    199.774 0.0000e+00
     80.246   1905.479    14.1415   4.533135     2.9224     0.2839  1.5670534  14.125593    14.1296    38.0123    28.4893     4.6044    199.936 0.0000e+00
     80.221   1906.479    14.1415   4.533132     2.9239     0.2842  1.5666972  14.126275    14.1296    38.0123    28.4893     4.6064    200.023 0.0000e+00
     80.153   1907.479    14.1413   4.533106     2.9235     0.2867  1.5666464  14.124910    14.1294    38.0123    28.4894     4.6010    199.790 0.0000e+00
     80.087   1908.479    14.1412   4.533089     2.9226     0.2880  1.5664937  14.127640    14.1293    38.0123    28.4894     4.6005    199.767 0.0000e+00
     80.027   1909.479    14.1412   4.533105     2.9228     0.2929  1.5671042  14.126958    14.1293    38.0125    28.4895     4.6018    199.824 0.0000e+00
     80.119   1910.479    14.1418   4.533172     2.9220     0.2897  1.5669007  14.128323    14.1299    38.0124    28.4893     4.5980    199.660 0.0000e+00
     80.238   1911.479    14.1419   4.533195     2.9217     0.2939  1.5669007  14.126275    14.1300    38.0125    28.4894     4.5976    199.643 0.0000e+00
     80.240   1912.479    14.1421   4.533201     2.9200     0.3009  1.5671042  14.126958    14.1302    38.0124    28.4893     4.5905    199.334 0.0000e+00
     80.202   1913.479    14.1421   4.533198     2.9187     0.2992  1.5669007  14.126958    14.1302    38.0124    28.4893     4.5911    199.359 0.0000e+00
     80.232   1914.479    14.1421   4.533206     2.9183     0.3018  1.5670534  14.125593    14.1302    38.0125    28.4893     4.5936    199.467 0.0000e+00
     80.193   1915.479    14.1421   4.533207     2.9191     0.3068  1.5665955  14.125593    14.1302    38.0125    28.4894     4.5978    199.648 0.0000e+00
     80.115   1916.479    14.1421   4.533204     2.9206     0.2822  1.5671551  14.124910    14.1302    38.0125    28.4893     4.6024    199.851 0.0000e+00
     80.001   1917.479    14.1420   4.533183     2.9223     0.2795  1.5666464  14.123545    14.1301    38.0124    28.4893     4.6063    200.017 0.0000e+00
     80.208   1918.479    14.1418   4.533173     2.9242     0.2930  1.5668499  14.124228    14.1299    38.0124    28.4893     4.6091    200.140 0.0000e+00
     80.370   1919.479    14.1414   4.533088     2.9248     0.3119  1.5666972  14.124228    14.1294    38.0120    28.4891     4.6053    199.974 0.0000e+00
     80.043   1920.479    14.1417   4.533126     2.9235     0.3079  1.5666972  14.126275    14.1298    38.0122    28.4892     4.5998    199.735 0.0000e+00
     79.565   1921.479    14.1412   4.533061     2.9230     0.3017  1.5666972  14.123545    14.1294    38.0123    28.4893     4.6023    199.846 0.0000e+00
     79.172   1922.479    14.1410   4.533036     2.9232     0.2952  1.5667481  14.127640    14.1292    38.0124    28.4894     4.6027    199.864 0.0000e+00
     79.150   1923.479    14.1410   4.533027     2.9233     0.2977  1.5669007  14.124910    14.1292    38.0123    28.4894     4.6029    199.870 0.0000e+00
     79.252   1924.479    14.1411   4.533036     2.9234     0.2932  1.5665955  14.124228    14.1293    38.0123    28.4894     4.6029    199.872 0.0000e+00
     79.258   1925.479    14.1410   4.533031     2.9234     0.2887  1.5667990  14.124910    14.1292    38.0124    28.4894     4.6033    199.888 0.0000e+00
     79.239   1926.479    14.1410   4.533018     2.9237     0.2895  1.5666464  14.124910    14.1292    38.0123    28.4894     4.6011    199.793 0.0000e+00
     78.923   1927.479    14.1414   4.533046     2.9217     0.2906  1.5667990  14.124228    14.1296    38.0123    28.4893     4.5950    199.528 0.0000e+00
     78.722   1928.479    14.1413   4.533044     2.9214     0.2953  1.5667481  14.124228    14.1296    38.0124    28.4894     4.5969    199.612 0.0000e+00
     78.950   1929.479    14.1413   4.533045     2.9205     0.2894  1.5664937  14.123545    14.1296    38.0123    28.4893     4.5927    199.430 0.0000e+00
     78.456   1930.479    14.1415   4.533054     2.9188     0.3022  1.5666464  14.123545    14.1298    38.0124    28.4894     4.5904    199.331 0.0000e+00
     77.425   1931.479    14.1409   4.532811     2.9193     0.3149  1.5663920  14.124910    14.1294    38.0112    28.4885     4.5955    199.552 0.0000e+00
     76.023   1932.479    14.1378   4.532185     2.9196     0.3117  1.5662394  14.124910    14.1265    38.0090    28.4874     4.5961    199.576 0.0000e+00
     74.500   1933.479    14.1345   4.531645     2.9214     0.3018  1.5664429  14.123545    14.1234    38.0078    28.4872     4.5996    199.730 0.0000e+00
     73.286   1934.479    14.1345   4.531651     2.9212     0.3062  1.5665955  14.121497    14.1236    38.0084    28.4876     4.5952    199.537 0.0000e+00
     72.312   1935.479    14.1366   4.531920     2.9215     0.2992  1.5662902  14.117402    14.1259    38.0093    28.4878     4.5983    199.672 0.0000e+00
     71.356   1936.479    14.1343   4.531510     2.9231     0.3007  1.5664429  14.118085    14.1237    38.0081    28.4874     4.6038    199.910 0.0000e+00
     70.211   1937.479    14.1301   4.530746     2.9248     0.3159  1.5666464  14.119450    14.1196    38.0057    28.4864     4.6038    199.911 0.0000e+00
     68.947   1938.479    14.1247   4.529886     2.9246     0.3232  1.5663411  14.114672    14.1144    38.0034    28.4858     4.5994    199.721 0.0000e+00
     67.740   1939.479    14.1258   4.529943     2.9238     0.3145  1.5665446  14.109212    14.1157    38.0035    28.4855     4.5973    199.630 0.0000e+00
     66.650   1940.479    14.1253   4.529777     2.9242     0.2988  1.5663920  14.107847    14.1153    38.0029    28.4851     4.6021    199.838 0.0000e+00
     65.428   1941.479    14.1246   4.529589     2.9253     0.3001  1.5663411  14.109894    14.1149    38.0023    28.4848     4.6027    199.862 0.0000e+00
     64.179   1942.479    14.1190   4.528587     2.9258     0.3076  1.5663920  14.109212    14.1094    37.9990    28.4834     4.6048    199.955 0.0000e+00
     62.966   1943.479    14.1181   4.528457     2.9277     0.3233  1.5662902  14.106481    14.1087    37.9992    28.4837     4.6101    200.187 0.0000e+00
     61.781   1944.479    14.1210   4.528749     2.9291     0.3272  1.5662394  14.105116    14.1118    37.9995    28.4833     4.6082    200.104 0.0000e+00
     60.942   1945.479    14.1224   4.528898     2.9285     0.3282  1.5663411  14.107164    14.1133    38.0000    28.4833     4.6027    199.865 0.0000e+00
     60.368   1946.479    14.1232   4.528974     2.9283     0.3447  1.5658324  14.107164    14.1142    38.0001    28.4832     4.6060    200.009 0.0000e+00
     60.168   1947.479    14.1218   4.528842     2.9297     0.3296  1.5661885  14.107164    14.1129    38.0004    28.4837     4.6100    200.183 0.0000e+00
     60.089   1948.479    14.1213   4.528714     2.9300     0.3158  1.5660867  14.107164    14.1124    37.9997    28.4833     4.6048    199.956 0.0000e+00
     60.268   1949.479    14.1221   4.528792     2.9283     0.3222  1.5661376  14.105116    14.1132    37.9995    28.4830     4.6028    199.868 0.0000e+00
     60.280   1950.479    14.1222   4.528809     2.9293     0.3320  1.5662902  14.105116    14.1132    37.9996    28.4830     4.6099    200.177 0.0000e+00
     60.224   1951.479    14.1230   4.528957     2.9304     0.3356  1.5660359  14.105116    14.1140    38.0003    28.4834     4.6083    200.105 0.0000e+00
     60.160   1952.479    14.1237   4.528988     2.9297     0.3224  1.5662902  14.107164    14.1148    37.9999    28.4829     4.6051    199.969 0.0000e+00
     60.224   1953.479    14.1248   4.529126     2.9291     0.3275  1.5659850  14.107164    14.1158    38.0001    28.4828     4.6051    199.970 0.0000e+00
     60.450   1954.479    14.1267   4.529296     2.9300     0.3298  1.5661376  14.107847    14.1177    37.9997    28.4822     4.6104    200.199 0.0000e+00
     60.455   1955.479    14.1265   4.529264     2.9306     0.3479  1.5660359  14.107847    14.1175    37.9996    28.4821     4.6079    200.089 0.0000e+00
     60.269   1956.479    14.1263   4.529249     2.9297     0.3597  1.5659850  14.109212    14.1173    37.9997    28.4822     4.6037    199.909 0.0000e+00
     60.311   1957.479    14.1266   4.529276     2.9292     0.3469  1.5660867  14.107847    14.1176    37.9996    28.4821     4.6062    200.016 0.0000e+00
     60.299   1958.479    14.1265   4.529266     2.9303     0.3569  1.5659850  14.108529    14.1175    37.9997    28.4821     4.6111    200.230 0.0000e+00
     60.292   1959.479    14.1266   4.529272     2.9312     0.3438  1.5660358  14.111259    14.1176    37.9996    28.4821     4.6111    200.231 0.0000e+00
     60.351   1960.479    14.1265   4.529259     2.9312     0.3392  1.5660358  14.108529    14.1175    37.9996    28.4821     4.6066    200.032 0.0000e+00
