Boussole/Data/archives/Test1.cnv
* Sea-Bird SBE 9 Data File:
* FileName = C:\MOOSE\CTD\Work\raw\Test1.hdr
* Software Version Seasave V 7.23.2
* Temperature SN = 2473
* Conductivity SN = 2929
* Number of Bytes Per Scan = 30
* Number of Voltage Words = 4
* Number of Scans Averaged by the Deck Unit = 1
* NMEA baud rate = 4800
** Ship:
** Station:
** Operator:
# nquan = 14
# nvalues = 2211                        
# units = specified
# name 0 = prDM: Pressure, Digiquartz [db]
# name 1 = timeS: Time, Elapsed [seconds]
# name 2 = t090C: Temperature [ITS-90, deg C]
# name 3 = c0S/m: Conductivity [S/m]
# name 4 = sbeox0V: Oxygen raw, SBE 43 [V]
# name 5 = flC: Fluorescence, Chelsea Aqua 3 Chl Con [ug/l]
# name 6 = upoly0: Upoly 0, RINKOIII_DO
# name 7 = upoly1: Upoly 1, RINKOIII_Temp
# name 8 = potemp090C: Potential Temperature [ITS-90, deg C]
# name 9 = sal00: Salinity, Practical [PSU]
# name 10 = sigma-é00: Density [sigma-theta, kg/m^3]
# name 11 = sbeox0ML/L: Oxygen, SBE 43 [ml/l], WS = 2
# name 12 = sbox0Mm/Kg: Oxygen, SBE 43 [umol/kg], WS = 2
# name 13 = flag: flag
# span 0 =     -0.007,    501.768       
# span 1 =      0.479,   2210.396       
# span 2 =    13.7017,    14.2761       
# span 3 =   0.928473,   4.621241       
# span 4 =     2.2065,     2.9781       
# span 5 =     0.0110,     0.4521       
# span 6 =  1.5409645,  1.8371489       
# span 7 =  13.462557,  14.255245       
# span 8 =    13.7017,    14.2601       
# span 9 =     7.0039,    38.7093       
# span 10 =     4.6871,    29.0721      
# span 11 =     3.3093,     5.2882      
# span 12 =    143.616,    235.128      
# span 13 = 0.0000e+00, 0.0000e+00      
# interval = seconds: 1                 
# start_time = Jan 28 2021 09:00:13 [System UTC, header]
# bad_flag = -9.990e-29
*END*
[from data line 1136]
    437.727   1136.479    13.9936   4.605917     2.2290     0.1525  1.8289072  13.976760    13.9278    38.6877    29.0560     3.3215    144.149 0.0000e+00
    438.096   1137.479    13.9938   4.605938     2.2289     0.1431  1.8287546  13.977443    13.9279    38.6876    29.0559     3.3210    144.129 0.0000e+00
    438.821   1138.479    13.9938   4.605981     2.2290     0.1401  1.8292124  13.976760    13.9278    38.6876    29.0560     3.3251    144.306 0.0000e+00
    439.375   1139.479    13.9933   4.605953     2.2304     0.1548  1.8288054  13.976760    13.9272    38.6877    29.0562     3.3283    144.447 0.0000e+00
    439.164   1140.479    13.9941   4.606021     2.2302     0.1452  1.8289072  13.976760    13.9280    38.6876    29.0559     3.3226    144.196 0.0000e+00
    439.650   1141.479    13.9936   4.605998     2.2295     0.1464  1.8289581  13.978126    13.9275    38.6876    29.0560     3.3227    144.201 0.0000e+00
    440.594   1142.479    13.9931   4.605978     2.2293     0.1502  1.8293142  13.976077    13.9268    38.6875    29.0561     3.3212    144.136 0.0000e+00
    441.278   1143.479    13.9924   4.605941     2.2281     0.1386  1.8290089  13.976760    13.9261    38.6876    29.0563     3.3186    144.024 0.0000e+00
    441.748   1144.479    13.9924   4.605947     2.2276     0.1373  1.8292124  13.977443    13.9259    38.6875    29.0563     3.3207    144.113 0.0000e+00
    442.082   1145.479    13.9918   4.605905     2.2283     0.1448  1.8289580  13.976077    13.9253    38.6875    29.0565     3.3262    144.352 0.0000e+00
    442.210   1146.479    13.9920   4.605948     2.2295     0.1508  1.8291107  13.976077    13.9255    38.6876    29.0565     3.3275    144.411 0.0000e+00
    442.621   1147.479    13.9920   4.605942     2.2299     0.1513  1.8289072  13.976077    13.9254    38.6874    29.0564     3.3254    144.318 0.0000e+00
    443.366   1148.479    13.9905   4.605768     2.2293     0.1583  1.8291107  13.978126    13.9238    38.6869    29.0563     3.3217    144.157 0.0000e+00
    443.995   1149.479    13.9898   4.605741     2.2279     0.1485  1.8292633  13.976760    13.9230    38.6871    29.0566     3.3202    144.095 0.0000e+00
    444.544   1150.479    13.9897   4.605741     2.2281     0.1480  1.8293142  13.975394    13.9229    38.6869    29.0565     3.3251    144.305 0.0000e+00
    445.013   1151.479    13.9892   4.605690     2.2289     0.1521  1.8293650  13.975394    13.9223    38.6868    29.0566     3.3269    144.384 0.0000e+00
    445.189   1152.479    13.9890   4.605678     2.2292     0.1603  1.8295177  13.975394    13.9220    38.6868    29.0566     3.3251    144.307 0.0000e+00
    445.540   1153.479    13.9892   4.605712     2.2286     0.1538  1.8291616  13.976077    13.9222    38.6868    29.0565     3.3235    144.237 0.0000e+00
    446.162   1154.479    13.9888   4.605680     2.2285     0.1504  1.8292124  13.974711    13.9217    38.6866    29.0565     3.3239    144.253 0.0000e+00
    446.937   1155.479    13.9884   4.605685     2.2280     0.1543  1.8295685  13.974711    13.9212    38.6867    29.0567     3.3216    144.156 0.0000e+00
    447.449   1156.479    13.9881   4.605666     2.2274     0.1356  1.8296194  13.973345    13.9208    38.6866    29.0567     3.3229    144.210 0.0000e+00
    447.685   1157.479    13.9880   4.605655     2.2280     0.1325  1.8295177  13.976077    13.9207    38.6865    29.0567     3.3253    144.316 0.0000e+00
    448.039   1158.479    13.9878   4.605644     2.2278     0.1278  1.8293651  13.975394    13.9204    38.6864    29.0567     3.3220    144.172 0.0000e+00
    448.393   1159.479    13.9872   4.605580     2.2266     0.1296  1.8294159  13.976077    13.9198    38.6862    29.0566     3.3180    143.999 0.0000e+00
    448.944   1160.479    13.9860   4.605450     2.2259     0.1440  1.8294159  13.975394    13.9185    38.6860    29.0568     3.3185    144.022 0.0000e+00
    449.690   1161.479    13.9844   4.605276     2.2255     0.1403  1.8293651  13.970614    13.9167    38.6857    29.0569     3.3184    144.016 0.0000e+00
    450.233   1162.479    13.9832   4.605160     2.2249     0.1339  1.8295686  13.970614    13.9155    38.6855    29.0570     3.3184    144.017 0.0000e+00
    450.667   1163.479    13.9823   4.605056     2.2252     0.1389  1.8296194  13.969248    13.9146    38.6852    29.0570     3.3209    144.126 0.0000e+00
    450.862   1164.479    13.9809   4.604876     2.2253     0.1468  1.8297212  13.969248    13.9131    38.6849    29.0570     3.3218    144.164 0.0000e+00
    451.136   1165.479    13.9809   4.604875     2.2263     0.1472  1.8298738  13.969931    13.9131    38.6847    29.0569     3.3263    144.358 0.0000e+00
    451.887   1166.479    13.9797   4.604743     2.2273     0.1484  1.8296703  13.967199    13.9117    38.6844    29.0570     3.3271    144.394 0.0000e+00
    452.453   1167.479    13.9765   4.604350     2.2275     0.1467  1.8299247  13.961736    13.9085    38.6836    29.0570     3.3282    144.442 0.0000e+00
    452.886   1168.479    13.9731   4.603956     2.2284     0.1559  1.8298738  13.962419    13.9050    38.6831    29.0574     3.3287    144.463 0.0000e+00
    453.510   1169.479    13.9696   4.603550     2.2276     0.1479  1.8299247  13.963784    13.9015    38.6825    29.0577     3.3224    144.188 0.0000e+00
    453.717   1170.479    13.9715   4.603811     2.2255     0.1409  1.8301282  13.959687    13.9033    38.6830    29.0577     3.3153    143.882 0.0000e+00
    453.995   1171.479    13.9693   4.603476     2.2238     0.1377  1.8296703  13.963784    13.9011    38.6819    29.0574     3.3159    143.907 0.0000e+00
    454.681   1172.479    13.9611   4.602496     2.2233     0.1438  1.8300264  13.959687    13.8928    38.6806    29.0581     3.3181    144.004 0.0000e+00
    455.214   1173.479    13.9600   4.602375     2.2233     0.1492  1.8304334  13.952857    13.8916    38.6803    29.0581     3.3201    144.087 0.0000e+00
    455.797   1174.479    13.9589   4.602277     2.2235     0.1467  1.8307895  13.952174    13.8904    38.6802    29.0583     3.3209    144.126 0.0000e+00
    456.101   1175.479    13.9586   4.602255     2.2238     0.1354  1.8303825  13.950125    13.8901    38.6801    29.0584     3.3209    144.121 0.0000e+00
    456.608   1176.479    13.9551   4.601792     2.2233     0.1398  1.8305352  13.952174    13.8865    38.6791    29.0583     3.3189    144.038 0.0000e+00
    457.153   1177.479    13.9521   4.601487     2.2231     0.1432  1.8306369  13.945344    13.8835    38.6790    29.0589     3.3200    144.085 0.0000e+00
    457.412   1178.479    13.9519   4.601467     2.2229     0.1450  1.8304843  13.943295    13.8832    38.6789    29.0589     3.3192    144.050 0.0000e+00
    457.932   1179.479    13.9492   4.601133     2.2224     0.1384  1.8308913  13.944661    13.8805    38.6782    29.0589     3.3159    143.907 0.0000e+00
    458.493   1180.479    13.9474   4.600936     2.2212     0.1352  1.8308404  13.937831    13.8785    38.6780    29.0592     3.3158    143.901 0.0000e+00
    459.171   1181.479    13.9450   4.600680     2.2216     0.1509  1.8311457  13.937148    13.8761    38.6776    29.0594     3.3198    144.075 0.0000e+00
    459.532   1182.479    13.9446   4.600699     2.2217     0.1509  1.8312983  13.937148    13.8756    38.6781    29.0599     3.3191    144.047 0.0000e+00
    459.546   1183.479    13.9501   4.601301     2.2217     0.1442  1.8310948  13.940563    13.8811    38.6782    29.0588     3.3169    143.952 0.0000e+00
    460.243   1184.479    13.9401   4.600086     2.2209     0.1479  1.8311457  13.936465    13.8710    38.6765    29.0596     3.3164    143.926 0.0000e+00
    460.991   1185.479    13.9316   4.599107     2.2211     0.1483  1.8314509  13.929635    13.8624    38.6754    29.0607     3.3210    144.129 0.0000e+00
    461.497   1186.479    13.9236   4.598125     2.2218     0.1554  1.8316544  13.928952    13.8544    38.6740    29.0613     3.3230    144.216 0.0000e+00
    461.679   1187.479    13.9373   4.599868     2.2219     0.1529  1.8317053  13.927586    13.8680    38.6766    29.0603     3.3211    144.133 0.0000e+00
    462.175   1188.479    13.9158   4.597152     2.2220     0.1427  1.8317562  13.926220    13.8465    38.6723    29.0617     3.3238    144.247 0.0000e+00
    462.692   1189.479    13.9131   4.596871     2.2224     0.1283  1.8320614  13.913925    13.8437    38.6722    29.0622     3.3240    144.258 0.0000e+00
    463.153   1190.479    13.9121   4.596793     2.2219     0.1326  1.8323158  13.903679    13.8427    38.6722    29.0624     3.3208    144.119 0.0000e+00
    463.719   1191.479    13.9124   4.596877     2.2211     0.1378  1.8323158  13.907777    13.8429    38.6724    29.0626     3.3219    144.167 0.0000e+00
    464.428   1192.479    13.9130   4.596983     2.2220     0.1512  1.8325193  13.900946    13.8434    38.6725    29.0625     3.3265    144.365 0.0000e+00
    464.826   1193.479    13.9111   4.596799     2.2224     0.1498  1.8325193  13.907777    13.8414    38.6725    29.0630     3.3238    144.248 0.0000e+00
    465.164   1194.479    13.9089   4.596579     2.2214     0.1385  1.8324175  13.908461    13.8391    38.6725    29.0635     3.3199    144.078 0.0000e+00
    465.526   1195.479    13.9075   4.596436     2.2204     0.1409  1.8323158  13.908461    13.8377    38.6724    29.0637     3.3164    143.927 0.0000e+00
    466.078   1196.479    13.9061   4.596274     2.2187     0.1506  1.8327228  13.902312    13.8362    38.6720    29.0637     3.3146    143.848 0.0000e+00
    466.595   1197.479    13.9053   4.596204     2.2189     0.1382  1.8329263  13.895481    13.8353    38.6720    29.0639     3.3208    144.120 0.0000e+00
    467.085   1198.479    13.9036   4.596011     2.2196     0.1534  1.8329772  13.893432    13.8336    38.6716    29.0640     3.3235    144.235 0.0000e+00
    467.855   1199.479    13.9009   4.595725     2.2204     0.1671  1.8332824  13.893432    13.8308    38.6713    29.0643     3.3237    144.245 0.0000e+00
    468.156   1200.479    13.9034   4.596055     2.2202     0.1581  1.8333333  13.894798    13.8332    38.6717    29.0641     3.3202    144.093 0.0000e+00
    468.575   1201.479    13.9000   4.595652     2.2193     0.1524  1.8331298  13.894115    13.8298    38.6711    29.0644     3.3195    144.063 0.0000e+00
    469.110   1202.479    13.8984   4.595500     2.2195     0.1465  1.8330789  13.892066    13.8280    38.6712    29.0648     3.3208    144.119 0.0000e+00
    469.470   1203.479    13.8975   4.595420     2.2187     0.1406  1.8332824  13.891382    13.8271    38.6711    29.0650     3.3176    143.977 0.0000e+00
    469.829   1204.479    13.8972   4.595419     2.2183     0.1482  1.8333333  13.891382    13.8268    38.6712    29.0651     3.3199    144.081 0.0000e+00
    470.462   1205.479    13.8960   4.595300     2.2190     0.1455  1.8334859  13.888650    13.8255    38.6710    29.0652     3.3222    144.180 0.0000e+00
    471.154   1206.479    13.8961   4.595362     2.2188     0.1334  1.8337403  13.881136    13.8255    38.6712    29.0654     3.3200    144.085 0.0000e+00
    471.638   1207.479    13.8964   4.595436     2.2186     0.1326  1.8336385  13.881819    13.8257    38.6714    29.0655     3.3209    144.124 0.0000e+00
    472.094   1208.479    13.8963   4.595439     2.2185     0.1350  1.8336894  13.881136    13.8255    38.6713    29.0655     3.3177    143.984 0.0000e+00
    472.322   1209.479    13.8969   4.595550     2.2170     0.1502  1.8338929  13.885918    13.8261    38.6717    29.0656     3.3149    143.862 0.0000e+00
    472.702   1210.479    13.8969   4.595537     2.2172     0.1523  1.8338420  13.887284    13.8261    38.6713    29.0654     3.3195    144.061 0.0000e+00
    473.297   1211.479    13.8962   4.595498     2.2175     0.1508  1.8337403  13.883868    13.8253    38.6714    29.0656     3.3207    144.114 0.0000e+00
    473.784   1212.479    13.8961   4.595499     2.2181     0.1434  1.8338421  13.882502    13.8251    38.6714    29.0656     3.3215    144.148 0.0000e+00
    474.473   1213.479    13.8963   4.595583     2.2179     0.1518  1.8343508  13.879769    13.8252    38.6716    29.0658     3.3184    144.015 0.0000e+00
    474.980   1214.479    13.8962   4.595598     2.2171     0.1412  1.8342999  13.881136    13.8250    38.6717    29.0659     3.3159    143.906 0.0000e+00
    475.069   1215.479    13.8986   4.595865     2.2167     0.1471  1.8341473  13.882502    13.8274    38.6717    29.0654     3.3189    144.036 0.0000e+00
    475.585   1216.479    13.8968   4.595692     2.2171     0.1455  1.8335877  13.881136    13.8255    38.6717    29.0657     3.3201    144.089 0.0000e+00
    476.136   1217.479    13.8969   4.595744     2.2173     0.1464  1.8338929  13.881136    13.8255    38.6719    29.0659     3.3199    144.078 0.0000e+00
    476.626   1218.479    13.8968   4.595774     2.2170     0.1448  1.8340456  13.881136    13.8254    38.6719    29.0660     3.3171    143.956 0.0000e+00
    477.166   1219.479    13.8959   4.595692     2.2162     0.1368  1.8341982  13.880453    13.8244    38.6719    29.0661     3.3176    143.979 0.0000e+00
    477.778   1220.479    13.8957   4.595711     2.2167     0.1435  1.8340456  13.880453    13.8241    38.6719    29.0663     3.3207    144.112 0.0000e+00
    478.182   1221.479    13.8958   4.595729     2.2169     0.1466  1.8340456  13.879086    13.8241    38.6719    29.0662     3.3189    144.033 0.0000e+00
    478.488   1222.479    13.8958   4.595750     2.2161     0.1453  1.8340456  13.886601    13.8241    38.6720    29.0663     3.3161    143.915 0.0000e+00
    478.945   1223.479    13.8960   4.595794     2.2158     0.1327  1.8343508  13.882502    13.8242    38.6720    29.0663     3.3171    143.959 0.0000e+00
    479.340   1224.479    13.8964   4.595858     2.2152     0.1370  1.8341473  13.883185    13.8245    38.6720    29.0662     3.3133    143.793 0.0000e+00
    479.911   1225.479    13.8970   4.595985     2.2144     0.1471  1.8345034  13.882502    13.8251    38.6723    29.0663     3.3136    143.806 0.0000e+00
    480.535   1226.479    13.8970   4.596031     2.2143     0.1632  1.8341473  13.879769    13.8250    38.6724    29.0665     3.3145    143.844 0.0000e+00
    481.084   1227.479    13.8973   4.596081     2.2140     0.1441  1.8345034  13.880453    13.8252    38.6724    29.0664     3.3154    143.883 0.0000e+00
    481.612   1228.479    13.8971   4.596081     2.2145     0.1260  1.8341982  13.881136    13.8249    38.6723    29.0664     3.3160    143.910 0.0000e+00
    481.540   1229.479    13.8976   4.596109     2.2140     0.1221  1.8341473  13.881136    13.8254    38.6722    29.0662     3.3129    143.774 0.0000e+00
    482.064   1230.479    13.8979   4.596176     2.2136     0.1203  1.8344526  13.881819    13.8256    38.6723    29.0662     3.3143    143.836 0.0000e+00
    482.966   1231.479    13.8973   4.596165     2.2138     0.1297  1.8343508  13.881819    13.8249    38.6724    29.0664     3.3137    143.810 0.0000e+00
    483.465   1232.479    13.8974   4.596195     2.2128     0.1388  1.8344017  13.881819    13.8249    38.6724    29.0665     3.3111    143.698 0.0000e+00
    483.716   1233.479    13.8974   4.596207     2.2129     0.1546  1.8343508  13.889333    13.8249    38.6723    29.0664     3.3156    143.893 0.0000e+00
    484.152   1234.479    13.8973   4.596220     2.2140     0.1570  1.8343508  13.883868    13.8247    38.6723    29.0664     3.3191    144.046 0.0000e+00
    484.536   1235.479    13.8973   4.596245     2.2145     0.1527  1.8344526  13.885918    13.8246    38.6725    29.0665     3.3162    143.918 0.0000e+00
    485.178   1236.479    13.8973   4.596278     2.2136     0.1463  1.8344526  13.883185    13.8246    38.6724    29.0665     3.3134    143.797 0.0000e+00
    485.738   1237.479    13.8974   4.596320     2.2135     0.1522  1.8349104  13.881819    13.8246    38.6725    29.0666     3.3162    143.919 0.0000e+00
