Boussole/Data/archives/Test1.cnv
* Sea-Bird SBE 9 Data File:
* FileName = C:\MOOSE\CTD\Work\raw\Test1.hdr
* Software Version Seasave V 7.23.2
* Temperature SN = 2473
* Conductivity SN = 2929
* Number of Bytes Per Scan = 30
* Number of Voltage Words = 4
* Number of Scans Averaged by the Deck Unit = 1
* NMEA baud rate = 4800
** Ship:
** Station:
** Operator:
# nquan = 14
# nvalues = 2211                        
# units = specified
# name 0 = prDM: Pressure, Digiquartz [db]
# name 1 = timeS: Time, Elapsed [seconds]
# name 2 = t090C: Temperature [ITS-90, deg C]
# name 3 = c0S/m: Conductivity [S/m]
# name 4 = sbeox0V: Oxygen raw, SBE 43 [V]
# name 5 = flC: Fluorescence, Chelsea Aqua 3 Chl Con [ug/l]
# name 6 = upoly0: Upoly 0, RINKOIII_DO
# name 7 = upoly1: Upoly 1, RINKOIII_Temp
# name 8 = potemp090C: Potential Temperature [ITS-90, deg C]
# name 9 = sal00: Salinity, Practical [PSU]
# name 10 = sigma-é00: Density [sigma-theta, kg/m^3]
# name 11 = sbeox0ML/L: Oxygen, SBE 43 [ml/l], WS = 2
# name 12 = sbox0Mm/Kg: Oxygen, SBE 43 [umol/kg], WS = 2
# name 13 = flag: flag
# span 0 =     -0.007,    501.768       
# span 1 =      0.479,   2210.396       
# span 2 =    13.7017,    14.2761       
# span 3 =   0.928473,   4.621241       
# span 4 =     2.2065,     2.9781       
# span 5 =     0.0110,     0.4521       
# span 6 =  1.5409645,  1.8371489       
# span 7 =  13.462557,  14.255245       
# span 8 =    13.7017,    14.2601       
# span 9 =     7.0039,    38.7093       
# span 10 =     4.6871,    29.0721      
# span 11 =     3.3093,     5.2882      
# span 12 =    143.616,    235.128      
# span 13 = 0.0000e+00, 0.0000e+00      
# interval = seconds: 1                 
# start_time = Jan 28 2021 09:00:13 [System UTC, header]
# bad_flag = -9.990e-29
*END*
[from data line 1446]
    341.723   1446.479    14.1326   4.616962     2.2782     0.1505  1.8109483  14.116720    14.0810    38.6948    29.0282     3.3780    146.606 0.0000e+00
    341.754   1447.479    14.1305   4.616658     2.2784     0.1437  1.8108465  14.116720    14.0789    38.6940    29.0280     3.3776    146.588 0.0000e+00
    341.551   1448.479    14.1308   4.616682     2.2786     0.1400  1.8106939  14.115355    14.0793    38.6940    29.0280     3.3777    146.592 0.0000e+00
    341.401   1449.479    14.1294   4.616427     2.2785     0.1413  1.8104396  14.111942    14.0779    38.6931    29.0276     3.3754    146.491 0.0000e+00
    341.489   1450.479    14.1288   4.616330     2.2779     0.1414  1.8105922  14.111942    14.0773    38.6927    29.0275     3.3754    146.492 0.0000e+00
    341.450   1451.479    14.1288   4.616340     2.2782     0.1520  1.8106431  14.113307    14.0773    38.6929    29.0275     3.3775    146.586 0.0000e+00
    341.673   1452.479    14.1286   4.616330     2.2785     0.1442  1.8104904  14.109894    14.0771    38.6928    29.0275     3.3778    146.599 0.0000e+00
    342.070   1453.479    14.1286   4.616339     2.2788     0.1464  1.8105413  14.109212    14.0770    38.6928    29.0275     3.3788    146.640 0.0000e+00
    342.014   1454.479    14.1286   4.616339     2.2792     0.1533  1.8098799  14.107847    14.0770    38.6927    29.0275     3.3800    146.694 0.0000e+00
    341.562   1455.479    14.1288   4.616336     2.2792     0.1474  1.8101343  14.109894    14.0772    38.6928    29.0275     3.3778    146.596 0.0000e+00
    341.418   1456.479    14.1290   4.616370     2.2789     0.1340  1.8100325  14.111942    14.0775    38.6930    29.0276     3.3761    146.523 0.0000e+00
    341.788   1457.479    14.1287   4.616344     2.2781     0.1417  1.8099817  14.109894    14.0772    38.6928    29.0275     3.3773    146.578 0.0000e+00
    342.521   1458.479    14.1280   4.616280     2.2795     0.1463  1.8101852  14.109894    14.0763    38.6926    29.0275     3.3818    146.770 0.0000e+00
    343.532   1459.479    14.1280   4.616340     2.2792     0.1323  1.8101852  14.107164    14.0762    38.6927    29.0277     3.3780    146.604 0.0000e+00
    344.230   1460.479    14.1282   4.616400     2.2790     0.1338  1.8099308  14.108529    14.0763    38.6928    29.0277     3.3801    146.699 0.0000e+00
    344.675   1461.479    14.1286   4.616472     2.2792     0.1394  1.8097782  14.108529    14.0766    38.6929    29.0277     3.3796    146.676 0.0000e+00
    345.130   1462.479    14.1285   4.616495     2.2791     0.1377  1.8099308  14.109894    14.0764    38.6929    29.0278     3.3792    146.658 0.0000e+00
    345.410   1463.479    14.1288   4.616556     2.2787     0.1307  1.8101852  14.109212    14.0766    38.6932    29.0279     3.3771    146.568 0.0000e+00
    346.275   1464.479    14.1295   4.616710     2.2780     0.1266  1.8101852  14.109894    14.0772    38.6935    29.0281     3.3778    146.596 0.0000e+00
    347.031   1465.479    14.1309   4.616943     2.2785     0.1295  1.8103378  14.113307    14.0785    38.6940    29.0282     3.3801    146.696 0.0000e+00
    347.541   1466.479    14.1306   4.616943     2.2783     0.1409  1.8102360  14.109212    14.0782    38.6940    29.0282     3.3796    146.675 0.0000e+00
    348.119   1467.479    14.1328   4.617306     2.2790     0.1560  1.8104395  14.111259    14.0802    38.6950    29.0286     3.3814    146.754 0.0000e+00
    348.818   1468.479    14.1370   4.617942     2.2787     0.1486  1.8104395  14.113307    14.0843    38.6965    29.0288     3.3775    146.583 0.0000e+00
    349.620   1469.479    14.1417   4.618654     2.2775     0.1515  1.8098799  14.121497    14.0889    38.6981    29.0291     3.3740    146.433 0.0000e+00
    350.462   1470.479    14.1443   4.619062     2.2769     0.1393  1.8106939  14.123545    14.0914    38.6989    29.0292     3.3750    146.474 0.0000e+00
    351.442   1471.479    14.1535   4.620476     2.2766     0.1350  1.8104395  14.124910    14.1004    38.7026    29.0300     3.3754    146.492 0.0000e+00
    352.005   1472.479    14.1564   4.620880     2.2770     0.1441  1.8104904  14.133101    14.1032    38.7033    29.0300     3.3766    146.545 0.0000e+00
    352.164   1473.479    14.1555   4.620774     2.2767     0.1393  1.8111518  14.125593    14.1023    38.7031    29.0300     3.3734    146.404 0.0000e+00
    352.052   1474.479    14.1544   4.620546     2.2759     0.1406  1.8107448  14.126275    14.1012    38.7020    29.0294     3.3736    146.416 0.0000e+00
    351.710   1475.479    14.1507   4.620057     2.2764     0.1321  1.8107957  14.124228    14.0976    38.7014    29.0297     3.3757    146.506 0.0000e+00
    351.781   1476.479    14.1527   4.620352     2.2762     0.1307  1.8106939  14.124910    14.0996    38.7020    29.0298     3.3740    146.432 0.0000e+00
    351.971   1477.479    14.1556   4.620788     2.2760     0.1342  1.8106939  14.127640    14.1024    38.7032    29.0301     3.3745    146.455 0.0000e+00
    352.026   1478.479    14.1549   4.620659     2.2762     0.1454  1.8105413  14.137196    14.1017    38.7027    29.0298     3.3744    146.448 0.0000e+00
    352.152   1479.479    14.1577   4.621091     2.2761     0.1395  1.8106431  14.135148    14.1045    38.7039    29.0302     3.3732    146.397 0.0000e+00
    351.956   1480.479    14.1576   4.621068     2.2757     0.1462  1.8107448  14.137196    14.1044    38.7038    29.0301     3.3724    146.362 0.0000e+00
    351.782   1481.479    14.1573   4.621009     2.2754     0.1350  1.8106939  14.136513    14.1041    38.7036    29.0300     3.3713    146.314 0.0000e+00
    351.859   1482.479    14.1573   4.621018     2.2748     0.1402  1.8111009  14.139243    14.1041    38.7037    29.0300     3.3708    146.293 0.0000e+00
    351.916   1483.479    14.1576   4.621076     2.2750     0.1483  1.8111009  14.135831    14.1044    38.7039    29.0301     3.3729    146.382 0.0000e+00
    351.938   1484.479    14.1578   4.621113     2.2752     0.1480  1.8109992  14.135148    14.1046    38.7041    29.0303     3.3710    146.303 0.0000e+00
    352.010   1485.479    14.1585   4.621216     2.2744     0.1389  1.8113044  14.138561    14.1053    38.7043    29.0303     3.3684    146.189 0.0000e+00
    352.102   1486.479    14.1587   4.621238     2.2741     0.1326  1.8108974  14.139243    14.1055    38.7043    29.0302     3.3685    146.194 0.0000e+00
    352.017   1487.479    14.1586   4.621236     2.2738     0.1279  1.8109992  14.139926    14.1054    38.7043    29.0303     3.3701    146.261 0.0000e+00
    351.721   1488.479    14.1576   4.621038     2.2744     0.1322  1.8108465  14.140608    14.1045    38.7036    29.0300     3.3718    146.338 0.0000e+00
    351.769   1489.479    14.1576   4.621087     2.2747     0.1329  1.8113044  14.139926    14.1045    38.7041    29.0303     3.3726    146.369 0.0000e+00
    352.079   1490.479    14.1586   4.621241     2.2750     0.1274  1.8111009  14.139243    14.1054    38.7044    29.0303     3.3714    146.320 0.0000e+00
    352.213   1491.479    14.1586   4.621233     2.2747     0.1329  1.8111518  14.136513    14.1054    38.7042    29.0302     3.3718    146.338 0.0000e+00
    351.947   1492.479    14.1587   4.621222     2.2752     0.1466  1.8109483  14.139243    14.1055    38.7042    29.0301     3.3730    146.390 0.0000e+00
    351.652   1493.479    14.1566   4.620882     2.2751     0.1487  1.8111518  14.139926    14.1035    38.7032    29.0298     3.3724    146.362 0.0000e+00
    351.951   1494.479    14.1574   4.621054     2.2754     0.1631  1.8111009  14.137196    14.1042    38.7039    29.0302     3.3720    146.346 0.0000e+00
    351.866   1495.479    14.1576   4.621088     2.2745     0.1475  1.8114062  14.139243    14.1044    38.7040    29.0303     3.3682    146.178 0.0000e+00
    352.026   1496.479    14.1582   4.621180     2.2742     0.1429  1.8111518  14.139926    14.1050    38.7042    29.0303     3.3710    146.299 0.0000e+00
    352.224   1497.479    14.1584   4.621198     2.2747     0.1380  1.8110501  14.138561    14.1052    38.7041    29.0302     3.3724    146.364 0.0000e+00
    351.919   1498.479    14.1585   4.621189     2.2747     0.1354  1.8113044  14.138561    14.1053    38.7041    29.0302     3.3699    146.253 0.0000e+00
    351.816   1499.479    14.1583   4.621165     2.2740     0.1466  1.8111518  14.138561    14.1051    38.7041    29.0302     3.3684    146.191 0.0000e+00
    351.867   1500.479    14.1583   4.621184     2.2743     0.1435  1.8109483  14.138561    14.1051    38.7042    29.0303     3.3715    146.322 0.0000e+00
    351.989   1501.479    14.1584   4.621190     2.2745     0.1470  1.8109992  14.138561    14.1052    38.7042    29.0302     3.3712    146.308 0.0000e+00
    351.900   1502.479    14.1584   4.621190     2.2746     0.1572  1.8113044  14.139926    14.1052    38.7042    29.0302     3.3708    146.291 0.0000e+00
    352.036   1503.479    14.1587   4.621231     2.2745     0.1471  1.8108974  14.139243    14.1055    38.7042    29.0302     3.3704    146.273 0.0000e+00
    352.114   1504.479    14.1586   4.621225     2.2745     0.1433  1.8111009  14.141291    14.1054    38.7042    29.0302     3.3705    146.280 0.0000e+00
    351.925   1505.479    14.1581   4.621124     2.2742     0.1422  1.8110501  14.140608    14.1049    38.7039    29.0300     3.3690    146.215 0.0000e+00
    352.054   1506.479    14.1575   4.621054     2.2742     0.1559  1.8108974  14.139243    14.1043    38.7037    29.0300     3.3715    146.325 0.0000e+00
    351.952   1507.479    14.1577   4.621081     2.2749     0.1552  1.8115079  14.139926    14.1045    38.7038    29.0301     3.3733    146.402 0.0000e+00
    351.817   1508.479    14.1578   4.621086     2.2749     0.1497  1.8109992  14.140608    14.1046    38.7039    29.0301     3.3709    146.299 0.0000e+00
    351.938   1509.479    14.1582   4.621162     2.2749     0.1534  1.8112027  14.139926    14.1050    38.7041    29.0301     3.3735    146.408 0.0000e+00
    351.979   1510.479    14.1580   4.621121     2.2757     0.1430  1.8112027  14.139926    14.1048    38.7039    29.0301     3.3742    146.442 0.0000e+00
    352.102   1511.479    14.1578   4.621099     2.2757     0.1285  1.8113044  14.139926    14.1046    38.7039    29.0301     3.3739    146.426 0.0000e+00
    352.105   1512.479    14.1580   4.621128     2.2759     0.1304  1.8111518  14.139926    14.1048    38.7040    29.0301     3.3734    146.407 0.0000e+00
    351.966   1513.479    14.1581   4.621128     2.2756     0.1358  1.8111009  14.139926    14.1049    38.7039    29.0301     3.3708    146.295 0.0000e+00
    352.036   1514.479    14.1579   4.621099     2.2745     0.1311  1.8109992  14.139926    14.1047    38.7038    29.0300     3.3696    146.239 0.0000e+00
    351.959   1515.479    14.1578   4.621093     2.2750     0.1291  1.8113044  14.139926    14.1046    38.7039    29.0301     3.3728    146.381 0.0000e+00
    351.908   1516.479    14.1581   4.621132     2.2749     0.1372  1.8108974  14.140608    14.1049    38.7039    29.0300     3.3712    146.313 0.0000e+00
    351.887   1517.479    14.1582   4.621155     2.2752     0.1388  1.8110501  14.139926    14.1051    38.7040    29.0301     3.3735    146.409 0.0000e+00
    350.814   1518.479    14.1511   4.619919     2.2753     0.1400  1.8112027  14.139926    14.0981    38.7001    29.0286     3.3719    146.341 0.0000e+00
    349.714   1519.479    14.1431   4.618757     2.2748     0.1492  1.8113044  14.132418    14.0903    38.6976    29.0283     3.3714    146.320 0.0000e+00
    348.633   1520.479    14.1410   4.618479     2.2754     0.1537  1.8111009  14.129688    14.0883    38.6976    29.0288     3.3738    146.421 0.0000e+00
    347.383   1521.479    14.1331   4.617160     2.2754     0.1467  1.8107957  14.131736    14.0806    38.6937    29.0274     3.3736    146.413 0.0000e+00
    346.526   1522.479    14.1359   4.617588     2.2760     0.1409  1.8107448  14.126958    14.0836    38.6952    29.0280     3.3756    146.501 0.0000e+00
    345.428   1523.479    14.1302   4.616712     2.2767     0.1478  1.8106939  14.118085    14.0781    38.6932    29.0276     3.3768    146.555 0.0000e+00
    344.215   1524.479    14.1282   4.616357     2.2773     0.1466  1.8105922  14.121497    14.0762    38.6924    29.0274     3.3779    146.601 0.0000e+00
    343.193   1525.479    14.1282   4.616342     2.2779     0.1373  1.8105413  14.111942    14.0764    38.6927    29.0276     3.3787    146.635 0.0000e+00
    341.951   1526.479    14.1298   4.616501     2.2787     0.1342  1.8105922  14.111259    14.0783    38.6931    29.0275     3.3802    146.701 0.0000e+00
    340.843   1527.479    14.1308   4.616537     2.2796     0.1325  1.8100326  14.113989    14.0794    38.6930    29.0272     3.3816    146.763 0.0000e+00
    339.801   1528.479    14.1309   4.616508     2.2804     0.1302  1.8097782  14.113989    14.0796    38.6931    29.0272     3.3844    146.885 0.0000e+00
    338.678   1529.479    14.1303   4.616339     2.2818     0.1296  1.8097782  14.116037    14.0792    38.6925    29.0269     3.3852    146.918 0.0000e+00
    337.565   1530.479    14.1285   4.615957     2.2820     0.1423  1.8094729  14.115355    14.0776    38.6913    29.0262     3.3827    146.809 0.0000e+00
    336.621   1531.479    14.1281   4.615802     2.2816     0.1256  1.8097273  14.111259    14.0773    38.6907    29.0258     3.3808    146.728 0.0000e+00
    335.549   1532.479    14.1280   4.615752     2.2816     0.1137  1.8094221  14.111259    14.0774    38.6907    29.0258     3.3812    146.747 0.0000e+00
    334.242   1533.479    14.1255   4.615246     2.2818     0.1338  1.8092186  14.111259    14.0751    38.6890    29.0250     3.3829    146.819 0.0000e+00
    333.073   1534.479    14.1248   4.615090     2.2824     0.1484  1.8089642  14.109212    14.0746    38.6888    29.0249     3.3840    146.868 0.0000e+00
    331.858   1535.479    14.1254   4.615097     2.2831     0.1475  1.8088116  14.108529    14.0754    38.6888    29.0248     3.3865    146.974 0.0000e+00
    330.600   1536.479    14.1245   4.614709     2.2843     0.1437  1.8086589  14.107847    14.0746    38.6866    29.0233     3.3878    147.032 0.0000e+00
    329.553   1537.479    14.1234   4.614431     2.2850     0.1406  1.8084554  14.109212    14.0737    38.6856    29.0227     3.3900    147.128 0.0000e+00
    328.748   1538.479    14.1246   4.614727     2.2864     0.1405  1.8080993  14.108529    14.0750    38.6875    29.0239     3.3932    147.268 0.0000e+00
    327.508   1539.479    14.1232   4.614269     2.2877     0.1479  1.8080484  14.107164    14.0738    38.6852    29.0224     3.3946    147.325 0.0000e+00
    326.179   1540.479    14.1235   4.614137     2.2888     0.1507  1.8076923  14.107164    14.0744    38.6842    29.0214     3.3962    147.397 0.0000e+00
    325.182   1541.479    14.1232   4.614048     2.2895     0.1590  1.8073362  14.108529    14.0742    38.6841    29.0214     3.3953    147.357 0.0000e+00
    324.002   1542.479    14.1220   4.613768     2.2898     0.1605  1.8067257  14.106481    14.0732    38.6832    29.0209     3.3955    147.368 0.0000e+00
    322.853   1543.479    14.1206   4.613412     2.2903     0.1581  1.8061660  14.108529    14.0720    38.6817    29.0201     3.3969    147.428 0.0000e+00
    321.702   1544.479    14.1203   4.613311     2.2909     0.1392  1.8061660  14.107164    14.0718    38.6816    29.0201     3.3972    147.441 0.0000e+00
    320.519   1545.479    14.1200   4.613210     2.2916     0.1397  1.8058099  14.107164    14.0717    38.6815    29.0199     3.3996    147.544 0.0000e+00
    319.448   1546.479    14.1207   4.613274     2.2925     0.1513  1.8056573  14.106481    14.0726    38.6818    29.0200     3.3995    147.539 0.0000e+00
    318.397   1547.479    14.1231   4.613518     2.2923     0.1460  1.8057590  14.107164    14.0751    38.6822    29.0197     3.3947    147.332 0.0000e+00
