Boussole/Data/archives/Test1.cnv
* Sea-Bird SBE 9 Data File:
* FileName = C:\MOOSE\CTD\Work\raw\Test1.hdr
* Software Version Seasave V 7.23.2
* Temperature SN = 2473
* Conductivity SN = 2929
* Number of Bytes Per Scan = 30
* Number of Voltage Words = 4
* Number of Scans Averaged by the Deck Unit = 1
* NMEA baud rate = 4800
** Ship:
** Station:
** Operator:
# nquan = 14
# nvalues = 2211                        
# units = specified
# name 0 = prDM: Pressure, Digiquartz [db]
# name 1 = timeS: Time, Elapsed [seconds]
# name 2 = t090C: Temperature [ITS-90, deg C]
# name 3 = c0S/m: Conductivity [S/m]
# name 4 = sbeox0V: Oxygen raw, SBE 43 [V]
# name 5 = flC: Fluorescence, Chelsea Aqua 3 Chl Con [ug/l]
# name 6 = upoly0: Upoly 0, RINKOIII_DO
# name 7 = upoly1: Upoly 1, RINKOIII_Temp
# name 8 = potemp090C: Potential Temperature [ITS-90, deg C]
# name 9 = sal00: Salinity, Practical [PSU]
# name 10 = sigma-é00: Density [sigma-theta, kg/m^3]
# name 11 = sbeox0ML/L: Oxygen, SBE 43 [ml/l], WS = 2
# name 12 = sbox0Mm/Kg: Oxygen, SBE 43 [umol/kg], WS = 2
# name 13 = flag: flag
# span 0 =     -0.007,    501.768       
# span 1 =      0.479,   2210.396       
# span 2 =    13.7017,    14.2761       
# span 3 =   0.928473,   4.621241       
# span 4 =     2.2065,     2.9781       
# span 5 =     0.0110,     0.4521       
# span 6 =  1.5409645,  1.8371489       
# span 7 =  13.462557,  14.255245       
# span 8 =    13.7017,    14.2601       
# span 9 =     7.0039,    38.7093       
# span 10 =     4.6871,    29.0721      
# span 11 =     3.3093,     5.2882      
# span 12 =    143.616,    235.128      
# span 13 = 0.0000e+00, 0.0000e+00      
# interval = seconds: 1                 
# start_time = Jan 28 2021 09:00:13 [System UTC, header]
# bad_flag = -9.990e-29
*END*
[from data line 1342]
    452.827   1342.479    13.9622   4.602693     2.2238     0.1430  1.8316035  13.926903    13.8942    38.6821    29.0590     3.3197    144.073 0.0000e+00
    451.759   1343.479    13.9703   4.603626     2.2231     0.1494  1.8316544  13.930318    13.9025    38.6832    29.0581     3.3149    143.865 0.0000e+00
    450.530   1344.479    13.9728   4.603897     2.2228     0.1501  1.8315527  13.937831    13.9051    38.6838    29.0580     3.3174    143.970 0.0000e+00
    449.314   1345.479    13.9804   4.604804     2.2242     0.1484  1.8315018  13.933733    13.9129    38.6853    29.0574     3.3199    144.080 0.0000e+00
    448.216   1346.479    13.9804   4.604690     2.2241     0.1582  1.8308913  13.949442    13.9130    38.6848    29.0570     3.3173    143.969 0.0000e+00
    447.117   1347.479    13.9796   4.604603     2.2247     0.1496  1.8308913  13.952857    13.9124    38.6852    29.0574     3.3203    144.098 0.0000e+00
    446.154   1348.479    13.9805   4.604629     2.2258     0.1414  1.8306369  13.949442    13.9135    38.6850    29.0570     3.3234    144.234 0.0000e+00
    445.415   1349.479    13.9747   4.603858     2.2268     0.1418  1.8308404  13.946710    13.9077    38.6839    29.0574     3.3237    144.246 0.0000e+00
    444.264   1350.479    13.9846   4.605111     2.2268     0.1384  1.8307387  13.946710    13.9178    38.6863    29.0571     3.3200    144.085 0.0000e+00
    442.797   1351.479    13.9894   4.605658     2.2269     0.1518  1.8304843  13.957638    13.9228    38.6872    29.0568     3.3212    144.135 0.0000e+00
    441.582   1352.479    13.9900   4.605632     2.2274     0.1574  1.8301790  13.963102    13.9236    38.6869    29.0563     3.3212    144.137 0.0000e+00
    440.677   1353.479    13.9828   4.604671     2.2275     0.1516  1.8302808  13.961736    13.9166    38.6855    29.0568     3.3215    144.152 0.0000e+00
    439.489   1354.479    13.9891   4.605474     2.2279     0.1549  1.8302299  13.968565    13.9230    38.6873    29.0568     3.3216    144.152 0.0000e+00
    438.379   1355.479    13.9928   4.605845     2.2280     0.1514  1.8299755  13.965150    13.9268    38.6876    29.0562     3.3207    144.115 0.0000e+00
    437.704   1356.479    13.9887   4.605258     2.2284     0.1456  1.8299247  13.968565    13.9229    38.6864    29.0561     3.3229    144.211 0.0000e+00
    436.545   1357.479    13.9915   4.605618     2.2289     0.1442  1.8301282  13.973345    13.9259    38.6875    29.0563     3.3224    144.190 0.0000e+00
    435.031   1358.479    13.9939   4.605814     2.2294     0.1459  1.8298738  13.971979    13.9284    38.6877    29.0559     3.3237    144.245 0.0000e+00
    434.085   1359.479    13.9931   4.605665     2.2299     0.1365  1.8297720  13.974028    13.9278    38.6875    29.0559     3.3225    144.191 0.0000e+00
    433.243   1360.479    13.9926   4.605551     2.2296     0.1233  1.8297212  13.974711    13.9275    38.6872    29.0558     3.3195    144.062 0.0000e+00
    431.999   1361.479    13.9946   4.605733     2.2290     0.1283  1.8295686  13.971979    13.9296    38.6875    29.0555     3.3200    144.084 0.0000e+00
    430.880   1362.479    13.9973   4.605942     2.2300     0.1395  1.8295177  13.974028    13.9325    38.6872    29.0547     3.3242    144.269 0.0000e+00
    429.713   1363.479    13.9972   4.605873     2.2307     0.1364  1.8296703  13.976077    13.9325    38.6873    29.0547     3.3235    144.237 0.0000e+00
    428.423   1364.479    13.9995   4.606120     2.2310     0.1259  1.8293651  13.975394    13.9350    38.6878    29.0546     3.3223    144.185 0.0000e+00
    427.433   1365.479    14.0010   4.606248     2.2310     0.1357  1.8290598  13.974028    13.9367    38.6880    29.0543     3.3207    144.115 0.0000e+00
    426.706   1366.479    13.9990   4.605987     2.2308     0.1422  1.8289581  13.976077    13.9348    38.6879    29.0546     3.3211    144.134 0.0000e+00
    425.569   1367.479    14.0007   4.606139     2.2311     0.1428  1.8289072  13.976077    13.9367    38.6881    29.0544     3.3217    144.158 0.0000e+00
    424.440   1368.479    14.0045   4.606534     2.2314     0.1362  1.8289581  13.977443    13.9407    38.6884    29.0538     3.3243    144.273 0.0000e+00
    423.251   1369.479    14.0052   4.606553     2.2331     0.1407  1.8289581  13.980857    13.9415    38.6885    29.0537     3.3264    144.365 0.0000e+00
    421.978   1370.479    14.0072   4.606751     2.2329     0.1396  1.8289072  13.978808    13.9437    38.6889    29.0535     3.3219    144.168 0.0000e+00
    420.710   1371.479    14.0088   4.606870     2.2330     0.1365  1.8284493  13.978808    13.9455    38.6890    29.0532     3.3237    144.247 0.0000e+00
    419.638   1372.479    14.0108   4.607052     2.2337     0.1445  1.8289072  13.983589    13.9476    38.6892    29.0529     3.3252    144.312 0.0000e+00
    418.967   1373.479    14.0045   4.606288     2.2342     0.1470  1.8283984  13.978126    13.9415    38.6885    29.0537     3.3270    144.390 0.0000e+00
    418.158   1374.479    14.0102   4.606967     2.2351     0.1514  1.8282967  13.982906    13.9473    38.6896    29.0533     3.3279    144.429 0.0000e+00
    416.822   1375.479    14.0234   4.608806     2.2355     0.1562  1.8282967  13.989052    13.9607    38.6942    29.0540     3.3239    144.254 0.0000e+00
    415.303   1376.479    14.0367   4.610285     2.2348     0.1534  1.8277879  14.002026    13.9742    38.6955    29.0520     3.3217    144.158 0.0000e+00
    414.190   1377.479    14.0356   4.610071     2.2355     0.1420  1.8271266  14.008855    13.9732    38.6951    29.0519     3.3238    144.248 0.0000e+00
    413.216   1378.479    14.0221   4.608523     2.2351     0.1449  1.8275336  14.007489    13.9600    38.6945    29.0543     3.3202    144.095 0.0000e+00
    412.335   1379.479    14.0300   4.609371     2.2341     0.1376  1.8272792  14.008855    13.9679    38.6950    29.0530     3.3177    143.985 0.0000e+00
    411.293   1380.479    14.0419   4.610902     2.2344     0.1343  1.8268722  14.009538    13.9800    38.6979    29.0526     3.3221    144.175 0.0000e+00
    410.145   1381.479    14.0598   4.613134     2.2359     0.1295  1.8270248  14.008855    13.9980    38.7015    29.0515     3.3257    144.331 0.0000e+00
    409.002   1382.479    14.0617   4.613236     2.2374     0.1498  1.8265161  14.022511    14.0000    38.7011    29.0508     3.3260    144.346 0.0000e+00
    407.615   1383.479    14.0646   4.613653     2.2378     0.1414  1.8265669  14.027290    14.0032    38.7027    29.0513     3.3228    144.206 0.0000e+00
    406.612   1384.479    14.0630   4.613245     2.2377     0.1569  1.8262617  14.027290    14.0017    38.7009    29.0503     3.3242    144.267 0.0000e+00
    405.882   1385.479    14.0687   4.614154     2.2388     0.1638  1.8263126  14.033435    14.0075    38.7040    29.0514     3.3287    144.463 0.0000e+00
    404.693   1386.479    14.0815   4.615651     2.2404     0.1471  1.8258038  14.040945    14.0204    38.7059    29.0500     3.3301    144.524 0.0000e+00
    403.509   1387.479    14.0861   4.616196     2.2413     0.1416  1.8255494  14.051187    14.0252    38.7069    29.0498     3.3285    144.455 0.0000e+00
    402.277   1388.479    14.0881   4.616403     2.2414     0.1413  1.8254986  14.058014    14.0274    38.7073    29.0496     3.3277    144.419 0.0000e+00
    401.157   1389.479    14.0915   4.616750     2.2419     0.1329  1.8248372  14.055966    14.0310    38.7077    29.0491     3.3276    144.415 0.0000e+00
    400.096   1390.479    14.0929   4.616783     2.2417     0.1352  1.8247354  14.058697    14.0325    38.7071    29.0483     3.3245    144.280 0.0000e+00
    399.158   1391.479    14.0894   4.616341     2.2413     0.1322  1.8243793  14.060062    14.0292    38.7069    29.0489     3.3262    144.355 0.0000e+00
    398.172   1392.479    14.0960   4.617007     2.2423     0.1279  1.8244810  14.058697    14.0359    38.7069    29.0475     3.3286    144.459 0.0000e+00
    397.089   1393.479    14.0976   4.617178     2.2426     0.1342  1.8243793  14.060062    14.0376    38.7075    29.0475     3.3285    144.454 0.0000e+00
    395.751   1394.479    14.1026   4.617622     2.2440     0.1395  1.8242775  14.063475    14.0428    38.7072    29.0462     3.3340    144.693 0.0000e+00
    394.602   1395.479    14.1034   4.617613     2.2455     0.1440  1.8236162  14.073715    14.0438    38.7068    29.0457     3.3326    144.631 0.0000e+00
    393.478   1396.479    14.1013   4.617318     2.2450     0.1442  1.8233618  14.075081    14.0419    38.7067    29.0460     3.3285    144.454 0.0000e+00
    392.231   1397.479    14.1048   4.617684     2.2452     0.1421  1.8230057  14.075081    14.0456    38.7071    29.0455     3.3325    144.627 0.0000e+00
    391.633   1398.479    14.0983   4.616894     2.2466     0.1373  1.8227513  14.074398    14.0392    38.7065    29.0464     3.3359    144.774 0.0000e+00
    390.625   1399.479    14.1040   4.617533     2.2472     0.1326  1.8225987  14.076446    14.0451    38.7072    29.0456     3.3352    144.745 0.0000e+00
    389.303   1400.479    14.1137   4.618623     2.2480     0.1254  1.8225478  14.081224    14.0550    38.7083    29.0444     3.3355    144.757 0.0000e+00
    387.962   1401.479    14.1163   4.618797     2.2488     0.1220  1.8221917  14.088733    14.0577    38.7080    29.0435     3.3378    144.857 0.0000e+00
    386.815   1402.479    14.1173   4.618899     2.2499     0.1199  1.8215303  14.087368    14.0589    38.7084    29.0436     3.3395    144.931 0.0000e+00
    386.063   1403.479    14.1121   4.618246     2.2507     0.1316  1.8212759  14.088050    14.0538    38.7078    29.0443     3.3402    144.963 0.0000e+00
    385.120   1404.479    14.1188   4.618994     2.2513     0.1339  1.8209707  14.090098    14.0607    38.7086    29.0433     3.3398    144.946 0.0000e+00
    383.733   1405.479    14.1189   4.618872     2.2518     0.1252  1.8207163  14.092829    14.0609    38.7079    29.0428     3.3400    144.955 0.0000e+00
    382.456   1406.479    14.1200   4.618905     2.2519     0.1272  1.8206654  14.092146    14.0623    38.7077    29.0423     3.3381    144.872 0.0000e+00
    381.586   1407.479    14.1178   4.618579     2.2520     0.1247  1.8203602  14.090781    14.0602    38.7072    29.0424     3.3398    144.945 0.0000e+00
    380.306   1408.479    14.1167   4.618327     2.2525     0.1235  1.8200549  14.092829    14.0593    38.7065    29.0420     3.3407    144.986 0.0000e+00
    379.299   1409.479    14.1156   4.618089     2.2530     0.1195  1.8200549  14.092146    14.0583    38.7059    29.0418     3.3402    144.963 0.0000e+00
    378.554   1410.479    14.1150   4.618007     2.2528     0.1210  1.8200040  14.093511    14.0578    38.7060    29.0420     3.3393    144.924 0.0000e+00
    377.326   1411.479    14.1087   4.616864     2.2534     0.1206  1.8195971  14.092829    14.0518    38.7020    29.0402     3.3447    145.160 0.0000e+00
    375.983   1412.479    14.1012   4.615746     2.2553     0.1325  1.8196479  14.088733    14.0445    38.6997    29.0400     3.3497    145.377 0.0000e+00
    374.938   1413.479    14.1031   4.615916     2.2565     0.1455  1.8195970  14.079859    14.0465    38.6999    29.0397     3.3486    145.326 0.0000e+00
    373.857   1414.479    14.1053   4.616248     2.2570     0.1427  1.8191392  14.086003    14.0489    38.7012    29.0402     3.3492    145.353 0.0000e+00
    372.896   1415.479    14.1084   4.616569     2.2576     0.1281  1.8190883  14.082589    14.0522    38.7015    29.0397     3.3486    145.326 0.0000e+00
    371.763   1416.479    14.1096   4.616629     2.2581     0.1299  1.8188339  14.086003    14.0535    38.7014    29.0394     3.3494    145.364 0.0000e+00
    370.345   1417.479    14.1127   4.616931     2.2583     0.1385  1.8189866  14.086685    14.0568    38.7018    29.0390     3.3462    145.223 0.0000e+00
    369.358   1418.479    14.1111   4.616669     2.2577     0.1328  1.8184778  14.090781    14.0554    38.7013    29.0389     3.3451    145.178 0.0000e+00
    368.504   1419.479    14.1086   4.616264     2.2574     0.1332  1.8180708  14.090781    14.0530    38.7004    29.0387     3.3445    145.149 0.0000e+00
    367.555   1420.479    14.1079   4.616159     2.2577     0.1424  1.8184778  14.091464    14.0525    38.7006    29.0389     3.3472    145.265 0.0000e+00
    366.591   1421.479    14.1102   4.616435     2.2582     0.1375  1.8179182  14.090781    14.0549    38.7012    29.0389     3.3467    145.246 0.0000e+00
    365.062   1422.479    14.1174   4.617271     2.2584     0.1394  1.8180199  14.091464    14.0623    38.7026    29.0384     3.3465    145.237 0.0000e+00
    363.734   1423.479    14.1175   4.617033     2.2590     0.1377  1.8176129  14.093511    14.0626    38.7009    29.0370     3.3472    145.266 0.0000e+00
    362.604   1424.479    14.1151   4.616706     2.2591     0.1437  1.8171042  14.097607    14.0604    38.7007    29.0373     3.3476    145.287 0.0000e+00
    361.841   1425.479    14.1144   4.616665     2.2604     0.1427  1.8173077  14.092146    14.0598    38.7014    29.0380     3.3537    145.548 0.0000e+00
    361.125   1426.479    14.1133   4.616418     2.2621     0.1469  1.8172568  14.090781    14.0589    38.7004    29.0374     3.3568    145.685 0.0000e+00
    359.850   1427.479    14.1171   4.616883     2.2636     0.1421  1.8171042  14.091464    14.0628    38.7016    29.0375     3.3584    145.755 0.0000e+00
    358.298   1428.479    14.1417   4.619680     2.2642     0.1515  1.8166463  14.101703    14.0876    38.7039    29.0338     3.3527    145.507 0.0000e+00
    357.448   1429.479    14.1330   4.618511     2.2642     0.1412  1.8159849  14.112624    14.0790    38.7020    29.0343     3.3549    145.601 0.0000e+00
    356.555   1430.479    14.1390   4.619250     2.2651     0.1367  1.8155270  14.111259    14.0851    38.7034    29.0340     3.3587    145.769 0.0000e+00
    355.213   1431.479    14.1435   4.619791     2.2670     0.1467  1.8153744  14.113989    14.0899    38.7045    29.0338     3.3628    145.947 0.0000e+00
    353.928   1432.479    14.1487   4.620284     2.2683     0.1414  1.8147130  14.118767    14.0952    38.7045    29.0327     3.3634    145.970 0.0000e+00
    353.041   1433.479    14.1487   4.620158     2.2697     0.1216  1.8141534  14.122862    14.0953    38.7037    29.0320     3.3657    146.071 0.0000e+00
    352.260   1434.479    14.1510   4.620356     2.2706     0.1300  1.8142043  14.121497    14.0978    38.7036    29.0314     3.3655    146.063 0.0000e+00
    351.079   1435.479    14.1510   4.620312     2.2713     0.1373  1.8136955  14.122862    14.0980    38.7037    29.0314     3.3676    146.153 0.0000e+00
    349.784   1436.479    14.1504   4.619831     2.2726     0.1307  1.8133903  14.126958    14.0976    38.7004    29.0289     3.3704    146.276 0.0000e+00
    348.731   1437.479    14.1449   4.619049     2.2737     0.1320  1.8129833  14.128323    14.0922    38.6990    29.0290     3.3729    146.386 0.0000e+00
    347.623   1438.479    14.1440   4.618942     2.2750     0.1376  1.8123219  14.125593    14.0915    38.6993    29.0295     3.3737    146.419 0.0000e+00
    346.548   1439.479    14.1377   4.617848     2.2755     0.1331  1.8121693  14.125593    14.0854    38.6958    29.0281     3.3728    146.382 0.0000e+00
    345.517   1440.479    14.1343   4.617365     2.2754     0.1293  1.8122711  14.123545    14.0822    38.6951    29.0282     3.3725    146.369 0.0000e+00
    344.596   1441.479    14.1336   4.617194     2.2760     0.1264  1.8117623  14.122180    14.0816    38.6947    29.0280     3.3749    146.470 0.0000e+00
    343.425   1442.479    14.1310   4.616766     2.2767     0.1356  1.8113044  14.123545    14.0792    38.6938    29.0278     3.3748    146.466 0.0000e+00
    341.983   1443.479    14.1286   4.616320     2.2762     0.1409  1.8111518  14.116720    14.0770    38.6926    29.0274     3.3725    146.369 0.0000e+00
    341.253   1444.479    14.1314   4.616763     2.2770     0.1459  1.8109483  14.111259    14.0799    38.6943    29.0281     3.3761    146.523 0.0000e+00
