Boussole/Data/SBEMOOSE/Work/cnv/Bous222_02.cnv
* Sea-Bird SBE 9 Data File:
* FileName = C:\boussole\202009\Bous222_02.hdr
* Software Version Seasave V 7.23.2
* Temperature SN = 5545
* Conductivity SN = 4097
* Number of Bytes Per Scan = 37
* Number of Voltage Words = 4
* Number of Scans Averaged by the Deck Unit = 1
* NMEA Latitude = 43 21.97 N
* NMEA Longitude = 007 53.80 E
* NMEA UTC (Time) = Sep 12 2020  12:12:21
* NMEA baud rate = 4800
** Navire
** Station:
** Date
** Heure debut [TU]
** Heure fin [TU]
** Heure locale / TU = +0
** Latitude
** Longitude
** Heure meteo [TU]
** T air sec [deg C]
** T mer [deg C]
** Vent [noeuds, degres]
# nquan = 21
# nvalues = 275                         
# units = specified
# name 0 = prDM: Pressure, Digiquartz [db]
# name 1 = timeS: Time, Elapsed [seconds]
# name 2 = t090C: Temperature [ITS-90, deg C]
# name 3 = t190C: Temperature, 2 [ITS-90, deg C]
# name 4 = c0S/m: Conductivity [S/m]
# name 5 = c1S/m: Conductivity, 2 [S/m]
# name 6 = sbeox0V: Oxygen raw, SBE 43 [V]
# name 7 = v2: Voltage 2
# name 8 = flC: Fluorescence, Chelsea Aqua 3 Chl Con [ug/l]
# name 9 = v3: Voltage 3
# name 10 = CStarTr0: Beam Transmission, WET Labs C-Star [%]
# name 11 = CStarAt0: Beam Attenuation, WET Labs C-Star [1/m]
# name 12 = sbeox0ML/L: Oxygen, SBE 43 [ml/l], WS = 2
# name 13 = sbox0Mm/Kg: Oxygen, SBE 43 [umol/kg], WS = 2
# name 14 = potemp090C: Potential Temperature [ITS-90, deg C]
# name 15 = potemp190C: Potential Temperature, 2 [ITS-90, deg C]
# name 16 = sal00: Salinity, Practical [PSU]
# name 17 = sal11: Salinity, Practical, 2 [PSU]
# name 18 = sigma-é00: Density [sigma-theta, kg/m^3]
# name 19 = sigma-é11: Density, 2 [sigma-theta, kg/m^3]
# name 20 = flag: flag
# span 0 =      2.631,    101.481       
# span 1 =      0.479,    274.083       
# span 2 =    13.6284,    23.0271       
# span 3 =    13.6324,    23.0347       
# span 4 =   4.525455,   5.539328       
# span 5 =   4.525886,   5.539384       
# span 6 =     2.4830,     3.8269       
# span 7 =     1.1963,     1.8005       
# span 8 =    -0.0114,     0.8845       
# span 9 =     4.4029,     4.7386       
# span 10 =    92.5070,    99.5843      
# span 11 =     0.0167,     0.3115      
# span 12 =     3.7318,     6.1109      
# span 13 =    161.967,    265.424      
# span 14 =    13.6184,    23.0265      
# span 15 =    13.6224,    23.0341      
# span 16 =    38.2482,    38.5305      
# span 17 =    38.3460,    38.5290      
# span 18 =    26.5025,    28.9897      
# span 19 =    26.4974,    28.9878      
# span 20 = 0.0000e+00, 0.0000e+00      
# interval = seconds: 1                 
# start_time = Sep 12 2020 12:12:21 [NMEA time, header]
# bad_flag = -9.990e-29
*END*
      2.714      0.479    22.9645    22.9695   5.531583   5.532137     3.2246     1.3612     0.1000     4.5851    96.3470     0.1489     4.3550    189.469    22.9639    22.9690    38.3907    38.3906    26.5183    26.5168 0.0000e+00
      3.114      1.479    22.9400    22.9370   5.529049   5.528697     3.2238     1.3399     0.1428     4.5861    96.3685     0.1480     4.3537    189.411    22.9394    22.9363    38.3921    38.3920    26.5266    26.5274 0.0000e+00
      3.089      2.479    22.9648    22.9446   5.531913   5.529730     3.2227     1.3342     0.1344     4.5830    96.3041     0.1506     4.3500    189.254    22.9642    22.9439    38.3928    38.3935    26.5199    26.5263 0.0000e+00
      2.724      3.479    22.9763    22.9719   5.533244   5.532612     3.2217     1.3781     0.0149     4.5849    96.3427     0.1490     4.3483    189.179    22.9757    22.9713    38.3933    38.3922    26.5169    26.5173 0.0000e+00
      2.708      4.479    22.9975    22.9781   5.535480   5.533069     3.2221     1.3693    -0.0114     4.5855    96.3556     0.1485     4.3494    189.227    22.9969    22.9776    38.3922    38.3903    26.5099    26.5141 0.0000e+00
      3.105      5.479    22.9795    22.9597   5.533207   5.531174     3.2227     1.2298     0.0363     4.5857    96.3599     0.1483     4.3492    189.221    22.9788    22.9591    38.3901    38.3915    26.5135    26.5204 0.0000e+00
      3.157      6.479    22.9562    22.9633   5.530932   5.531742     3.2216     1.1963     0.1233     4.5850    96.3449     0.1489     4.3516    189.323    22.9556    22.9627    38.3926    38.3927    26.5223    26.5203 0.0000e+00
      2.772      7.479    22.9775    22.9856   5.533298   5.534084     3.2229     1.2584     0.1594     4.5858    96.3620     0.1482     4.3521    189.343    22.9769    22.9850    38.3926    38.3917    26.5160    26.5130 0.0000e+00
      2.682      8.479    22.9784    22.9773   5.533026   5.533027     3.2232     1.3588     0.1408     4.5855    96.3567     0.1485     4.3528    189.375    22.9778    22.9768    38.3898    38.3907    26.5136    26.5146 0.0000e+00
      3.029      9.479    22.9626    22.9653   5.531624   5.531844     3.2242     1.3937     0.1444     4.5864    96.3749     0.1477     4.3549    189.467    22.9620    22.9647    38.3925    38.3919    26.5203    26.5190 0.0000e+00
      3.112     10.479    22.9626    22.9618   5.531602   5.531572     3.2242     1.3762     0.1471     4.5852    96.3502     0.1487     4.3543    189.441    22.9620    22.9611    38.3923    38.3928    26.5201    26.5208 0.0000e+00
      2.873     11.479    22.9834    22.9780   5.534114   5.533306     3.2234     1.3796     0.1244     4.5851    96.3481     0.1488     4.3497    189.239    22.9828    22.9774    38.3938    38.3922    26.5152    26.5156 0.0000e+00
      2.881     12.479    22.9801    22.9870   5.533630   5.534229     3.2228     1.3821     0.1126     4.5844    96.3320     0.1495     4.3507    189.285    22.9795    22.9864    38.3929    38.3916    26.5155    26.5125 0.0000e+00
      2.837     13.479    23.0211    22.9851   5.538818   5.534088     3.2226     1.3600     0.1336     4.5864    96.3760     0.1477     4.3445    189.017    23.0205    22.9845    38.3976    38.3921    26.5070    26.5134 0.0000e+00
      2.995     14.479    23.0098    22.9964   5.536420   5.535244     3.2205     1.3480     0.1568     4.5861    96.3685     0.1480     4.3430    188.953    23.0092    22.9958    38.3887    38.3912    26.5036    26.5094 0.0000e+00
      3.110     15.479    22.9854    22.9872   5.534204   5.534313     3.2209     1.3685     0.1568     4.5867    96.3813     0.1474     4.3495    189.232    22.9848    22.9866    38.3927    38.3920    26.5138    26.5127 0.0000e+00
      2.778     16.479    23.0271    23.0282   5.539328   5.539311     3.2234     1.3913     0.1571     4.5866    96.3803     0.1475     4.3511    189.302    23.0265    23.0276    38.3964    38.3953    26.5044    26.5032 0.0000e+00
      2.788     17.479    23.0151    23.0347   5.537086   5.539384     3.2244     1.3913     0.1447     4.5872    96.3921     0.1470     4.3519    189.338    23.0145    23.0341    38.3893    38.3901    26.5025    26.4974 0.0000e+00
      3.159     18.479    22.9783    22.9882   5.533285   5.534443     3.2246     1.3915     0.1052     4.5875    96.3985     0.1467     4.3512    189.306    22.9777    22.9875    38.3917    38.3921    26.5151    26.5125 0.0000e+00
      2.954     19.479    22.9571    22.9902   5.530974   5.534652     3.2216     1.3799     0.0815     4.5870    96.3878     0.1472     4.3492    189.216    22.9565    22.9896    38.3923    38.3920    26.5217    26.5119 0.0000e+00
      2.659     20.479    22.9506    22.9742   5.530002   5.532393     3.2232     1.3399     0.1008     4.5873    96.3942     0.1469     4.3551    189.474    22.9501    22.9737    38.3904    38.3885    26.5222    26.5138 0.0000e+00
      2.950     21.479    22.9388    22.9632   5.528780   5.531744     3.2228     1.3146     0.1454     4.5886    96.4210     0.1458     4.3503    189.263    22.9382    22.9626    38.3912    38.3929    26.5262    26.5204 0.0000e+00
      3.206     22.479    22.9267    22.9437   5.527646   5.529603     3.2191     1.3355     0.1556     4.5856    96.3588     0.1484     4.3448    189.023    22.9260    22.9430    38.3928    38.3932    26.5310    26.5264 0.0000e+00
      2.905     23.479    22.9303    22.9373   5.527849   5.528576     3.2183     1.3803     0.1151     4.5853    96.3524     0.1486     4.3478    189.153    22.9297    22.9367    38.3913    38.3908    26.5288    26.5264 0.0000e+00
      2.631     24.479    22.9286    22.9505   5.527671   5.529927     3.2199     1.3901     0.0682     4.5853    96.3513     0.1487     4.3502    189.259    22.9281    22.9499    38.3915    38.3900    26.5294    26.5219 0.0000e+00
      2.793     25.479    22.9291    22.9307   5.527832   5.528050     3.2188     1.3502     0.1080     4.5848    96.3417     0.1491     4.3480    189.164    22.9285    22.9301    38.3923    38.3926    26.5299    26.5297 0.0000e+00
      3.137     26.479    22.9194    22.9077   5.526537   5.525384     3.2208     1.2995     0.1841     4.5845    96.3352     0.1494     4.3549    189.461    22.9187    22.9070    38.3905    38.3918    26.5314    26.5358 0.0000e+00
      3.088     27.479    22.9109    22.9313   5.525528   5.528080     3.2216     1.3428     0.1483     4.5828    96.2999     0.1508     4.3538    189.414    22.9102    22.9307    38.3901    38.3922    26.5336    26.5292 0.0000e+00
      2.706     28.479    22.9212    22.9494   5.527210   5.530205     3.2207     1.4159     0.1314     4.5835    96.3138     0.1502     4.3519    189.333    22.9207    22.9489    38.3943    38.3931    26.5338    26.5246 0.0000e+00
      2.632     29.479    22.9526    22.9500   5.530509   5.530050     3.2223     1.3829     0.1470     4.5844    96.3331     0.1494     4.3544    189.443    22.9521    22.9495    38.3927    38.3913    26.5233    26.5231 0.0000e+00
      3.053     30.479    22.9032    22.9098   5.524720   5.525597     3.2234     1.3665     0.1212     4.5849    96.3427     0.1490     4.3587    189.628    22.9026    22.9092    38.3905    38.3915    26.5361    26.5350 0.0000e+00
      3.162     31.479    22.8940    22.9013   5.523915   5.524980     3.2231     1.3820     0.1072     4.5834    96.3116     0.1503     4.3565    189.533    22.8934    22.9007    38.3922    38.3941    26.5401    26.5395 0.0000e+00
      2.795     32.479    22.9188    22.9325   5.526820   5.528249     3.2228     1.3567     0.1023     4.5835    96.3138     0.1502     4.3602    189.691    22.9182    22.9319    38.3934    38.3926    26.5337    26.5291 0.0000e+00
      2.667     33.479    22.9083    22.9415   5.525231   5.529073     3.2277     1.3423     0.1148     4.5846    96.3363     0.1493     4.3687    190.061    22.9078    22.9410    38.3901    38.3911    26.5343    26.5254 0.0000e+00
      2.970     34.479    22.9025    22.9190   5.524937   5.526520     3.2272     1.3371     0.0918     4.5846    96.3374     0.1493     4.3612    189.737    22.9019    22.9184    38.3929    38.3908    26.5381    26.5318 0.0000e+00
      3.179     35.479    22.9175    22.8872   5.526809   5.523307     3.2246     1.3502     0.0720     4.5833    96.3106     0.1504     4.3530    189.378    22.9169    22.8865    38.3942    38.3934    26.5348    26.5430 0.0000e+00
      2.919     36.479    22.9303    22.9168   5.527919   5.526556     3.2207     1.3259     0.0905     4.5838    96.3202     0.1500     4.3489    189.202    22.9297    22.9161    38.3919    38.3930    26.5292    26.5341 0.0000e+00
      2.689     37.479    22.9441    22.9365   5.529757   5.528673     3.2217     1.3038     0.0706     4.5836    96.3170     0.1501     4.3519    189.332    22.9435    22.9359    38.3942    38.3924    26.5270    26.5278 0.0000e+00
      2.882     38.479    22.9239    22.9348   5.526821   5.528396     3.2212     1.3244     0.1169     4.5843    96.3299     0.1496     4.3532    189.390    22.9233    22.9342    38.3889    38.3917    26.5288    26.5278 0.0000e+00
      3.074     39.479    22.9061    22.9170   5.525340   5.526442     3.2228     1.3022     0.1368     4.5826    96.2956     0.1510     4.3571    189.558    22.9055    22.9164    38.3928    38.3919    26.5370    26.5332 0.0000e+00
      3.004     40.479    22.9097    22.9241   5.525603   5.527358     3.2209     1.3523     0.1620     4.5823    96.2891     0.1513     4.3491    189.210    22.9091    22.9235    38.3917    38.3928    26.5351    26.5318 0.0000e+00
      2.869     41.479    22.9114    22.9178   5.525830   5.526511     3.2194     1.3722     0.1548     4.5819    96.2795     0.1517     4.3495    189.229    22.9108    22.9172    38.3921    38.3917    26.5350    26.5328 0.0000e+00
      2.695     42.479    22.9216    22.9212   5.527038   5.526916     3.2196     1.3962     0.1603     4.5831    96.3052     0.1506     4.3507    189.282    22.9210    22.9206    38.3926    38.3921    26.5324    26.5321 0.0000e+00
      2.927     43.479    22.9243    22.9237   5.527444   5.527278     3.2210     1.3895     0.1373     4.5839    96.3234     0.1498     4.3553    189.480    22.9237    22.9231    38.3934    38.3926    26.5322    26.5317 0.0000e+00
      3.171     44.479    22.9295    22.9250   5.527937   5.527394     3.2233     1.3945     0.1172     4.5833    96.3095     0.1504     4.3569    189.549    22.9288    22.9243    38.3926    38.3923    26.5301    26.5312 0.0000e+00
      2.811     45.479    22.9306    22.9280   5.528100   5.527735     3.2219     1.3726     0.1131     4.5837    96.3181     0.1501     4.3490    189.208    22.9300    22.9274    38.3931    38.3925    26.5301    26.5304 0.0000e+00
      2.631     46.479    22.9587    22.9419   5.531239   5.529230     3.2196     1.3524     0.1441     4.5853    96.3524     0.1486     4.3476    189.147    22.9582    22.9414    38.3930    38.3920    26.5218    26.5260 0.0000e+00
      2.966     47.479    22.9400    22.9350   5.528917   5.528424     3.2233     1.3484     0.1304     4.5853    96.3524     0.1486     4.3586    189.627    22.9394    22.9344    38.3912    38.3917    26.5259    26.5277 0.0000e+00
      3.110     48.479    22.9387    22.9346   5.529090   5.528518     3.2226     1.3793     0.1134     4.5841    96.3277     0.1497     4.3508    189.284    22.9381    22.9339    38.3936    38.3927    26.5281    26.5287 0.0000e+00
      2.870     49.479    22.9440    22.9466   5.529536   5.529806     3.2215     1.3659     0.0905     4.5841    96.3277     0.1497     4.3509    189.292    22.9434    22.9461    38.3925    38.3923    26.5257    26.5248 0.0000e+00
      2.795     50.479    22.9408    22.9503   5.529174   5.530032     3.2219     1.3488     0.1258     4.5848    96.3406     0.1491     4.3537    189.412    22.9402    22.9497    38.3925    38.3909    26.5267    26.5227 0.0000e+00
      2.895     51.479    22.9456    22.9456   5.529674   5.529702     3.2226     1.3245     0.1333     4.5848    96.3406     0.1491     4.3525    189.360    22.9450    22.9450    38.3922    38.3924    26.5250    26.5252 0.0000e+00
      3.105     52.479    22.9591    22.9546   5.531396   5.530668     3.2217     1.3613     0.1406     4.5846    96.3374     0.1493     4.3482    189.175    22.9584    22.9540    38.3938    38.3920    26.5223    26.5223 0.0000e+00
      3.370     53.479    22.9615    22.9574   5.531457   5.530893     3.2205     1.3688     0.1277     4.5835    96.3148     0.1502     4.3493    189.220    22.9608    22.9567    38.3921    38.3912    26.5203    26.5209 0.0000e+00
      3.290     54.479    22.9632    22.9637   5.531833   5.531758     3.2222     1.3760     0.1125     4.5837    96.3181     0.1501     4.3526    189.367    22.9625    22.9630    38.3935    38.3925    26.5209    26.5200 0.0000e+00
      3.374     55.479    22.9723    22.9683   5.532796   5.532173     3.2218     1.3633     0.1204     4.5850    96.3449     0.1489     4.3481    189.168    22.9716    22.9676    38.3931    38.3917    26.5179    26.5181 0.0000e+00
      3.849     56.479    22.9743    22.9665   5.533033   5.532067     3.2208     1.3476     0.1166     4.5847    96.3385     0.1492     4.3442    188.999    22.9735    22.9657    38.3930    38.3923    26.5173    26.5190 0.0000e+00
      4.364     57.479    22.9672    22.9672   5.532268   5.532179     3.2167     1.3559     0.1036     4.5839    96.3224     0.1499     4.3379    188.727    22.9663    22.9663    38.3931    38.3923    26.5195    26.5189 0.0000e+00
      4.811     58.479    22.9470    22.9611   5.529830   5.531459     3.2166     1.3520     0.1103     4.5842    96.3288     0.1496     4.3466    189.104    22.9460    22.9601    38.3915    38.3919    26.5242    26.5204 0.0000e+00
      5.260     59.479    22.8981    22.9133   5.523864   5.525787     3.2195     1.3385     0.1353     4.5835    96.3138     0.1502     4.3543    189.436    22.8971    22.9122    38.3874    38.3892    26.5354    26.5324 0.0000e+00
      5.909     60.479    22.8286    22.8502   5.516324   5.519216     3.2186     1.3456     0.1278     4.5849    96.3438     0.1490     4.3576    189.575    22.8274    22.8489    38.3891    38.3928    26.5570    26.5536 0.0000e+00
      6.627     61.479    22.7793    22.8060   5.510722   5.514293     3.2201     1.3708     0.1232     4.5840    96.3256     0.1497     4.3652    189.907    22.7779    22.8047    38.3881    38.3926    26.5707    26.5664 0.0000e+00
      7.148     62.479    22.7509    22.7707   5.507714   5.510371     3.2205     1.3634     0.1208     4.5820    96.2816     0.1516     4.3687    190.056    22.7494    22.7692    38.3893    38.3927    26.5798    26.5767 0.0000e+00
      7.720     63.479    22.7260    22.7418   5.504932   5.507083     3.2221     1.3588     0.1162     4.5823    96.2891     0.1513     4.3716    190.179    22.7244    22.7402    38.3890    38.3921    26.5870    26.5847 0.0000e+00
      8.503     64.479    22.7122    22.7185   5.503515   5.504675     3.2193     1.3564     0.1213     4.5799    96.2387     0.1533     4.3638    189.839    22.7104    22.7167    38.3898    38.3933    26.5916    26.5924 0.0000e+00
      9.089     65.479    22.7077    22.7119   5.503080   5.503894     3.2178     1.3516     0.1160     4.5762    96.1594     0.1567     4.3678    190.014    22.7059    22.7100    38.3900    38.3928    26.5931    26.5940 0.0000e+00
      9.574     66.479    22.7004    22.7057   5.502234   5.503203     3.2195     1.3569     0.1125     4.5754    96.1433     0.1573     4.3729    190.236    22.6984    22.7037    38.3897    38.3926    26.5950    26.5957 0.0000e+00
     10.390     67.479    22.6829    22.6888   5.500372   5.501412     3.2207     1.3514     0.1113     4.5758    96.1519     0.1570     4.3762    190.378    22.6807    22.6867    38.3901    38.3931    26.6005    26.6010 0.0000e+00
