Boussole/Data/SBEMOOSE/Work/cnv/bous229_02.cnv
* Sea-Bird SBE 9 Data File:
* FileName = C:\boussole\202104\bous229_02.hdr
* Software Version Seasave V 7.23.2
* Temperature SN = 2473
* Conductivity SN = 2929
* Number of Bytes Per Scan = 37
* Number of Voltage Words = 4
* Number of Scans Averaged by the Deck Unit = 1
* NMEA Latitude = 43 21.84 N
* NMEA Longitude = 007 54.10 E
* NMEA UTC (Time) = Apr 09 2021  10:21:32
* NMEA baud rate = 4800
** Campagne = BOUSSOLE 229
** Navire = Tethys II
** Station = BOUS229_02
** Date = 09/04/2021
** Heure debut [TU] = 10:21
** Heure fin [TU] = 11:49
** Heure locale / TU = +0
** Latitude = 43 21.842 N
** Longitude = 007 54.109 E
** Heure meteo [TU] = 10:23
** T air sec [deg C] = 13.2
** T mer [deg C] = 14.07
** Vent [noeuds, degres] = 3, 182
** Pression atm [hpa] = 1026.6
** Humidite [%] = 49.8
** Nebulosite [octas] = 1
** Etat de la mer [code S] = 2
# nquan = 14
# nvalues = 5288                        
# units = specified
# name 0 = prDM: Pressure, Digiquartz [db]
# name 1 = timeS: Time, Elapsed [seconds]
# name 2 = t090C: Temperature [ITS-90, deg C]
# name 3 = c0S/m: Conductivity [S/m]
# name 4 = sbeox0V: Oxygen raw, SBE 43 [V]
# name 5 = flC: Fluorescence, Chelsea Aqua 3 Chl Con [ug/l]
# name 6 = upoly0: Upoly 0, RINKOIII_DO
# name 7 = upoly1: Upoly 1, RINKOIII_Temp
# name 8 = potemp090C: Potential Temperature [ITS-90, deg C]
# name 9 = sal00: Salinity, Practical [PSU]
# name 10 = sigma-é00: Density [sigma-theta, kg/m^3]
# name 11 = sbeox0ML/L: Oxygen, SBE 43 [ml/l], WS = 2
# name 12 = sbox0Mm/Kg: Oxygen, SBE 43 [umol/kg], WS = 2
# name 13 = flag: flag
# span 0 =      0.143,    405.497       
# span 1 =      0.479,   5287.333       
# span 2 =    13.4280,    14.3352       
# span 3 =   0.159634,   4.591173       
# span 4 =     2.1799,     3.0234       
# span 5 =    -0.2893,  1887.9148       
# span 6 =  1.5098698,  1.8387260       
# span 7 =  13.418210,  14.158352       
# span 8 =    13.4174,    14.3351       
# span 9 =     1.0411,    38.6807       
# span 10 =     0.0720,    29.0871      
# span 11 =     3.1968,     5.1402      
# span 12 =    138.734,    229.486      
# span 13 = 0.0000e+00, 0.0000e+00      
# interval = seconds: 1                 
# start_time = Apr 09 2021 10:21:32 [NMEA time, header]
# bad_flag = -9.990e-29
*END*
[from data line 930]
    349.796    930.479    13.7140   4.567870     2.1888     0.1594  1.8376068  13.692515    13.6622    38.6479    29.0824     3.2213    139.797 0.0000e+00
    349.601    931.479    13.7124   4.567684     2.1890     0.1768  1.8374033  13.697301    13.6606    38.6478    29.0827     3.2215    139.806 0.0000e+00
    348.592    932.479    13.7163   4.568144     2.1891     0.1814  1.8375559  13.695250    13.6647    38.6487    29.0825     3.2198    139.734 0.0000e+00
    347.603    933.479    13.7203   4.568605     2.1890     0.1924  1.8374033  13.696617    13.6689    38.6494    29.0822     3.2176    139.637 0.0000e+00
    347.315    934.479    13.7187   4.568360     2.1882     0.1859  1.8374033  13.697301    13.6673    38.6489    29.0821     3.2163    139.581 0.0000e+00
    347.280    935.479    13.7159   4.568032     2.1885     0.1864  1.8376068  13.697301    13.6645    38.6485    29.0825     3.2199    139.736 0.0000e+00
    346.588    936.479    13.7178   4.568260     2.1889     0.1862  1.8375051  13.697301    13.6665    38.6491    29.0825     3.2195    139.719 0.0000e+00
    345.745    937.479    13.7226   4.568800     2.1889     0.1898  1.8374033  13.697301    13.6714    38.6498    29.0819     3.2184    139.673 0.0000e+00
    345.237    938.479    13.7217   4.568670     2.1893     0.1751  1.8373524  13.700035    13.6706    38.6497    29.0820     3.2200    139.743 0.0000e+00
    344.720    939.479    13.7230   4.568821     2.1898     0.1655  1.8373016  13.700035    13.6720    38.6500    29.0820     3.2235    139.891 0.0000e+00
    343.969    940.479    13.7254   4.569107     2.1914     0.1719  1.8373524  13.702086    13.6745    38.6507    29.0820     3.2252    139.966 0.0000e+00
    343.304    941.479    13.7266   4.569203     2.1913     0.1806  1.8373524  13.703454    13.6758    38.6507    29.0817     3.2198    139.731 0.0000e+00
    342.950    942.479    13.7258   4.569072     2.1906     0.1758  1.8374033  13.704821    13.6750    38.6504    29.0817     3.2206    139.766 0.0000e+00
    342.787    943.479    13.7240   4.568818     2.1915     0.1912  1.8371998  13.700719    13.6732    38.6499    29.0817     3.2253    139.970 0.0000e+00
    342.301    944.479    13.7235   4.568788     2.1920     0.1838  1.8372507  13.702770    13.6728    38.6504    29.0821     3.2245    139.938 0.0000e+00
    341.182    945.479    13.7276   4.569246     2.1927     0.1783  1.8374033  13.701403    13.6771    38.6510    29.0817     3.2264    140.017 0.0000e+00
    340.323    946.479    13.7306   4.569584     2.1932     0.1710  1.8371489  13.704821    13.6802    38.6516    29.0815     3.2255    139.981 0.0000e+00
    340.356    947.479    13.7271   4.569128     2.1935     0.1721  1.8374542  13.706188    13.6767    38.6508    29.0816     3.2254    139.974 0.0000e+00
    340.089    948.479    13.7274   4.569159     2.1932     0.1868  1.8372507  13.707555    13.6770    38.6509    29.0816     3.2246    139.939 0.0000e+00
    339.073    949.479    13.7308   4.569567     2.1937     0.1745  1.8372507  13.710974    13.6806    38.6518    29.0815     3.2267    140.030 0.0000e+00
    337.911    950.479    13.7334   4.569801     2.1938     0.1645  1.8370472  13.713708    13.6833    38.6520    29.0811     3.2227    139.858 0.0000e+00
    337.405    951.479    13.7319   4.569614     2.1932     0.1613  1.8370472  13.712341    13.6820    38.6519    29.0813     3.2222    139.837 0.0000e+00
    337.737    952.479    13.7312   4.569557     2.1932     0.1740  1.8370981  13.710974    13.6812    38.6519    29.0815     3.2239    139.911 0.0000e+00
    337.471    953.479    13.7308   4.569468     2.1932     0.1815  1.8372507  13.710974    13.6808    38.6516    29.0813     3.2230    139.871 0.0000e+00
    336.214    954.479    13.7340   4.569838     2.1932     0.1802  1.8372507  13.713024    13.6842    38.6524    29.0812     3.2219    139.824 0.0000e+00
    335.198    955.479    13.7364   4.570108     2.1930     0.1779  1.8369454  13.714392    13.6868    38.6530    29.0812     3.2224    139.846 0.0000e+00
    334.999    956.479    13.7342   4.569788     2.1934     0.1756  1.8369963  13.714392    13.6846    38.6523    29.0811     3.2220    139.830 0.0000e+00
    334.917    957.479    13.7335   4.569708     2.1930     0.1662  1.8369963  13.714392    13.6839    38.6523    29.0812     3.2208    139.778 0.0000e+00
    334.082    958.479    13.7349   4.569859     2.1933     0.1774  1.8370981  13.714392    13.6854    38.6527    29.0812     3.2249    139.953 0.0000e+00
    332.997    959.479    13.7379   4.570193     2.1946     0.1871  1.8368437  13.713708    13.6885    38.6534    29.0810     3.2261    140.004 0.0000e+00
    332.487    960.479    13.7374   4.570103     2.1945     0.1907  1.8369454  13.713708    13.6882    38.6532    29.0810     3.2225    139.848 0.0000e+00
    332.483    961.479    13.7367   4.570016     2.1940     0.1714  1.8370472  13.715075    13.6875    38.6531    29.0811     3.2203    139.754 0.0000e+00
    332.065    962.479    13.7357   4.569881     2.1934     0.1705  1.8370472  13.713708    13.6865    38.6530    29.0812     3.2198    139.733 0.0000e+00
    331.191    963.479    13.7419   4.570690     2.1932     0.1879  1.8368437  13.714392    13.6928    38.6548    29.0812     3.2198    139.732 0.0000e+00
    330.394    964.479    13.7446   4.570995     2.1934     0.1818  1.8369963  13.716442    13.6957    38.6553    29.0810     3.2205    139.765 0.0000e+00
    330.038    965.479    13.7451   4.571028     2.1936     0.1783  1.8368437  13.718493    13.6962    38.6553    29.0809     3.2197    139.730 0.0000e+00
    329.790    966.479    13.7411   4.570487     2.1933     0.1778  1.8370472  13.719177    13.6922    38.6543    29.0810     3.2188    139.688 0.0000e+00
    329.004    967.479    13.7468   4.571242     2.1934     0.1756  1.8369454  13.721911    13.6981    38.6561    29.0811     3.2221    139.833 0.0000e+00
    328.202    968.479    13.7474   4.571261     2.1947     0.1696  1.8368946  13.728063    13.6988    38.6560    29.0809     3.2235    139.892 0.0000e+00
    327.807    969.479    13.7467   4.571127     2.1947     0.1609  1.8368946  13.726696    13.6982    38.6556    29.0807     3.2204    139.760 0.0000e+00
    327.409    970.479    13.7451   4.570957     2.1944     0.1677  1.8369454  13.727380    13.6966    38.6558    29.0812     3.2201    139.746 0.0000e+00
    326.769    971.479    13.7508   4.571725     2.1942     0.1638  1.8368946  13.729430    13.7024    38.6576    29.0813     3.2177    139.642 0.0000e+00
    326.064    972.479    13.7608   4.572980     2.1933     0.1721  1.8367419  13.728063    13.7124    38.6599    29.0809     3.2139    139.477 0.0000e+00
    325.702    973.479    13.7647   4.573398     2.1929     0.1718  1.8369963  13.730114    13.7164    38.6600    29.0802     3.2158    139.558 0.0000e+00
    325.378    974.479    13.7628   4.573185     2.1931     0.1731  1.8368437  13.730114    13.7146    38.6600    29.0806     3.2119    139.389 0.0000e+00
    324.736    975.479    13.7735   4.574621     2.1907     0.1808  1.8367928  13.739000    13.7253    38.6632    29.0807     3.2045    139.069 0.0000e+00
    323.809    976.479    13.7808   4.575446     2.1904     0.1892  1.8369963  13.740367    13.7328    38.6641    29.0798     3.2072    139.186 0.0000e+00
    323.107    977.479    13.7733   4.574294     2.1899     0.1917  1.8372507  13.731481    13.7254    38.6610    29.0790     3.2079    139.218 0.0000e+00
    322.927    978.479    13.7727   4.574336     2.1908     0.1798  1.8371489  13.739684    13.7248    38.6621    29.0800     3.2131    139.440 0.0000e+00
    322.537    979.479    13.7703   4.574104     2.1920     0.1759  1.8370472  13.746519    13.7225    38.6625    29.0808     3.2154    139.541 0.0000e+00
    321.786    980.479    13.7818   4.575562     2.1928     0.1684  1.8372507  13.747886    13.7341    38.6651    29.0803     3.2140    139.482 0.0000e+00
    321.024    981.479    13.7885   4.576346     2.1932     0.1597  1.8374033  13.746519    13.7408    38.6661    29.0797     3.2121    139.397 0.0000e+00
    320.532    982.479    13.7891   4.576361     2.1927     0.1808  1.8377086  13.747203    13.7415    38.6659    29.0794     3.2092    139.273 0.0000e+00
    320.178    983.479    13.7890   4.576309     2.1923     0.2031  1.8375050  13.747886    13.7415    38.6657    29.0792     3.2102    139.318 0.0000e+00
    319.721    984.479    13.7890   4.576397     2.1926     0.1949  1.8377594  13.756088    13.7415    38.6667    29.0800     3.2103    139.321 0.0000e+00
    319.153    985.479    13.7933   4.576898     2.1923     0.1797  1.8375051  13.760873    13.7459    38.6673    29.0795     3.2095    139.285 0.0000e+00
    318.530    986.479    13.7946   4.577028     2.1925     0.1902  1.8377086  13.762923    13.7473    38.6676    29.0794     3.2082    139.231 0.0000e+00
    317.753    987.479    13.7959   4.577160     2.1920     0.1922  1.8378612  13.762923    13.7487    38.6678    29.0793     3.2089    139.262 0.0000e+00
    317.068    988.479    13.7959   4.577120     2.1930     0.1996  1.8381664  13.761556    13.7488    38.6677    29.0792     3.2130    139.436 0.0000e+00
    316.649    989.479    13.7951   4.577002     2.1935     0.1917  1.8382682  13.761556    13.7481    38.6676    29.0793     3.2082    139.227 0.0000e+00
    316.258    990.479    13.7910   4.576487     2.1916     0.2001  1.8382682  13.762923    13.7440    38.6671    29.0798     3.2021    138.965 0.0000e+00
    315.852    991.479    13.7968   4.577229     2.1913     0.1871  1.8378612  13.764973    13.7499    38.6685    29.0796     3.2070    139.179 0.0000e+00
    315.202    992.479    13.8003   4.577622     2.1920     0.1856  1.8380138  13.773858    13.7535    38.6689    29.0791     3.2083    139.233 0.0000e+00
    314.428    993.479    13.8007   4.577608     2.1922     0.1929  1.8380138  13.773175    13.7540    38.6688    29.0789     3.2079    139.215 0.0000e+00
    313.881    994.479    13.7985   4.577331     2.1927     0.1840  1.8384208  13.769758    13.7519    38.6685    29.0792     3.2071    139.183 0.0000e+00
    313.514    995.479    13.7972   4.577129     2.1923     0.1806  1.8386752  13.768391    13.7507    38.6681    29.0791     3.2067    139.166 0.0000e+00
    313.029    996.479    13.7991   4.577379     2.1926     0.1782  1.8387260  13.771808    13.7526    38.6688    29.0793     3.2082    139.231 0.0000e+00
    312.474    997.479    13.7997   4.577399     2.1929     0.1790  1.8383699  13.777276    13.7533    38.6686    29.0789     3.2091    139.268 0.0000e+00
    311.732    998.479    13.8013   4.577560     2.1934     0.1864  1.8380647  13.776592    13.7550    38.6689    29.0788     3.2085    139.242 0.0000e+00
    310.851    999.479    13.8020   4.577604     2.1930     0.1866  1.8383699  13.777276    13.7559    38.6690    29.0787     3.2052    139.098 0.0000e+00
    310.342   1000.479    13.8020   4.577580     2.1927     0.1812  1.8386243  13.773858    13.7559    38.6690    29.0787     3.2054    139.107 0.0000e+00
    310.374   1001.479    13.8001   4.577355     2.1928     0.1697  1.8385225  13.778643    13.7540    38.6687    29.0789     3.2095    139.284 0.0000e+00
    310.062   1002.479    13.8000   4.577335     2.1940     0.1714  1.8385734  13.779326    13.7540    38.6688    29.0789     3.2104    139.324 0.0000e+00
    309.091   1003.479    13.8020   4.577482     2.1938     0.1655  1.8386243  13.778643    13.7562    38.6686    29.0783     3.2073    139.190 0.0000e+00
    308.248   1004.479    13.8027   4.577479     2.1938     0.1693  1.8387260  13.778643    13.7569    38.6683    29.0779     3.2067    139.166 0.0000e+00
    307.695   1005.479    13.8026   4.577452     2.1933     0.1772  1.8385225  13.778643    13.7569    38.6684    29.0780     3.2041    139.050 0.0000e+00
    307.192   1006.479    13.8027   4.577448     2.1929     0.1878  1.8383190  13.779326    13.7571    38.6684    29.0780     3.2053    139.103 0.0000e+00
    306.751   1007.479    13.8024   4.577373     2.1934     0.1855  1.8381155  13.779326    13.7569    38.6682    29.0779     3.2088    139.254 0.0000e+00
    306.343   1008.479    13.8021   4.577312     2.1945     0.1889  1.8380138  13.780009    13.7567    38.6681    29.0778     3.2110    139.353 0.0000e+00
    305.828   1009.479    13.8021   4.577281     2.1951     0.1787  1.8383190  13.779326    13.7567    38.6680    29.0778     3.2095    139.286 0.0000e+00
    305.104   1010.479    13.8018   4.577192     2.1947     0.1860  1.8378103  13.779326    13.7565    38.6679    29.0777     3.2076    139.206 0.0000e+00
    304.276   1011.479    13.8005   4.576961     2.1948     0.1756  1.8382173  13.780009    13.7553    38.6674    29.0776     3.2088    139.257 0.0000e+00
    303.704   1012.479    13.7994   4.576816     2.1952     0.1681  1.8379629  13.780009    13.7543    38.6673    29.0777     3.2114    139.368 0.0000e+00
    303.513   1013.479    13.7996   4.576826     2.1964     0.1747  1.8378612  13.779326    13.7546    38.6673    29.0777     3.2148    139.515 0.0000e+00
    303.305   1014.479    13.7999   4.576863     2.1970     0.1771  1.8376577  13.780009    13.7549    38.6675    29.0777     3.2137    139.468 0.0000e+00
    302.454   1015.479    13.7991   4.576652     2.1972     0.1888  1.8376068  13.779326    13.7542    38.6667    29.0773     3.2130    139.439 0.0000e+00
    301.360   1016.479    13.8029   4.577111     2.1975     0.1867  1.8375051  13.779326    13.7582    38.6676    29.0771     3.2139    139.476 0.0000e+00
    300.927   1017.479    13.8032   4.577096     2.1979     0.1809  1.8375051  13.779326    13.7585    38.6674    29.0769     3.2123    139.408 0.0000e+00
    300.680   1018.479    13.8000   4.576748     2.1970     0.1645  1.8373016  13.779326    13.7554    38.6674    29.0776     3.2098    139.298 0.0000e+00
    299.917   1019.479    13.8087   4.577865     2.1972     0.1697  1.8375559  13.779326    13.7642    38.6696    29.0774     3.2135    139.461 0.0000e+00
    299.625   1020.479    13.8107   4.578011     2.1982     0.1824  1.8372507  13.781376    13.7662    38.6691    29.0765     3.2126    139.420 0.0000e+00
    299.457   1021.479    13.8067   4.577551     2.1972     0.1794  1.8374033  13.780693    13.7623    38.6688    29.0772     3.2073    139.189 0.0000e+00
    298.349   1022.479    13.8120   4.578098     2.1962     0.1695  1.8370472  13.784793    13.7677    38.6692    29.0763     3.2075    139.201 0.0000e+00
    297.227   1023.479    13.8081   4.577491     2.1970     0.1778  1.8371489  13.786160    13.7640    38.6678    29.0760     3.2107    139.339 0.0000e+00
    296.953   1024.479    13.8086   4.577587     2.1966     0.1766  1.8370981  13.785476    13.7645    38.6684    29.0764     3.2078    139.214 0.0000e+00
    296.972   1025.479    13.8091   4.577689     2.1969     0.1797  1.8373524  13.784110    13.7650    38.6688    29.0766     3.2092    139.272 0.0000e+00
    296.339   1026.479    13.8085   4.577552     2.1966     0.1747  1.8373016  13.788893    13.7646    38.6684    29.0763     3.2080    139.221 0.0000e+00
    295.534   1027.479    13.8110   4.577740     2.1969     0.1655  1.8373016  13.786843    13.7671    38.6681    29.0756     3.2106    139.335 0.0000e+00
    294.973   1028.479    13.8112   4.577741     2.1979     0.1723  1.8368946  13.788210    13.7674    38.6681    29.0755     3.2126    139.419 0.0000e+00
    294.428   1029.479    13.8121   4.577847     2.1983     0.1747  1.8365893  13.788210    13.7684    38.6684    29.0756     3.2133    139.450 0.0000e+00
    293.760   1030.479    13.8145   4.578121     2.1993     0.1714  1.8367928  13.788893    13.7708    38.6690    29.0755     3.2138    139.475 0.0000e+00
    293.106   1031.479    13.8163   4.578324     2.1992     0.1721  1.8364367  13.791627    13.7728    38.6694    29.0753     3.2130    139.438 0.0000e+00
