Boussole/Data/SBEMOOSE/Work/cnv/Bous222_01.cnv
* Sea-Bird SBE 9 Data File:
* FileName = C:\boussole\202009\Bous222_01.hdr
* Software Version Seasave V 7.23.2
* Temperature SN = 5545
* Conductivity SN = 4097
* Number of Bytes Per Scan = 37
* Number of Voltage Words = 4
* Number of Scans Averaged by the Deck Unit = 1
* NMEA Latitude = 43 21.89 N
* NMEA Longitude = 007 53.94 E
* NMEA UTC (Time) = Sep 12 2020  10:41:40
* NMEA baud rate = 4800
** Navire
** Station:
** Date
** Heure debut [TU]
** Heure fin [TU]
** Heure locale / TU = +0
** Latitude
** Longitude
** Heure meteo [TU]
** T air sec [deg C]
** T mer [deg C]
** Vent [noeuds, degres]
# nquan = 21
# nvalues = 268                         
# units = specified
# name 0 = prDM: Pressure, Digiquartz [db]
# name 1 = timeS: Time, Elapsed [seconds]
# name 2 = t090C: Temperature [ITS-90, deg C]
# name 3 = t190C: Temperature, 2 [ITS-90, deg C]
# name 4 = c0S/m: Conductivity [S/m]
# name 5 = c1S/m: Conductivity, 2 [S/m]
# name 6 = sbeox0V: Oxygen raw, SBE 43 [V]
# name 7 = v2: Voltage 2
# name 8 = flC: Fluorescence, Chelsea Aqua 3 Chl Con [ug/l]
# name 9 = v3: Voltage 3
# name 10 = CStarTr0: Beam Transmission, WET Labs C-Star [%]
# name 11 = CStarAt0: Beam Attenuation, WET Labs C-Star [1/m]
# name 12 = sbeox0ML/L: Oxygen, SBE 43 [ml/l], WS = 2
# name 13 = sbox0Mm/Kg: Oxygen, SBE 43 [umol/kg], WS = 2
# name 14 = potemp090C: Potential Temperature [ITS-90, deg C]
# name 15 = potemp190C: Potential Temperature, 2 [ITS-90, deg C]
# name 16 = sal00: Salinity, Practical [PSU]
# name 17 = sal11: Salinity, Practical, 2 [PSU]
# name 18 = sigma-é00: Density [sigma-theta, kg/m^3]
# name 19 = sigma-é11: Density, 2 [sigma-theta, kg/m^3]
# name 20 = flag: flag
# span 0 =      2.143,    104.465       
# span 1 =      0.479,    267.125       
# span 2 =    13.6170,    22.8676       
# span 3 =    13.6214,    22.8648       
# span 4 =   4.523616,   5.520385       
# span 5 =   4.523546,   5.520365       
# span 6 =     2.4254,     3.7290       
# span 7 =     1.1875,     1.7845       
# span 8 =    -0.0170,     0.8416       
# span 9 =     4.4160,     4.7384       
# span 10 =    92.7826,    99.5790      
# span 11 =     0.0169,     0.2997      
# span 12 =     3.6059,     5.9549      
# span 13 =    156.500,    258.577      
# span 14 =    13.6078,    22.8671      
# span 15 =    13.6123,    22.8644      
# span 16 =    38.3878,    38.6744      
# span 17 =    38.3396,    38.5361      
# span 18 =    26.5446,    28.9930      
# span 19 =    26.5470,    28.9919      
# span 20 = 0.0000e+00, 0.0000e+00      
# interval = seconds: 1                 
# start_time = Sep 12 2020 10:41:40 [NMEA time, header]
# bad_flag = -9.990e-29
*END*
[from data line 138]
     63.002    138.479    13.6213    13.6243   4.524543   4.524449     2.5108     1.4560     0.2073     4.7065    98.9056     0.0440     3.8042    165.115    13.6121    13.6151    38.4582    38.4542    28.9461    28.9424 0.0000e+00
     63.557    139.479    13.6248    13.6285   4.525364   4.525303     2.5198     1.4452     0.1862     4.7094    98.9688     0.0415     3.8235    165.953    13.6156    13.6193    38.4622    38.4579    28.9485    28.9443 0.0000e+00
     64.170    140.479    13.6261    13.6301   4.525688   4.525683     2.5263     1.4361     0.1714     4.7126    99.0343     0.0388     3.8283    166.160    13.6167    13.6207    38.4638    38.4596    28.9495    28.9454 0.0000e+00
     64.637    141.479    13.6266    13.6306   4.525783   4.525799     2.5309     1.4180     0.1604     4.7140    99.0643     0.0376     3.8395    166.649    13.6172    13.6212    38.4639    38.4600    28.9495    28.9456 0.0000e+00
     65.005    142.479    13.6273    13.6313   4.525928   4.525956     2.5380     1.4048     0.1351     4.7157    99.0997     0.0362     3.8580    167.449    13.6178    13.6218    38.4645    38.4606    28.9498    28.9459 0.0000e+00
     65.641    143.479    13.6281    13.6339   4.526140   4.526302     2.5437     1.3946     0.1298     4.7180    99.1490     0.0342     3.8598    167.528    13.6185    13.6243    38.4654    38.4611    28.9503    28.9458 0.0000e+00
     66.350    144.479    13.6281    13.6327   4.526217   4.526312     2.5464     1.3706     0.1304     4.7173    99.1340     0.0348     3.8648    167.745    13.6184    13.6230    38.4658    38.4620    28.9506    28.9467 0.0000e+00
     66.657    145.479    13.6283    13.6326   4.526270   4.526324     2.5494     1.3654     0.1260     4.7195    99.1801     0.0330     3.8643    167.722    13.6186    13.6229    38.4660    38.4621    28.9508    28.9468 0.0000e+00
     66.903    146.479    13.6281    13.6326   4.526282   4.526384     2.5492     1.3660     0.1198     4.7211    99.2144     0.0316     3.8577    167.435    13.6184    13.6228    38.4661    38.4626    28.9509    28.9472 0.0000e+00
     67.636    147.479    13.6285    13.6352   4.526366   4.526689     2.5480     1.3616     0.1135     4.7213    99.2198     0.0313     3.8590    167.494    13.6186    13.6253    38.4662    38.4625    28.9509    28.9467 0.0000e+00
     68.452    148.479    13.6298    13.6340   4.526601   4.526711     2.5497     1.3553     0.1199     4.7209    99.2101     0.0317     3.8697    167.960    13.6198    13.6240    38.4667    38.4636    28.9511    28.9477 0.0000e+00
     68.701    149.479    13.6296    13.6339   4.526638   4.526727     2.5525     1.3488     0.1241     4.7218    99.2294     0.0309     3.8737    168.132    13.6196    13.6239    38.4672    38.4637    28.9515    28.9478 0.0000e+00
     68.971    150.479    13.6300    13.6344   4.526710   4.526867     2.5535     1.3554     0.1249     4.7216    99.2262     0.0311     3.8702    167.982    13.6199    13.6243    38.4674    38.4645    28.9516    28.9484 0.0000e+00
     69.653    151.479    13.6304    13.6369   4.526855   4.527189     2.5526     1.3596     0.1219     4.7215    99.2230     0.0312     3.8667    167.828    13.6203    13.6268    38.4680    38.4646    28.9520    28.9480 0.0000e+00
     70.346    152.479    13.6306    13.6353   4.526928   4.527105     2.5525     1.3605     0.1158     4.7225    99.2434     0.0304     3.8650    167.754    13.6204    13.6250    38.4682    38.4652    28.9521    28.9488 0.0000e+00
     70.720    153.479    13.6319    13.6360   4.527112   4.527278     2.5503     1.3575     0.1072     4.7224    99.2423     0.0304     3.8589    167.490    13.6216    13.6257    38.4685    38.4659    28.9521    28.9492 0.0000e+00
     71.172    154.479    13.6324    13.6371   4.527318   4.527530     2.5494     1.3512     0.1103     4.7221    99.2348     0.0307     3.8552    167.331    13.6221    13.6267    38.4697    38.4670    28.9529    28.9498 0.0000e+00
     71.715    155.479    13.6367    13.6408   4.527906   4.528218     2.5453     1.3423     0.1120     4.7227    99.2488     0.0302     3.8402    166.680    13.6263    13.6303    38.4707    38.4696    28.9528    28.9511 0.0000e+00
     72.213    156.479    13.6403    13.6444   4.528558   4.528789     2.5413     1.3456     0.1119     4.7229    99.2520     0.0301     3.8335    166.386    13.6298    13.6339    38.4731    38.4711    28.9539    28.9515 0.0000e+00
     72.756    157.479    13.6412    13.6451   4.528720   4.528911     2.5372     1.3473     0.1114     4.7242    99.2788     0.0289     3.8249    166.014    13.6306    13.6345    38.4735    38.4714    28.9540    28.9515 0.0000e+00
     73.312    158.479    13.6417    13.6455   4.528823   4.528999     2.5340     1.3473     0.1030     4.7244    99.2841     0.0287     3.8255    166.040    13.6310    13.6348    38.4738    38.4716    28.9542    28.9516 0.0000e+00
     73.869    159.479    13.6418    13.6458   4.528888   4.529093     2.5337     1.3467     0.1062     4.7254    99.3035     0.0280     3.8289    166.186    13.6310    13.6350    38.4740    38.4719    28.9543    28.9518 0.0000e+00
     74.280    160.479    13.6454    13.6494   4.529376   4.529769     2.5323     1.3379     0.0953     4.7256    99.3078     0.0278     3.8189    165.753    13.6346    13.6386    38.4748    38.4745    28.9542    28.9531 0.0000e+00
     74.720    161.479    13.6511    13.6546   4.530268   4.530558     2.5287     1.3413     0.0957     4.7262    99.3217     0.0273     3.8080    165.278    13.6401    13.6437    38.4774    38.4766    28.9550    28.9536 0.0000e+00
     75.408    162.479    13.6561    13.6598   4.531222   4.531433     2.5248     1.3297     0.0962     4.7276    99.3517     0.0260     3.7990    164.889    13.6451    13.6488    38.4811    38.4794    28.9568    28.9547 0.0000e+00
     75.921    163.479    13.6546    13.6581   4.531204   4.531358     2.5203     1.3302     0.0872     4.7283    99.3667     0.0254     3.7900    164.497    13.6435    13.6470    38.4823    38.4802    28.9581    28.9556 0.0000e+00
     76.223    164.479    13.6539    13.6580   4.531175   4.531395     2.5175     1.3307     0.0848     4.7288    99.3764     0.0250     3.7913    164.552    13.6428    13.6469    38.4825    38.4805    28.9584    28.9560 0.0000e+00
     76.829    165.479    13.6505    13.6580   4.530999   4.531420     2.5162     1.3209     0.0763     4.7294    99.3892     0.0245     3.7904    164.513    13.6393    13.6468    38.4840    38.4805    28.9603    28.9560 0.0000e+00
     77.515    166.479    13.6430    13.6480   4.530145   4.530417     2.5149     1.3183     0.0791     4.7293    99.3871     0.0246     3.7899    164.495    13.6317    13.6367    38.4831    38.4807    28.9612    28.9583 0.0000e+00
     77.851    167.479    13.6419    13.6464   4.530027   4.530292     2.5139     1.3088     0.0907     4.7289    99.3796     0.0249     3.7873    164.379    13.6305    13.6350    38.4830    38.4810    28.9614    28.9589 0.0000e+00
     78.233    168.479    13.6410    13.6451   4.529993   4.530285     2.5127     1.3120     0.0990     4.7284    99.3678     0.0254     3.7847    164.269    13.6296    13.6337    38.4833    38.4820    28.9619    28.9599 0.0000e+00
     78.824    169.479    13.6456    13.6498   4.530688   4.531010     2.5106     1.3247     0.0873     4.7291    99.3839     0.0247     3.7770    163.931    13.6341    13.6383    38.4850    38.4839    28.9622    28.9605 0.0000e+00
     79.362    170.479    13.6510    13.6549   4.531639   4.532014     2.5088     1.3337     0.0795     4.7291    99.3839     0.0247     3.7783    163.992    13.6394    13.6433    38.4884    38.4881    28.9637    28.9626 0.0000e+00
     79.830    171.479    13.6538    13.6573   4.532157   4.532418     2.5085     1.3210     0.0785     4.7298    99.3978     0.0242     3.7721    163.718    13.6422    13.6456    38.4903    38.4893    28.9646    28.9630 0.0000e+00
     80.382    172.479    13.6561    13.6596   4.532570   4.532802     2.5038     1.3124     0.0800     4.7298    99.3978     0.0242     3.7576    163.092    13.6444    13.6478    38.4917    38.4905    28.9652    28.9635 0.0000e+00
     80.896    173.479    13.6573    13.6610   4.532786   4.533061     2.5008     1.3112     0.0803     4.7301    99.4042     0.0239     3.7535    162.914    13.6455    13.6492    38.4924    38.4912    28.9655    28.9638 0.0000e+00
     81.299    174.479    13.6583    13.6619   4.532963   4.533225     2.4974     1.3130     0.0685     4.7309    99.4203     0.0233     3.7512    162.811    13.6464    13.6500    38.4929    38.4917    28.9657    28.9640 0.0000e+00
     81.729    175.479    13.6595    13.6633   4.533187   4.533457     2.4968     1.3133     0.0634     4.7316    99.4353     0.0226     3.7551    162.982    13.6475    13.6513    38.4936    38.4924    28.9660    28.9642 0.0000e+00
     82.332    176.479    13.6610    13.6647   4.533504   4.533860     2.4966     1.2999     0.0688     4.7315    99.4332     0.0227     3.7569    163.062    13.6489    13.6526    38.4948    38.4945    28.9666    28.9656 0.0000e+00
     82.926    177.479    13.6631    13.6670   4.534042   4.534387     2.4977     1.2940     0.0543     4.7315    99.4332     0.0227     3.7621    163.287    13.6510    13.6548    38.4976    38.4970    28.9683    28.9670 0.0000e+00
     83.297    178.479    13.6640    13.6678   4.534259   4.534597     2.4984     1.3002     0.0542     4.7319    99.4428     0.0223     3.7569    163.058    13.6518    13.6556    38.4985    38.4979    28.9689    28.9676 0.0000e+00
     83.764    179.479    13.6650    13.6695   4.534509   4.534835     2.4962     1.2832     0.0553     4.7320    99.4439     0.0223     3.7475    162.652    13.6528    13.6573    38.4997    38.4983    28.9696    28.9675 0.0000e+00
     84.385    180.479    13.6658    13.6698   4.534660   4.534993     2.4934     1.2831     0.0530     4.7326    99.4557     0.0218     3.7420    162.414    13.6534    13.6575    38.5001    38.4992    28.9697    28.9682 0.0000e+00
     84.903    181.479    13.6663    13.6707   4.534790   4.535125     2.4919     1.2844     0.0565     4.7328    99.4611     0.0216     3.7475    162.652    13.6539    13.6583    38.5005    38.4993    28.9700    28.9681 0.0000e+00
     85.302    182.479    13.6672    13.6711   4.534939   4.535252     2.4934     1.2817     0.0573     4.7331    99.4675     0.0214     3.7512    162.814    13.6547    13.6586    38.5009    38.4999    28.9701    28.9685 0.0000e+00
     85.755    183.479    13.6678    13.6716   4.535062   4.535363     2.4920     1.2859     0.0562     4.7328    99.4600     0.0217     3.7359    162.148    13.6553    13.6590    38.5012    38.5003    28.9702    28.9687 0.0000e+00
     86.384    184.479    13.6700    13.6735   4.535461   4.535757     2.4866     1.2868     0.0538     4.7330    99.4643     0.0215     3.7261    161.724    13.6574    13.6608    38.5025    38.5019    28.9708    28.9695 0.0000e+00
     86.936    185.479    13.6714    13.6753   4.535760   4.536143     2.4865     1.2855     0.0529     4.7332    99.4696     0.0213     3.7402    162.334    13.6587    13.6626    38.5037    38.5035    28.9714    28.9704 0.0000e+00
     87.307    186.479    13.6725    13.6764   4.536031   4.536387     2.4882     1.2826     0.0472     4.7331    99.4675     0.0214     3.7408    162.361    13.6597    13.6636    38.5051    38.5045    28.9723    28.9710 0.0000e+00
     87.807    187.479    13.6733    13.6777   4.536399   4.536678     2.4876     1.2815     0.0451     4.7336    99.4771     0.0210     3.7386    162.265    13.6605    13.6648    38.5075    38.5057    28.9740    28.9717 0.0000e+00
     88.372    188.479    13.6660    13.6706   4.535889   4.536077     2.4884     1.2745     0.0472     4.7337    99.4793     0.0209     3.7452    162.552    13.6531    13.6577    38.5098    38.5069    28.9773    28.9741 0.0000e+00
     88.817    189.479    13.6606    13.6650   4.535232   4.535565     2.4896     1.2720     0.0450     4.7334    99.4729     0.0212     3.7402    162.333    13.6476    13.6520    38.5087    38.5074    28.9777    28.9758 0.0000e+00
     89.355    190.479    13.6606    13.6661   4.535345   4.535786     2.4861     1.2746     0.0528     4.7339    99.4846     0.0207     3.7288    161.838    13.6475    13.6530    38.5096    38.5082    28.9784    28.9762 0.0000e+00
     89.932    191.479    13.6615    13.6653   4.535653   4.536002     2.4848     1.2719     0.0632     4.7338    99.4814     0.0208     3.7290    161.845    13.6484    13.6522    38.5113    38.5108    28.9795    28.9783 0.0000e+00
     90.312    192.479    13.6619    13.6657   4.535765   4.536119     2.4820     1.2813     0.0558     4.7341    99.4879     0.0206     3.7211    161.505    13.6487    13.6525    38.5119    38.5114    28.9799    28.9787 0.0000e+00
     90.779    193.479    13.6621    13.6671   4.535975   4.536346     2.4806     1.2937     0.0600     4.7340    99.4857     0.0207     3.7245    161.653    13.6488    13.6538    38.5134    38.5119    28.9810    28.9789 0.0000e+00
     91.343    194.479    13.6634    13.6673   4.536284   4.536634     2.4799     1.2851     0.0564     4.7339    99.4846     0.0207     3.7184    161.389    13.6501    13.6540    38.5148    38.5142    28.9819    28.9806 0.0000e+00
     91.873    195.479    13.6638    13.6678   4.536421   4.536770     2.4770     1.2900     0.0499     4.7340    99.4868     0.0206     3.7108    161.057    13.6504    13.6544    38.5155    38.5148    28.9823    28.9809 0.0000e+00
     92.330    196.479    13.6640    13.6680   4.536462   4.536805     2.4744     1.2858     0.0475     4.7311    99.4257     0.0231     3.7075    160.914    13.6505    13.6545    38.5155    38.5147    28.9823    28.9808 0.0000e+00
     92.832    197.479    13.6646    13.6684   4.536564   4.536925     2.4733     1.2779     0.0481     4.7307    99.4160     0.0235     3.7110    161.067    13.6510    13.6548    38.5156    38.5152    28.9823    28.9811 0.0000e+00
     93.313    198.479    13.6671    13.6708   4.537022   4.537386     2.4734     1.2749     0.0594     4.7344    99.4954     0.0202     3.7088    160.968    13.6534    13.6571    38.5172    38.5170    28.9830    28.9820 0.0000e+00
     93.862    199.479    13.6687    13.6722   4.537374   4.537680     2.4712     1.2757     0.0639     4.7351    99.5093     0.0197     3.7039    160.759    13.6549    13.6584    38.5187    38.5181    28.9839    28.9827 0.0000e+00
     94.366    200.479    13.6699    13.6736   4.537601   4.537958     2.4716     1.2892     0.0579     4.7348    99.5039     0.0199     3.7117    161.095    13.6561    13.6598    38.5194    38.5190    28.9842    28.9831 0.0000e+00
     94.745    201.479    13.6708    13.6747   4.537798   4.538165     2.4724     1.2946     0.0578     4.7347    99.5018     0.0200     3.7078    160.927    13.6570    13.6608    38.5202    38.5198    28.9846    28.9835 0.0000e+00
     95.292    202.479    13.6730    13.6770   4.538173   4.538520     2.4701     1.2875     0.0444     4.7351    99.5093     0.0197     3.6943    160.339    13.6591    13.6630    38.5213    38.5206    28.9850    28.9836 0.0000e+00
     95.950    203.479    13.6744    13.6782   4.538468   4.538798     2.4653     1.2875     0.0341     4.7349    99.5061     0.0198     3.6859    159.974    13.6604    13.6641    38.5224    38.5218    28.9855    28.9843 0.0000e+00
     96.358    204.479    13.6751    13.6787   4.538609   4.538901     2.4646     1.2712     0.0421     4.7350    99.5082     0.0197     3.6933    160.295    13.6609    13.6646    38.5229    38.5220    28.9858    28.9844 0.0000e+00
     96.600    205.479    13.6755    13.6789   4.538696   4.538981     2.4632     1.2583     0.0395     4.7343    99.4932     0.0203     3.6832    159.858    13.6614    13.6648    38.5231    38.5224    28.9859    28.9846 0.0000e+00
