Boussole/Data/SBEMOOSE/Work/cnv/bous234_01.cnv
* Sea-Bird SBE 9 Data File:
* FileName = C:\boussole\202109\bous234_01.hdr
* Software Version Seasave V 7.23.2
* Temperature SN = 1378
* Conductivity SN = 2929
* Number of Bytes Per Scan = 34
* Number of Voltage Words = 3
* Number of Scans Averaged by the Deck Unit = 1
* NMEA Latitude = 43 22.06 N
* NMEA Longitude = 007 54.22 E
* NMEA UTC (Time) = Sep 13 2021  12:07:04
* NMEA baud rate = 4800
** Campagne = BOUSSOLE 234
** Navire = Tethys II
** Station = BOUS234_01
** Date = 13/09/2021
** Heure debut [TU] = 12:07
** Heure fin [TU] = 12:35
** Heure locale / TU = +2
** Latitude = 43 22.057 N
** Longitude = 007 54.203 E
** Heure meteo [TU] = 12:05
** T air sec [deg C] = 23.9
** T mer [deg C] = 24.0
** Vent [noeuds, degres] = 12.2, 214
** Pression atm [hpa] = 1016.6
** Humidite [%] = 82
** Nebulosite [octas] = 1
** Etat de la mer [code S] = 2
# nquan = 14
# nvalues = 1730                        
# units = specified
# name 0 = prDM: Pressure, Digiquartz [db]
# name 1 = timeS: Time, Elapsed [seconds]
# name 2 = t090C: Temperature [ITS-90, deg C]
# name 3 = c0S/m: Conductivity [S/m]
# name 4 = sbeox0V: Oxygen raw, SBE 43 [V]
# name 5 = flC: Fluorescence, Chelsea Aqua 3 Chl Con [ug/l]
# name 6 = upoly0: Upoly 0, RINKOIII_DO
# name 7 = upoly1: Upoly 1, RINKOIII_Temp
# name 8 = potemp090C: Potential Temperature [ITS-90, deg C]
# name 9 = sal00: Salinity, Practical [PSU]
# name 10 = sigma-é00: Density [sigma-theta, kg/m^3]
# name 11 = sbeox0ML/L: Oxygen, SBE 43 [ml/l], WS = 2
# name 12 = sbox0Mm/Kg: Oxygen, SBE 43 [umol/kg], WS = 2
# name 13 = flag: flag
# span 0 =     -0.067,    404.847       
# span 1 =      0.479,   1729.417       
# span 2 =    13.5690,    23.9324       
# span 3 =   0.591006,   5.644617       
# span 4 =     2.4274,     4.0958       
# span 5 =    -0.2893,     9.6497       
# span 6 =  1.2892247,  1.8141534       
# span 7 =  13.557797,  23.884130       
# span 8 =    13.5094,    23.9323       
# span 9 =     3.2851,    38.6625       
# span 10 =    -0.2020,    29.0905      
# span 11 =     3.7093,     6.4356      
# span 12 =    160.976,    279.562      
# span 13 = 0.0000e+00, 0.0000e+00      
# interval = seconds: 1                 
# start_time = Sep 13 2021 12:07:04 [NMEA time, header]
# bad_flag = -9.990e-29
*END*
[from data line 826]
    270.796    826.479    13.7737   4.571595     2.4698     0.1462  1.8085572  13.746519    13.7336    38.6584    29.0753     3.7441    162.488 0.0000e+00
    269.907    827.479    13.7788   4.572230     2.4727     0.1493  1.8083537  13.749253    13.7388    38.6597    29.0752     3.7413    162.364 0.0000e+00
    268.914    828.479    13.7856   4.573050     2.4714     0.1528  1.8081502  13.756088    13.7458    38.6611    29.0747     3.7298    161.866 0.0000e+00
    267.879    829.479    13.7857   4.573007     2.4709     0.1536  1.8078449  13.753354    13.7460    38.6611    29.0746     3.7383    162.236 0.0000e+00
    266.836    830.479    13.7889   4.573343     2.4733     0.1550  1.8070818  13.761556    13.7494    38.6615    29.0743     3.7409    162.347 0.0000e+00
    265.859    831.479    13.7897   4.573390     2.4732     0.1501  1.8065222  13.763606    13.7503    38.6615    29.0741     3.7362    162.145 0.0000e+00
    264.953    832.479    13.7900   4.573383     2.4732     0.1404  1.8061660  13.764290    13.7508    38.6616    29.0740     3.7388    162.257 0.0000e+00
    264.093    833.479    13.7897   4.573294     2.4750     0.1490  1.8061660  13.762923    13.7505    38.6615    29.0740     3.7479    162.653 0.0000e+00
    263.126    834.479    13.7896   4.573234     2.4773     0.1476  1.8061152  13.763606    13.7506    38.6615    29.0740     3.7464    162.589 0.0000e+00
    262.043    835.479    13.7893   4.573134     2.4761     0.1549  1.8057590  13.762923    13.7505    38.6612    29.0738     3.7352    162.100 0.0000e+00
    260.944    836.479    13.7899   4.573125     2.4750     0.1468  1.8057082  13.765657    13.7512    38.6611    29.0735     3.7382    162.230 0.0000e+00
    259.930    837.479    13.7907   4.573167     2.4758     0.1517  1.8054029  13.763606    13.7522    38.6611    29.0734     3.7426    162.424 0.0000e+00
    259.020    838.479    13.7921   4.573286     2.4771     0.1510  1.8055047  13.766340    13.7537    38.6612    29.0731     3.7440    162.484 0.0000e+00
    258.182    839.479    13.7927   4.573290     2.4770     0.1548  1.8053012  13.767024    13.7545    38.6610    29.0728     3.7387    162.252 0.0000e+00
    257.222    840.479    13.7962   4.573671     2.4763     0.1558  1.8052503  13.764973    13.7581    38.6616    29.0725     3.7379    162.218 0.0000e+00
    256.122    841.479    13.7962   4.573594     2.4766     0.1551  1.8050468  13.766340    13.7582    38.6614    29.0723     3.7405    162.333 0.0000e+00
    255.144    842.479    13.7997   4.573954     2.4771     0.1463  1.8049959  13.778643    13.7619    38.6616    29.0717     3.7393    162.281 0.0000e+00
    254.098    843.479    13.8009   4.574029     2.4774     0.1532  1.8050468  13.779326    13.7632    38.6617    29.0714     3.7380    162.224 0.0000e+00
    253.190    844.479    13.7987   4.573699     2.4762     0.1518  1.8050977  13.779326    13.7611    38.6612    29.0715     3.7347    162.081 0.0000e+00
    252.267    845.479    13.7974   4.573413     2.4772     0.1459  1.8050468  13.777276    13.7600    38.6602    29.0710     3.7420    162.398 0.0000e+00
    251.105    846.479    13.7956   4.573138     2.4778     0.1529  1.8048433  13.775225    13.7584    38.6598    29.0710     3.7395    162.288 0.0000e+00
    250.156    847.479    13.7940   4.572876     2.4777     0.1478  1.8051485  13.775909    13.7570    38.6594    29.0710     3.7364    162.155 0.0000e+00
    249.342    848.479    13.7945   4.572896     2.4771     0.1487  1.8053520  13.776592    13.7576    38.6594    29.0709     3.7343    162.065 0.0000e+00
    248.351    849.479    13.7939   4.572757     2.4762     0.1566  1.8051486  13.777276    13.7572    38.6592    29.0708     3.7302    161.884 0.0000e+00
    247.203    850.479    13.7812   4.570830     2.4746     0.1572  1.8056064  13.772491    13.7447    38.6542    29.0696     3.7236    161.599 0.0000e+00
    246.266    851.479    13.7739   4.569734     2.4724     0.1748  1.8057082  13.763606    13.7374    38.6516    29.0692     3.7244    161.636 0.0000e+00
    245.442    852.479    13.7738   4.569681     2.4726     0.1674  1.8063695  13.760189    13.7374    38.6516    29.0691     3.7286    161.814 0.0000e+00
    244.415    853.479    13.7743   4.569726     2.4729     0.1632  1.8069800  13.761556    13.7382    38.6519    29.0692     3.7287    161.818 0.0000e+00
    243.168    854.479    13.7743   4.569620     2.4733     0.1504  1.8069292  13.762923    13.7383    38.6515    29.0689     3.7272    161.755 0.0000e+00
    242.238    855.479    13.7744   4.569585     2.4730     0.1525  1.8069292  13.757455    13.7386    38.6515    29.0688     3.7312    161.927 0.0000e+00
    241.463    856.479    13.7744   4.569489     2.4757     0.1549  1.8071327  13.760873    13.7387    38.6509    29.0684     3.7401    162.315 0.0000e+00
    240.568    857.479    13.7734   4.569312     2.4777     0.1570  1.8073362  13.758822    13.7378    38.6507    29.0684     3.7395    162.289 0.0000e+00
    239.509    858.479    13.7731   4.569202     2.4778     0.1604  1.8069800  13.760873    13.7376    38.6504    29.0682     3.7328    161.998 0.0000e+00
    238.287    859.479    13.7722   4.568920     2.4766     0.1525  1.8071327  13.758138    13.7369    38.6492    29.0674     3.7294    161.848 0.0000e+00
    237.347    860.479    13.7727   4.568917     2.4762     0.1584  1.8071327  13.754721    13.7375    38.6491    29.0672     3.7327    161.992 0.0000e+00
    236.477    861.479    13.7737   4.568971     2.4775     0.1442  1.8069800  13.754721    13.7387    38.6489    29.0668     3.7372    162.189 0.0000e+00
    235.403    862.479    13.7739   4.568971     2.4778     0.1578  1.8071327  13.756771    13.7390    38.6493    29.0670     3.7321    161.966 0.0000e+00
    234.422    863.479    13.7764   4.569196     2.4774     0.1552  1.8066748  13.757455    13.7417    38.6493    29.0665     3.7338    162.040 0.0000e+00
    233.472    864.479    13.7777   4.569290     2.4786     0.1521  1.8068783  13.760873    13.7432    38.6493    29.0661     3.7348    162.084 0.0000e+00
    232.494    865.479    13.7802   4.569551     2.4776     0.1673  1.8067765  13.760189    13.7458    38.6497    29.0659     3.7268    161.740 0.0000e+00
    231.451    866.479    13.7809   4.569590     2.4774     0.1743  1.8062678  13.761556    13.7466    38.6499    29.0659     3.7351    162.099 0.0000e+00
    230.363    867.479    13.7812   4.569483     2.4800     0.1572  1.8063187  13.763606    13.7472    38.6490    29.0650     3.7450    162.527 0.0000e+00
    229.447    868.479    13.7818   4.569446     2.4827     0.1489  1.8060134  13.762240    13.7478    38.6485    29.0645     3.7440    162.484 0.0000e+00
    228.532    869.479    13.7825   4.569471     2.4826     0.1438  1.8053012  13.762923    13.7487    38.6484    29.0642     3.7422    162.405 0.0000e+00
    227.390    870.479    13.7825   4.569432     2.4849     0.1498  1.8053012  13.761556    13.7488    38.6486    29.0644     3.7504    162.762 0.0000e+00
    226.416    871.479    13.7828   4.569423     2.4859     0.1494  1.8052503  13.762923    13.7493    38.6486    29.0643     3.7452    162.538 0.0000e+00
    225.674    872.479    13.7827   4.569371     2.4855     0.1450  1.8049450  13.763606    13.7494    38.6485    29.0642     3.7438    162.478 0.0000e+00
    224.722    873.479    13.7831   4.569348     2.4859     0.1429  1.8047924  13.762923    13.7498    38.6484    29.0640     3.7446    162.512 0.0000e+00
    223.554    874.479    13.7847   4.569490     2.4856     0.1490  1.8048942  13.762240    13.7516    38.6486    29.0638     3.7425    162.418 0.0000e+00
    222.408    875.479    13.7877   4.569757     2.4859     0.1542  1.8041819  13.763606    13.7548    38.6486    29.0631     3.7425    162.421 0.0000e+00
    221.501    876.479    13.7879   4.569735     2.4855     0.1471  1.8041819  13.764973    13.7552    38.6486    29.0630     3.7440    162.483 0.0000e+00
    220.782    877.479    13.7879   4.569694     2.4872     0.1515  1.8041819  13.767707    13.7552    38.6486    29.0630     3.7483    162.672 0.0000e+00
    219.800    878.479    13.7878   4.569631     2.4874     0.1578  1.8039276  13.765657    13.7553    38.6485    29.0629     3.7450    162.529 0.0000e+00
    218.668    879.479    13.7889   4.569680     2.4877     0.1644  1.8035206  13.764973    13.7566    38.6484    29.0625     3.7468    162.604 0.0000e+00
    217.565    880.479    13.7900   4.569702     2.4886     0.1517  1.8033679  13.767024    13.7578    38.6480    29.0620     3.7464    162.590 0.0000e+00
    216.653    881.479    13.7902   4.569656     2.4884     0.1527  1.8034188  13.768391    13.7581    38.6478    29.0617     3.7488    162.691 0.0000e+00
    215.867    882.479    13.7912   4.569719     2.4909     0.1609  1.8034697  13.772491    13.7592    38.6477    29.0615     3.7569    163.043 0.0000e+00
    214.760    883.479    13.7932   4.569885     2.4921     0.1742  1.8031644  13.774542    13.7614    38.6478    29.0610     3.7541    162.922 0.0000e+00
    213.688    884.479    13.7968   4.570210     2.4928     0.1734  1.8028592  13.775909    13.7651    38.6477    29.0602     3.7548    162.952 0.0000e+00
    212.697    885.479    13.7993   4.570450     2.4935     0.1718  1.8027066  13.778643    13.7679    38.6479    29.0597     3.7564    163.022 0.0000e+00
    211.690    886.479    13.8009   4.570578     2.4951     0.1522  1.8020961  13.779326    13.7696    38.6480    29.0594     3.7597    163.166 0.0000e+00
    210.722    887.479    13.8018   4.570636     2.4956     0.1343  1.8018926  13.779326    13.7706    38.6480    29.0593     3.7559    163.003 0.0000e+00
    209.857    888.479    13.8033   4.570781     2.4952     0.1339  1.8016891  13.779326    13.7723    38.6483    29.0591     3.7525    162.853 0.0000e+00
    208.967    889.479    13.8052   4.570962     2.4944     0.1514  1.8016382  13.780693    13.7743    38.6484    29.0588     3.7510    162.790 0.0000e+00
    208.396    890.479    13.8057   4.571024     2.4947     0.1586  1.8010277  13.780693    13.7749    38.6488    29.0589     3.7554    162.982 0.0000e+00
    208.041    891.479    13.8060   4.571019     2.4958     0.1552  1.8013838  13.782060    13.7752    38.6486    29.0588     3.7591    163.142 0.0000e+00
    207.737    892.479    13.8028   4.570670     2.4970     0.1478  1.8011294  13.787527    13.7720    38.6487    29.0595     3.7598    163.169 0.0000e+00
    207.133    893.479    13.8059   4.571015     2.4974     0.1502  1.8008242  13.789577    13.7752    38.6491    29.0591     3.7591    163.140 0.0000e+00
    206.651    894.479    13.8086   4.571274     2.4980     0.1539  1.8008242  13.791627    13.7780    38.6490    29.0584     3.7599    163.175 0.0000e+00
    206.340    895.479    13.8106   4.571531     2.4981     0.1538  1.8007224  13.792310    13.7801    38.6496    29.0585     3.7574    163.066 0.0000e+00
    205.876    896.479    13.8123   4.571704     2.4975     0.1571  1.8006207  13.792994    13.7818    38.6498    29.0582     3.7555    162.984 0.0000e+00
    205.238    897.479    13.8154   4.572062     2.4974     0.1492  1.8003663  13.795044    13.7850    38.6503    29.0579     3.7532    162.884 0.0000e+00
    204.792    898.479    13.8153   4.572027     2.4963     0.1473  1.8003154  13.795044    13.7850    38.6503    29.0579     3.7553    162.978 0.0000e+00
    204.466    899.479    13.8153   4.572017     2.4985     0.1477  1.8000102  13.795727    13.7850    38.6503    29.0579     3.7661    163.445 0.0000e+00
    203.954    900.479    13.8158   4.572070     2.5008     0.1465  1.8001119  13.795044    13.7856    38.6506    29.0580     3.7669    163.481 0.0000e+00
    203.316    901.479    13.8175   4.572229     2.5010     0.1537  1.8002646  13.796410    13.7874    38.6506    29.0577     3.7597    163.168 0.0000e+00
    202.600    902.479    13.8193   4.572418     2.4996     0.1576  1.8001628  13.795727    13.7893    38.6510    29.0575     3.7566    163.034 0.0000e+00
    201.991    903.479    13.8223   4.572771     2.5001     0.1604  1.8001628  13.795727    13.7924    38.6516    29.0574     3.7619    163.261 0.0000e+00
    201.698    904.479    13.8220   4.572716     2.5010     0.1511  1.7998067  13.806661    13.7921    38.6515    29.0573     3.7632    163.321 0.0000e+00
    201.170    905.479    13.8295   4.573635     2.5010     0.1544  1.8000102  13.808711    13.7997    38.6529    29.0567     3.7554    162.979 0.0000e+00
    200.296    906.479    13.8367   4.574381     2.4987     0.1543  1.8000102  13.798460    13.8070    38.6531    29.0554     3.7521    162.837 0.0000e+00
    199.973    907.479    13.8346   4.574132     2.4999     0.1604  1.7995014  13.810761    13.8050    38.6530    29.0557     3.7588    163.127 0.0000e+00
    200.424    908.479    13.8283   4.573414     2.4987     0.1577  1.7996540  13.805294    13.7986    38.6523    29.0566     3.7514    162.809 0.0000e+00
    200.448    909.479    13.8271   4.573264     2.4990     0.1560  1.7993488  13.803244    13.7974    38.6521    29.0566     3.7596    163.163 0.0000e+00
    200.180    910.479    13.8285   4.573416     2.5002     0.1542  1.7991962  13.809394    13.7988    38.6523    29.0565     3.7611    163.227 0.0000e+00
    200.088    911.479    13.8285   4.573436     2.5007     0.1557  1.7993488  13.811445    13.7989    38.6525    29.0566     3.7608    163.213 0.0000e+00
    200.339    912.479    13.8359   4.574302     2.5013     0.1580  1.7995523  13.809394    13.8062    38.6532    29.0556     3.7608    163.216 0.0000e+00
    200.453    913.479    13.8332   4.573984     2.5014     0.1630  1.7997558  13.808028    13.8035    38.6528    29.0558     3.7623    163.281 0.0000e+00
    200.312    914.479    13.8364   4.574367     2.5025     0.1566  1.7991962  13.812128    13.8067    38.6533    29.0556     3.7659    163.436 0.0000e+00
    200.248    915.479    13.8379   4.574523     2.5033     0.1478  1.7990944  13.814178    13.8082    38.6532    29.0552     3.7658    163.431 0.0000e+00
    200.222    916.479    13.8381   4.574539     2.5040     0.1526  1.7989418  13.814178    13.8084    38.6532    29.0551     3.7659    163.438 0.0000e+00
    200.328    917.479    13.8379   4.574525     2.5036     0.1557  1.7987383  13.816911    13.8082    38.6532    29.0552     3.7618    163.260 0.0000e+00
    200.423    918.479    13.8378   4.574519     2.5027     0.1532  1.7985857  13.814178    13.8081    38.6532    29.0552     3.7629    163.305 0.0000e+00
    200.407    919.479    13.8379   4.574530     2.5040     0.1557  1.7987892  13.820327    13.8082    38.6533    29.0553     3.7693    163.586 0.0000e+00
    200.297    920.479    13.8380   4.574520     2.5047     0.1572  1.7983313  13.820327    13.8082    38.6532    29.0551     3.7677    163.513 0.0000e+00
    200.186    921.479    13.8382   4.574548     2.5047     0.1661  1.7985857  13.819644    13.8085    38.6532    29.0551     3.7652    163.407 0.0000e+00
    200.297    922.479    13.8379   4.574530     2.5043     0.1730  1.7983822  13.819644    13.8082    38.6533    29.0552     3.7639    163.349 0.0000e+00
    200.454    923.479    13.8378   4.574529     2.5033     0.1728  1.7983313  13.816911    13.8081    38.6533    29.0553     3.7614    163.243 0.0000e+00
    200.371    924.479    13.8377   4.574514     2.5030     0.1561  1.7984330  13.819644    13.8080    38.6533    29.0553     3.7631    163.314 0.0000e+00
    200.341    925.479    13.8379   4.574528     2.5032     0.1649  1.7983313  13.821694    13.8082    38.6532    29.0552     3.7641    163.357 0.0000e+00
    200.381    926.479    13.8379   4.574526     2.5035     0.1519  1.7982804  13.818961    13.8082    38.6532    29.0552     3.7648    163.388 0.0000e+00
    200.310    927.479    13.8379   4.574519     2.5034     0.1372  1.7984330  13.821011    13.8082    38.6531    29.0551     3.7641    163.356 0.0000e+00
    200.327    928.479    13.8379   4.574526     2.5034     0.1362  1.7985857  13.823061    13.8082    38.6532    29.0552     3.7610    163.222 0.0000e+00
