Boussole/Data/SBEMOOSE/Work/cnv/bousrade_02.cnv
* Sea-Bird SBE 9 Data File:
* FileName = C:\MOOSE\CTD\Work\raw\test02.hdr
* Software Version Seasave V 7.23.2
* Temperature SN = 2473
* Conductivity SN = 2929
* Number of Bytes Per Scan = 30
* Number of Voltage Words = 4
* Number of Scans Averaged by the Deck Unit = 1
* NMEA baud rate = 4800
** Ship:
** Station:
** Operator:
# nquan = 14
# nvalues = 1550                        
# units = specified
# name 0 = prDM: Pressure, Digiquartz [db]
# name 1 = timeS: Time, Elapsed [seconds]
# name 2 = t090C: Temperature [ITS-90, deg C]
# name 3 = c0S/m: Conductivity [S/m]
# name 4 = sbeox0V: Oxygen raw, SBE 43 [V]
# name 5 = flC: Fluorescence, Chelsea Aqua 3 Chl Con [ug/l]
# name 6 = upoly0: Upoly 0, RINKOIII_DO
# name 7 = upoly1: Upoly 1, RINKOIII_Temp
# name 8 = potemp090C: Potential Temperature [ITS-90, deg C]
# name 9 = sal00: Salinity, Practical [PSU]
# name 10 = sigma-é00: Density [sigma-theta, kg/m^3]
# name 11 = sbeox0ML/L: Oxygen, SBE 43 [ml/l], WS = 2
# name 12 = sbox0Mm/Kg: Oxygen, SBE 43 [umol/kg], WS = 2
# name 13 = flag: flag
# span 0 =      0.658,    499.397       
# span 1 =      0.479,   1549.021       
# span 2 =    13.7907,    14.3069       
# span 3 =   4.521198,   4.618268       
# span 4 =     2.2106,     2.9561       
# span 5 =     0.1208,     0.4620       
# span 6 =  1.5659850,  1.8367928       
# span 7 =  13.773858,  14.287990       
# span 8 =    13.7163,    14.2958       
# span 9 =    37.9951,    38.7023       
# span 10 =    28.4828,    29.0745      
# span 11 =     3.3168,     4.6256      
# span 12 =    143.944,    200.858      
# span 13 = 0.0000e+00, 0.0000e+00      
# interval = seconds: 1                 
# start_time = Jan 28 2021 10:30:46 [System UTC, header]
# bad_flag = -9.990e-29
*END*
[from data line 723]
    393.712    723.479    14.0207   4.606475     2.2501     0.1520  1.8220390  14.010221    13.9615    38.6852    29.0468     3.3439    145.123 0.0000e+00
    394.659    724.479    14.0210   4.606610     2.2493     0.1372  1.8227004  14.008172    13.9617    38.6858    29.0472     3.3444    145.144 0.0000e+00
    395.674    725.479    14.0219   4.606786     2.2496     0.1459  1.8227004  14.008172    13.9624    38.6861    29.0473     3.3481    145.305 0.0000e+00
    396.347    726.479    14.0219   4.606836     2.2503     0.1581  1.8225478  14.008172    13.9623    38.6862    29.0474     3.3497    145.376 0.0000e+00
    396.857    727.479    14.0239   4.607155     2.2505     0.1609  1.8225987  14.008855    13.9642    38.6871    29.0476     3.3496    145.371 0.0000e+00
    397.458    728.479    14.0284   4.607808     2.2508     0.1650  1.8225478  14.008855    13.9686    38.6884    29.0477     3.3486    145.325 0.0000e+00
    397.805    729.479    14.0301   4.608108     2.2501     0.1618  1.8228531  14.008855    13.9703    38.6894    29.0481     3.3438    145.119 0.0000e+00
    398.720    730.479    14.0345   4.608774     2.2488     0.1508  1.8228531  14.012952    13.9745    38.6908    29.0483     3.3422    145.047 0.0000e+00
    399.623    731.479    14.0339   4.608740     2.2486     0.1490  1.8225478  14.017731    13.9737    38.6908    29.0485     3.3439    145.123 0.0000e+00
    399.921    732.479    14.0332   4.608661     2.2480     0.1544  1.8231074  14.016366    13.9730    38.6906    29.0485     3.3409    144.993 0.0000e+00
    400.744    733.479    14.0246   4.607629     2.2469     0.1661  1.8231583  14.011586    13.9643    38.6891    29.0492     3.3404    144.971 0.0000e+00
    401.662    734.479    14.0186   4.606993     2.2468     0.1688  1.8238705  14.008855    13.9582    38.6887    29.0502     3.3425    145.061 0.0000e+00
    402.080    735.479    14.0185   4.607001     2.2464     0.1663  1.8239214  14.009538    13.9580    38.6887    29.0503     3.3394    144.929 0.0000e+00
    402.501    736.479    14.0187   4.607049     2.2452     0.1630  1.8241758  14.008855    13.9581    38.6888    29.0503     3.3370    144.825 0.0000e+00
    403.171    737.479    14.0178   4.607006     2.2447     0.1583  1.8239723  14.007489    13.9572    38.6889    29.0506     3.3383    144.879 0.0000e+00
    404.107    738.479    14.0170   4.606973     2.2446     0.1532  1.8243793  14.004075    13.9562    38.6891    29.0509     3.3388    144.900 0.0000e+00
    404.923    739.479    14.0165   4.606951     2.2441     0.1603  1.8245319  14.001343    13.9556    38.6890    29.0510     3.3375    144.844 0.0000e+00
    405.508    740.479    14.0154   4.606842     2.2437     0.1657  1.8247354  14.006806    13.9544    38.6887    29.0511     3.3362    144.790 0.0000e+00
    406.067    741.479    14.0147   4.606775     2.2428     0.1728  1.8247863  13.999295    13.9537    38.6886    29.0511     3.3336    144.675 0.0000e+00
    406.593    742.479    14.0135   4.606652     2.2423     0.1731  1.8246845  13.998612    13.9524    38.6884    29.0512     3.3363    144.791 0.0000e+00
    407.265    743.479    14.0118   4.606451     2.2426     0.1637  1.8250407  13.997246    13.9506    38.6879    29.0513     3.3362    144.786 0.0000e+00
    407.910    744.479    14.0084   4.606056     2.2422     0.1432  1.8250915  13.997929    13.9471    38.6873    29.0516     3.3369    144.818 0.0000e+00
    408.489    745.479    14.0068   4.605873     2.2427     0.1528  1.8249389  13.993149    13.9454    38.6870    29.0517     3.3390    144.912 0.0000e+00
    409.503    746.479    14.0035   4.605490     2.2425     0.1491  1.8255494  13.991783    13.9419    38.6863    29.0519     3.3354    144.753 0.0000e+00
    410.289    747.479    14.0003   4.605153     2.2413     0.1457  1.8256512  13.989052    13.9386    38.6859    29.0523     3.3339    144.690 0.0000e+00
    410.532    748.479    13.9995   4.605060     2.2410     0.1510  1.8259055  13.990417    13.9378    38.6857    29.0523     3.3354    144.753 0.0000e+00
    411.095    749.479    13.9974   4.604856     2.2408     0.1599  1.8259564  13.989734    13.9356    38.6856    29.0528     3.3350    144.737 0.0000e+00
    411.825    750.479    13.9950   4.604646     2.2406     0.1641  1.8258547  13.982223    13.9331    38.6857    29.0534     3.3339    144.687 0.0000e+00
    412.869    751.479    13.9950   4.604698     2.2399     0.1556  1.8265161  13.978808    13.9329    38.6859    29.0535     3.3329    144.643 0.0000e+00
    413.437    752.479    13.9951   4.604753     2.2394     0.1578  1.8264143  13.977443    13.9330    38.6859    29.0535     3.3328    144.639 0.0000e+00
    413.562    753.479    13.9953   4.604763     2.2391     0.1423  1.8263634  13.980857    13.9331    38.6858    29.0534     3.3314    144.579 0.0000e+00
    414.559    754.479    13.9927   4.604496     2.2386     0.1450  1.8265669  13.976077    13.9304    38.6855    29.0538     3.3321    144.610 0.0000e+00
    415.303    755.479    13.9914   4.604385     2.2385     0.1526  1.8268213  13.976760    13.9290    38.6854    29.0540     3.3331    144.655 0.0000e+00
    415.856    756.479    13.9902   4.604261     2.2387     0.1594  1.8262617  13.976077    13.9278    38.6851    29.0541     3.3335    144.670 0.0000e+00
    416.586    757.479    13.9856   4.603676     2.2383     0.1572  1.8265669  13.976077    13.9230    38.6839    29.0541     3.3338    144.685 0.0000e+00
    417.391    758.479    13.9838   4.603494     2.2389     0.1499  1.8270248  13.971297    13.9211    38.6837    29.0544     3.3361    144.784 0.0000e+00
    418.036    759.479    13.9825   4.603363     2.2386     0.1510  1.8271266  13.969931    13.9197    38.6835    29.0545     3.3339    144.689 0.0000e+00
    418.496    760.479    13.9814   4.603267     2.2383     0.1494  1.8270757  13.971297    13.9186    38.6834    29.0547     3.3333    144.663 0.0000e+00
    419.071    761.479    13.9812   4.603257     2.2377     0.1449  1.8271266  13.969931    13.9182    38.6833    29.0547     3.3319    144.602 0.0000e+00
    419.932    762.479    13.9816   4.603396     2.2376     0.1490  1.8275336  13.963784    13.9186    38.6838    29.0550     3.3344    144.709 0.0000e+00
    420.675    763.479    13.9832   4.603704     2.2379     0.1456  1.8274318  13.963102    13.9200    38.6848    29.0555     3.3343    144.706 0.0000e+00
    421.083    764.479    13.9825   4.603683     2.2375     0.1517  1.8274827  13.969248    13.9193    38.6851    29.0559     3.3333    144.664 0.0000e+00
    421.800    765.479    13.9816   4.603690     2.2376     0.1566  1.8275336  13.964467    13.9182    38.6858    29.0567     3.3335    144.672 0.0000e+00
    422.835    766.479    13.9797   4.603529     2.2367     0.1660  1.8277371  13.962419    13.9162    38.6858    29.0570     3.3305    144.540 0.0000e+00
    423.294    767.479    13.9795   4.603537     2.2362     0.1658  1.8279406  13.961736    13.9159    38.6858    29.0572     3.3311    144.567 0.0000e+00
    423.600    768.479    13.9792   4.603553     2.2359     0.1562  1.8280423  13.970614    13.9155    38.6861    29.0575     3.3305    144.538 0.0000e+00
    424.319    769.479    13.9789   4.603548     2.2353     0.1580  1.8286019  13.963784    13.9151    38.6861    29.0575     3.3281    144.438 0.0000e+00
    425.125    770.479    13.9685   4.602332     2.2344     0.1548  1.8282458  13.960370    13.9047    38.6847    29.0587     3.3259    144.340 0.0000e+00
    425.773    771.479    13.9637   4.601813     2.2331     0.1477  1.8287037  13.958321    13.8997    38.6843    29.0595     3.3263    144.357 0.0000e+00
    426.609    772.479    13.9611   4.601517     2.2335     0.1401  1.8292633  13.950125    13.8971    38.6837    29.0596     3.3301    144.525 0.0000e+00
    427.397    773.479    13.9586   4.601272     2.2335     0.1476  1.8291107  13.946710    13.8945    38.6835    29.0600     3.3300    144.518 0.0000e+00
    427.866    774.479    13.9569   4.601118     2.2337     0.1414  1.8291616  13.949442    13.8927    38.6836    29.0605     3.3306    144.544 0.0000e+00
    428.398    775.479    13.9551   4.600923     2.2338     0.1566  1.8295177  13.946710    13.8908    38.6834    29.0607     3.3312    144.570 0.0000e+00
    428.842    776.479    13.9550   4.600924     2.2335     0.1729  1.8295686  13.943978    13.8906    38.6833    29.0607     3.3288    144.465 0.0000e+00
    429.542    777.479    13.9533   4.600720     2.2331     0.1565  1.8297720  13.943978    13.8888    38.6828    29.0607     3.3283    144.445 0.0000e+00
    430.606    778.479    13.9508   4.600460     2.2321     0.1661  1.8298738  13.938514    13.8861    38.6824    29.0610     3.3255    144.323 0.0000e+00
    431.350    779.479    13.9495   4.600346     2.2318     0.1615  1.8303825  13.935099    13.8848    38.6823    29.0611     3.3282    144.441 0.0000e+00
    431.604    780.479    13.9492   4.600314     2.2317     0.1608  1.8300773  13.944661    13.8844    38.6822    29.0612     3.3276    144.415 0.0000e+00
    432.204    781.479    13.9480   4.600171     2.2316     0.1627  1.8300773  13.940563    13.8831    38.6817    29.0611     3.3281    144.437 0.0000e+00
    433.042    782.479    13.9474   4.600148     2.2312     0.1626  1.8302808  13.935099    13.8824    38.6817    29.0612     3.3262    144.353 0.0000e+00
    433.852    783.479    13.9473   4.600171     2.2307     0.1501  1.8305352  13.937831    13.8822    38.6817    29.0613     3.3253    144.315 0.0000e+00
    434.525    784.479    13.9457   4.599991     2.2302     0.1504  1.8304334  13.933050    13.8805    38.6813    29.0614     3.3249    144.298 0.0000e+00
    434.937    785.479    13.9430   4.599665     2.2296     0.1444  1.8302808  13.934416    13.8777    38.6808    29.0615     3.3242    144.266 0.0000e+00
    435.603    786.479    13.9409   4.599425     2.2296     0.1515  1.8304334  13.929635    13.8756    38.6803    29.0616     3.3272    144.397 0.0000e+00
    436.392    787.479    13.9394   4.599286     2.2299     0.1458  1.8305860  13.927586    13.8739    38.6802    29.0619     3.3281    144.434 0.0000e+00
    436.863    788.479    13.9384   4.599152     2.2300     0.1519  1.8307387  13.928952    13.8729    38.6797    29.0617     3.3281    144.435 0.0000e+00
    437.547    789.479    13.9371   4.599024     2.2303     0.1544  1.8308404  13.926903    13.8714    38.6795    29.0619     3.3290    144.475 0.0000e+00
    438.434    790.479    13.9349   4.598772     2.2301     0.1450  1.8309422  13.926220    13.8691    38.6789    29.0620     3.3276    144.415 0.0000e+00
    439.274    791.479    13.9334   4.598641     2.2294     0.1456  1.8314509  13.924854    13.8675    38.6788    29.0622     3.3260    144.343 0.0000e+00
    439.615    792.479    13.9332   4.598614     2.2291     0.1508  1.8310439  13.924171    13.8673    38.6786    29.0621     3.3255    144.321 0.0000e+00
    440.039    793.479    13.9322   4.598506     2.2285     0.1575  1.8308404  13.926903    13.8662    38.6784    29.0621     3.3248    144.290 0.0000e+00
    440.932    794.479    13.9231   4.597374     2.2282     0.1581  1.8312474  13.922122    13.8570    38.6764    29.0626     3.3243    144.272 0.0000e+00
    441.692    795.479    13.9133   4.596178     2.2271     0.1535  1.8314001  13.915974    13.8471    38.6747    29.0634     3.3223    144.183 0.0000e+00
    442.387    796.479    13.8999   4.594574     2.2265     0.1534  1.8314509  13.909827    13.8337    38.6726    29.0647     3.3256    144.327 0.0000e+00
    442.773    797.479    13.8991   4.594538     2.2273     0.1562  1.8317053  13.899580    13.8328    38.6729    29.0651     3.3290    144.474 0.0000e+00
    443.309    798.479    13.8986   4.594489     2.2274     0.1626  1.8317562  13.902996    13.8322    38.6728    29.0651     3.3280    144.433 0.0000e+00
    444.258    799.479    13.8985   4.594544     2.2273     0.1578  1.8323158  13.885234    13.8319    38.6730    29.0654     3.3260    144.342 0.0000e+00
    445.204    800.479    13.8985   4.594584     2.2265     0.1612  1.8325702  13.885918    13.8318    38.6729    29.0654     3.3259    144.339 0.0000e+00
    445.717    801.479    13.8984   4.594606     2.2269     0.1547  1.8324176  13.884551    13.8317    38.6730    29.0654     3.3283    144.442 0.0000e+00
    445.989    802.479    13.8985   4.594622     2.2264     0.1596  1.8322649  13.890699    13.8317    38.6729    29.0654     3.3223    144.183 0.0000e+00
    446.617    803.479    13.8986   4.594678     2.2248     0.1539  1.8327228  13.890016    13.8317    38.6730    29.0655     3.3187    144.027 0.0000e+00
    447.506    804.479    13.8985   4.594719     2.2238     0.1479  1.8323667  13.885918    13.8314    38.6732    29.0657     3.3205    144.104 0.0000e+00
    448.343    805.479    13.8979   4.594697     2.2239     0.1510  1.8327737  13.884551    13.8308    38.6732    29.0658     3.3223    144.185 0.0000e+00
    448.857    806.479    13.8978   4.594720     2.2236     0.1556  1.8327228  13.887284    13.8306    38.6733    29.0659     3.3206    144.108 0.0000e+00
    449.352    807.479    13.8980   4.594759     2.2234     0.1492  1.8325702  13.887284    13.8307    38.6732    29.0658     3.3207    144.114 0.0000e+00
    450.234    808.479    13.8971   4.594706     2.2229     0.1427  1.8328754  13.885234    13.8297    38.6732    29.0660     3.3205    144.105 0.0000e+00
    450.876    809.479    13.8961   4.594623     2.2234     0.1417  1.8330280  13.883868    13.8286    38.6732    29.0663     3.3252    144.310 0.0000e+00
    451.186    810.479    13.8959   4.594618     2.2241     0.1486  1.8325702  13.886601    13.8284    38.6732    29.0663     3.3243    144.268 0.0000e+00
    452.122    811.479    13.8959   4.594650     2.2237     0.1552  1.8328245  13.881819    13.8282    38.6731    29.0662     3.3226    144.197 0.0000e+00
    452.924    812.479    13.8961   4.594726     2.2236     0.1855  1.8330789  13.882502    13.8283    38.6732    29.0663     3.3230    144.214 0.0000e+00
    453.563    813.479    13.8942   4.594492     2.2234     0.1695  1.8325702  13.884551    13.8263    38.6727    29.0663     3.3235    144.237 0.0000e+00
    454.052    814.479    13.8919   4.594247     2.2234     0.1597  1.8333333  13.881819    13.8239    38.6724    29.0667     3.3241    144.261 0.0000e+00
    454.460    815.479    13.8917   4.594233     2.2235     0.1716  1.8328754  13.881819    13.8237    38.6723    29.0666     3.3244    144.273 0.0000e+00
    455.296    816.479    13.8914   4.594240     2.2231     0.1697  1.8333333  13.879086    13.8232    38.6723    29.0667     3.3224    144.185 0.0000e+00
    456.250    817.479    13.8909   4.594201     2.2225     0.1577  1.8335368  13.877720    13.8226    38.6720    29.0667     3.3220    144.170 0.0000e+00
    456.955    818.479    13.8899   4.594094     2.2227     0.1508  1.8330280  13.877037    13.8215    38.6717    29.0667     3.3249    144.294 0.0000e+00
    457.253    819.479    13.8893   4.594034     2.2227     0.1459  1.8331298  13.879086    13.8208    38.6716    29.0667     3.3230    144.215 0.0000e+00
    457.931    820.479    13.8815   4.593009     2.2222     0.1328  1.8333333  13.878403    13.8129    38.6695    29.0668     3.3204    144.102 0.0000e+00
    458.700    821.479    13.8715   4.591793     2.2209     0.1326  1.8334859  13.868839    13.8029    38.6677    29.0675     3.3217    144.156 0.0000e+00
    459.264    822.479    13.8676   4.591341     2.2218     0.1406  1.8337912  13.866106    13.7989    38.6671    29.0679     3.3278    144.423 0.0000e+00
    460.064    823.479    13.8642   4.590911     2.2225     0.1485  1.8338929  13.864740    13.7953    38.6661    29.0679     3.3289    144.470 0.0000e+00
    460.813    824.479    13.8604   4.590474     2.2230     0.1480  1.8339438  13.855858    13.7915    38.6654    29.0682     3.3272    144.395 0.0000e+00
