Boussole/Data/SBEMOOSE/Work/cnv/bous228_05.cnv
* Sea-Bird SBE 9 Data File:
* FileName = C:\boussole\202103\bous228_05.hdr
* Software Version Seasave V 7.23.2
* Temperature SN = 2473
* Conductivity SN = 2929
* Number of Bytes Per Scan = 37
* Number of Voltage Words = 4
* Number of Scans Averaged by the Deck Unit = 1
* NMEA Latitude = 43 22.23 N
* NMEA Longitude = 007 53.94 E
* NMEA UTC (Time) = Mar 04 2021  08:13:07
* NMEA baud rate = 4800
** Navire
** Station:
** Date
** Heure debut [TU]
** Heure fin [TU]
** Heure locale / TU = +0
** Latitude
** Longitude
** Heure meteo [TU]
** T air sec [deg C]
** T mer [deg C]
** Vent [noeuds, degres]
# nquan = 14
# nvalues = 736                         
# units = specified
# name 0 = prDM: Pressure, Digiquartz [db]
# name 1 = timeS: Time, Elapsed [seconds]
# name 2 = t090C: Temperature [ITS-90, deg C]
# name 3 = c0S/m: Conductivity [S/m]
# name 4 = sbeox0V: Oxygen raw, SBE 43 [V]
# name 5 = flC: Fluorescence, Chelsea Aqua 3 Chl Con [ug/l]
# name 6 = upoly0: Upoly 0, RINKOIII_DO
# name 7 = upoly1: Upoly 1, RINKOIII_Temp
# name 8 = potemp090C: Potential Temperature [ITS-90, deg C]
# name 9 = sal00: Salinity, Practical [PSU]
# name 10 = sigma-é00: Density [sigma-theta, kg/m^3]
# name 11 = sbeox0ML/L: Oxygen, SBE 43 [ml/l], WS = 2
# name 12 = sbox0Mm/Kg: Oxygen, SBE 43 [umol/kg], WS = 2
# name 13 = flag: flag
# span 0 =      0.793,    100.961       
# span 1 =      0.479,    735.229       
# span 2 =    13.4248,    13.7288       
# span 3 =   4.491316,   4.547895       
# span 4 =     2.4213,     3.0543       
# span 5 =     0.2058,     2.8799       
# span 6 =  1.5188238,  1.7350936       
# span 7 =  13.405205,  13.689781       
# span 8 =    13.4216,    13.7153       
# span 9 =    38.3567,    38.5591       
# span 10 =    28.8950,    29.0117      
# span 11 =     3.5913,     4.8841      
# span 12 =    155.865,    211.999      
# span 13 = 0.0000e+00, 0.0000e+00      
# interval = seconds: 1                 
# start_time = Mar 04 2021 08:13:07 [NMEA time, header]
# bad_flag = -9.990e-29
*END*
      1.809      0.479    13.4858   4.497302     3.0447     1.6970  1.5192816  13.467486    13.4855    38.3624    28.8988     4.8605    210.972 0.0000e+00
      1.854      1.479    13.4860   4.497313     3.0436     1.6818  1.5194343  13.467486    13.4857    38.3623    28.8987     4.8538    210.685 0.0000e+00
      1.595      2.479    13.4861   4.497320     3.0421     1.6844  1.5195869  13.468170    13.4859    38.3623    28.8987     4.8514    210.577 0.0000e+00
      1.436      3.479    13.4867   4.497358     3.0412     1.6686  1.5194343  13.467486    13.4865    38.3622    28.8984     4.8510    210.560 0.0000e+00
      1.646      4.479    13.4860   4.497318     3.0409     1.7027  1.5197395  13.467486    13.4858    38.3624    28.8988     4.8541    210.696 0.0000e+00
      1.667      5.479    13.4860   4.497308     3.0422     1.6888  1.5195869  13.467486    13.4858    38.3623    28.8986     4.8593    210.923 0.0000e+00
      1.726      6.479    13.4856   4.497274     3.0438     1.6844  1.5195360  13.467486    13.4853    38.3623    28.8988     4.8647    211.154 0.0000e+00
      1.693      7.479    13.4857   4.497274     3.0460     1.7055  1.5196378  13.468170    13.4854    38.3623    28.8987     4.8667    211.242 0.0000e+00
      1.634      8.479    13.4857   4.497278     3.0461     1.7391  1.5194851  13.467486    13.4855    38.3623    28.8988     4.8645    211.148 0.0000e+00
      1.674      9.479    13.4853   4.497257     3.0471     1.7062  1.5193325  13.466802    13.4851    38.3625    28.8990     4.8666    211.239 0.0000e+00
      1.705     10.479    13.4862   4.497346     3.0467     1.7613  1.5195869  13.467486    13.4860    38.3625    28.8987     4.8593    210.923 0.0000e+00
      1.539     11.479    13.4866   4.497421     3.0435     1.7713  1.5196886  13.469539    13.4864    38.3628    28.8989     4.8459    210.337 0.0000e+00
      1.520     12.479    13.4865   4.497388     3.0400     1.6814  1.5198921  13.468170    13.4863    38.3627    28.8988     4.8456    210.324 0.0000e+00
      1.774     13.479    13.4878   4.497492     3.0395     1.6390  1.5196378  13.467486    13.4875    38.3622    28.8982     4.8489    210.469 0.0000e+00
      1.838     14.479    13.4882   4.497572     3.0402     1.5660  1.5195360  13.467486    13.4879    38.3625    28.8983     4.8542    210.698 0.0000e+00
      1.613     15.479    13.4868   4.497410     3.0408     1.6181  1.5191799  13.467486    13.4866    38.3625    28.8987     4.8500    210.518 0.0000e+00
      1.489     16.479    13.4866   4.497291     3.0392     1.5826  1.5194343  13.468170    13.4864    38.3616    28.8980     4.8472    210.395 0.0000e+00
      1.597     17.479    13.4889   4.497655     3.0396     1.6890  1.5194851  13.467486    13.4887    38.3628    28.8984     4.8507    210.548 0.0000e+00
      1.829     18.479    13.4902   4.497787     3.0399     1.6990  1.5189255  13.467486    13.4899    38.3626    28.8980     4.8533    210.660 0.0000e+00
      1.752     19.479    13.4895   4.497706     3.0422     1.6251  1.5194851  13.468855    13.4892    38.3626    28.8981     4.8623    211.053 0.0000e+00
      1.545     20.479    13.4884   4.497594     3.0439     1.6335  1.5192816  13.467486    13.4882    38.3627    28.8984     4.8609    210.991 0.0000e+00
      1.575     21.479    13.4896   4.497729     3.0445     1.7036  1.5193834  13.467486    13.4894    38.3628    28.8983     4.8650    211.167 0.0000e+00
      1.706     22.479    13.4904   4.497807     3.0467     1.6721  1.5194851  13.468170    13.4902    38.3626    28.8979     4.8681    211.301 0.0000e+00
      1.738     23.479    13.4912   4.497889     3.0475     1.6176  1.5192308  13.467486    13.4909    38.3626    28.8978     4.8642    211.135 0.0000e+00
      1.677     24.479    13.4905   4.497812     3.0453     1.5990  1.5192816  13.468170    13.4903    38.3626    28.8979     4.8569    210.818 0.0000e+00
      1.611     25.479    13.4872   4.497474     3.0454     1.6352  1.5195360  13.468855    13.4870    38.3627    28.8987     4.8634    211.099 0.0000e+00
      1.711     26.479    13.4881   4.497598     3.0465     1.7041  1.5189255  13.468855    13.4879    38.3629    28.8987     4.8691    211.345 0.0000e+00
      1.702     27.479    13.4891   4.497677     3.0481     1.6992  1.5193834  13.467486    13.4889    38.3627    28.8983     4.8679    211.293 0.0000e+00
      1.717     28.479    13.4891   4.497681     3.0476     1.6730  1.5190273  13.470907    13.4889    38.3627    28.8984     4.8654    211.186 0.0000e+00
      1.822     29.479    13.4886   4.497587     3.0477     1.6879  1.5193834  13.468170    13.4883    38.3622    28.8981     4.8679    211.293 0.0000e+00
      2.019     30.479    13.4885   4.497648     3.0486     1.7221  1.5193834  13.469539    13.4882    38.3629    28.8986     4.8727    211.502 0.0000e+00
      2.265     31.479    13.4887   4.497674     3.0507     1.6929  1.5191290  13.469539    13.4884    38.3628    28.8985     4.8782    211.742 0.0000e+00
      2.536     32.479    13.4874   4.497552     3.0518     1.6686  1.5188238  13.472960    13.4870    38.3628    28.8988     4.8776    211.715 0.0000e+00
      2.700     33.479    13.4870   4.497540     3.0520     1.6326  1.5192308  13.475697    13.4866    38.3630    28.8990     4.8746    211.585 0.0000e+00
      2.937     34.479    13.4866   4.497488     3.0511     1.6378  1.5190273  13.472960    13.4862    38.3628    28.8990     4.8726    211.498 0.0000e+00
      3.363     35.479    13.4877   4.497654     3.0512     1.6339  1.5191290  13.472276    13.4872    38.3631    28.8990     4.8783    211.744 0.0000e+00
      3.816     36.479    13.4900   4.497874     3.0533     1.6291  1.5193325  13.469539    13.4895    38.3627    28.8982     4.8841    211.999 0.0000e+00
      4.265     37.479    13.4902   4.497910     3.0543     1.6321  1.5190273  13.468855    13.4896    38.3626    28.8981     4.8813    211.875 0.0000e+00
      4.489     38.479    13.4898   4.497883     3.0533     1.6870  1.5190781  13.471592    13.4892    38.3627    28.8982     4.8757    211.634 0.0000e+00
      4.586     39.479    13.4899   4.497905     3.0522     1.7343  1.5192816  13.471591    13.4892    38.3627    28.8982     4.8750    211.603 0.0000e+00
      5.029     40.479    13.4890   4.497810     3.0519     1.7422  1.5191799  13.469539    13.4882    38.3625    28.8983     4.8733    211.528 0.0000e+00
      5.647     41.479    13.4863   4.497556     3.0501     1.8232  1.5191290  13.467486    13.4855    38.3625    28.8989     4.8679    211.296 0.0000e+00
      5.979     42.479    13.4866   4.497597     3.0479     1.9914  1.5191799  13.467486    13.4857    38.3625    28.8988     4.8641    211.130 0.0000e+00
      6.104     43.479    13.4863   4.497548     3.0466     2.0234  1.5192816  13.468170    13.4854    38.3623    28.8987     4.8650    211.168 0.0000e+00
      6.412     44.479    13.4861   4.497556     3.0470     1.9451  1.5193834  13.470223    13.4852    38.3624    28.8988     4.8709    211.426 0.0000e+00
      7.010     45.479    13.4856   4.497527     3.0478     1.9963  1.5193325  13.468170    13.4846    38.3623    28.8989     4.8716    211.453 0.0000e+00
      7.492     46.479    13.4855   4.497535     3.0483     2.1623  1.5193325  13.467486    13.4844    38.3623    28.8989     4.8715    211.452 0.0000e+00
      7.566     47.479    13.4857   4.497568     3.0481     2.3986  1.5200448  13.467486    13.4846    38.3623    28.8989     4.8701    211.390 0.0000e+00
      7.756     48.479    13.4851   4.497525     3.0479     2.2652  1.5197395  13.468855    13.4840    38.3625    28.8992     4.8710    211.428 0.0000e+00
      8.382     49.479    13.4856   4.497625     3.0479     2.2590  1.5198412  13.466802    13.4844    38.3627    28.8992     4.8699    211.380 0.0000e+00
      9.102     50.479    13.4853   4.497625     3.0475     2.3326  1.5200956  13.467486    13.4840    38.3626    28.8992     4.8728    211.507 0.0000e+00
      9.729     51.479    13.4851   4.497552     3.0491     2.3885  1.5202991  13.467486    13.4838    38.3618    28.8987     4.8757    211.634 0.0000e+00
     10.316     52.479    13.4845   4.497582     3.0480     2.5515  1.5201974  13.467486    13.4830    38.3625    28.8994     4.8684    211.315 0.0000e+00
     10.761     53.479    13.4843   4.497579     3.0466     2.6486  1.5204517  13.467486    13.4828    38.3624    28.8994     4.8640    211.125 0.0000e+00
     11.168     54.479    13.4843   4.497586     3.0439     2.8799  1.5202483  13.467486    13.4827    38.3623    28.8993     4.8558    210.770 0.0000e+00
     11.815     55.479    13.4837   4.497556     3.0413     2.7213  1.5206553  13.466802    13.4820    38.3623    28.8995     4.8542    210.701 0.0000e+00
     12.647     56.479    13.4824   4.497354     3.0402     2.5470  1.5210114  13.465433    13.4805    38.3614    28.8990     4.8557    210.766 0.0000e+00
     13.215     57.479    13.4807   4.497275     3.0396     2.4735  1.5214693  13.464064    13.4788    38.3621    28.8999     4.8534    210.665 0.0000e+00
     13.460     58.479    13.4828   4.497541     3.0374     2.4589  1.5218254  13.466117    13.4809    38.3623    28.8997     4.8459    210.338 0.0000e+00
     13.897     59.479    13.4803   4.497227     3.0356     2.4941  1.5219271  13.468170    13.4782    38.3617    28.8998     4.8451    210.307 0.0000e+00
     14.733     60.479    13.4749   4.496662     3.0335     2.5507  1.5222324  13.457221    13.4728    38.3613    28.9006     4.8319    209.732 0.0000e+00
     15.483     61.479    13.4755   4.496774     3.0270     2.6183  1.5225376  13.455852    13.4733    38.3614    28.9006     4.8190    209.173 0.0000e+00
     15.911     62.479    13.4765   4.496923     3.0241     2.6275  1.5227411  13.457905    13.4742    38.3617    28.9006     4.8152    209.006 0.0000e+00
     16.373     63.479    13.4751   4.496723     3.0185     2.6476  1.5232499  13.458590    13.4727    38.3610    28.9004     4.7969    208.210 0.0000e+00
     17.111     64.479    13.4551   4.494399     3.0120     2.5801  1.5232499  13.449693    13.4526    38.3586    28.9028     4.7902    207.920 0.0000e+00
     17.886     65.479    13.4450   4.493356     3.0085     2.3589  1.5248270  13.434637    13.4424    38.3583    28.9048     4.7881    207.828 0.0000e+00
     18.450     66.479    13.4443   4.493325     3.0039     2.3408  1.5267603  13.427792    13.4416    38.3586    28.9051     4.7737    207.205 0.0000e+00
     18.929     67.479    13.4452   4.493401     2.9968     2.4559  1.5281848  13.427792    13.4425    38.3581    28.9046     4.7531    206.312 0.0000e+00
     19.536     68.479    13.4339   4.492094     2.9899     2.3871  1.5292022  13.421632    13.4311    38.3567    28.9058     4.7424    205.848 0.0000e+00
     20.215     69.479    13.4274   4.491510     2.9825     2.1560  1.5321021  13.412050    13.4245    38.3573    28.9078     4.7270    205.178 0.0000e+00
     20.867     70.479    13.4253   4.491316     2.9756     1.9736  1.5349003  13.406574    13.4223    38.3573    28.9083     4.7162    204.709 0.0000e+00
     21.443     71.479    13.4255   4.491383     2.9697     1.8712  1.5373931  13.408628    13.4224    38.3575    28.9084     4.7069    204.303 0.0000e+00
     22.041     72.479    13.4259   4.491508     2.9647     1.8441  1.5389194  13.408628    13.4227    38.3580    28.9087     4.6995    203.985 0.0000e+00
     22.718     73.479    13.4259   4.491572     2.9602     2.2398  1.5402421  13.408628    13.4226    38.3583    28.9089     4.6951    203.793 0.0000e+00
     23.322     74.479    13.4262   4.491637     2.9579     2.3312  1.5413105  13.407943    13.4228    38.3584    28.9089     4.6939    203.741 0.0000e+00
     23.779     75.479    13.4263   4.491679     2.9556     1.9741  1.5420736  13.407259    13.4229    38.3584    28.9090     4.6890    203.525 0.0000e+00
     24.390     76.479    13.4261   4.491719     2.9533     1.7283  1.5432438  13.405890    13.4226    38.3587    28.9092     4.6852    203.360 0.0000e+00
     25.219     77.479    13.4266   4.491852     2.9512     1.6430  1.5439051  13.405205    13.4229    38.3592    28.9095     4.6814    203.198 0.0000e+00
     25.947     78.479    13.4271   4.491973     2.9483     1.7039  1.5447191  13.407943    13.4234    38.3594    28.9096     4.6704    202.720 0.0000e+00
     26.374     79.479    13.4272   4.491985     2.9441     1.6626  1.5455331  13.409996    13.4234    38.3592    28.9095     4.6653    202.499 0.0000e+00
     26.761     80.479    13.4274   4.492026     2.9424     1.6913  1.5498575  13.409996    13.4236    38.3592    28.9094     4.6630    202.399 0.0000e+00
     27.395     81.479    13.4279   4.492191     2.9389     1.6571  1.5466015  13.406574    13.4240    38.3601    28.9100     4.6524    201.937 0.0000e+00
     28.222     82.479    13.4284   4.492296     2.9352     1.5498  1.5472629  13.411365    13.4243    38.3603    28.9101     4.6453    201.631 0.0000e+00
     28.991     83.479    13.4285   4.492369     2.9318     1.6246  1.5483312  13.409312    13.4243    38.3604    28.9102     4.6433    201.545 0.0000e+00
     29.505     84.479    13.4287   4.492413     2.9309     1.5030  1.5492979  13.412050    13.4244    38.3605    28.9102     4.6416    201.471 0.0000e+00
     29.914     85.479    13.4288   4.492442     2.9267     1.4402  1.5497049  13.411365    13.4245    38.3604    28.9101     4.6255    200.772 0.0000e+00
     30.438     86.479    13.4291   4.492549     2.9224     1.4723  1.5502646  13.412050    13.4247    38.3609    28.9105     4.6197    200.520 0.0000e+00
     31.049     87.479    13.4297   4.492702     2.9186     1.4222  1.5511295  13.412734    13.4252    38.3615    28.9108     4.6136    200.253 0.0000e+00
     31.715     88.479    13.4302   4.492834     2.9164     1.3456  1.5585572  13.414788    13.4256    38.3620    28.9111     4.6145    200.291 0.0000e+00
     32.484     89.479    13.4308   4.492980     2.9146     1.3406  1.5532662  13.412050    13.4261    38.3624    28.9114     4.6108    200.133 0.0000e+00
     33.194     90.479    13.4313   4.493108     2.9134     1.3174  1.5548433  13.413419    13.4265    38.3628    28.9116     4.6123    200.198 0.0000e+00
     33.673     91.479    13.4313   4.493117     2.9130     1.3122  1.5559117  13.414788    13.4264    38.3627    28.9115     4.6118    200.175 0.0000e+00
     34.042     92.479    13.4314   4.493162     2.9116     1.3152  1.5567766  13.417526    13.4265    38.3628    28.9116     4.5947    199.434 0.0000e+00
     34.636     93.479    13.4333   4.493556     2.9023     1.3356  1.5568275  13.414788    13.4283    38.3644    28.9124     4.5589    197.879 0.0000e+00
     35.415     94.479    13.4374   4.494293     2.8918     1.1981  1.5580485  13.417526    13.4323    38.3670    28.9136     4.5411    197.109 0.0000e+00
     36.096     95.479    13.4408   4.494893     2.8832     1.0995  1.5606940  13.418894    13.4356    38.3690    28.9145     4.5238    196.357 0.0000e+00
     36.677     96.479    13.4414   4.495024     2.8732     1.0038  1.5642552  13.419579    13.4361    38.3694    28.9147     4.5003    195.333 0.0000e+00
     37.344     97.479    13.4445   4.495614     2.8634     0.9532  1.5670534  13.420263    13.4391    38.3716    28.9157     4.4852    194.680 0.0000e+00
     38.076     98.479    13.4465   4.495976     2.8559     0.9238  1.5703093  13.423686    13.4410    38.3727    28.9162     4.4725    194.126 0.0000e+00
     38.692     99.479    13.4484   4.496331     2.8478     0.8931  1.5737180  13.427792    13.4428    38.3739    28.9168     4.4548    193.359 0.0000e+00
     39.187    100.479    13.4496   4.496596     2.8395     0.8589  1.5769740  13.431215    13.4440    38.3749    28.9173     4.4301    192.289 0.0000e+00
     39.716    101.479    13.4526   4.497247     2.8267     0.8084  1.5792125  13.432584    13.4469    38.3779    28.9190     4.3932    190.685 0.0000e+00
     40.339    102.479    13.4586   4.498397     2.8118     0.7597  1.5826720  13.435321    13.4528    38.3827    28.9214     4.3517    188.885 0.0000e+00
