Boussole/Data/SBEMOOSE/Work/cnv/bous228_05.cnv
* Sea-Bird SBE 9 Data File:
* FileName = C:\boussole\202103\bous228_05.hdr
* Software Version Seasave V 7.23.2
* Temperature SN = 2473
* Conductivity SN = 2929
* Number of Bytes Per Scan = 37
* Number of Voltage Words = 4
* Number of Scans Averaged by the Deck Unit = 1
* NMEA Latitude = 43 22.23 N
* NMEA Longitude = 007 53.94 E
* NMEA UTC (Time) = Mar 04 2021  08:13:07
* NMEA baud rate = 4800
** Navire
** Station:
** Date
** Heure debut [TU]
** Heure fin [TU]
** Heure locale / TU = +0
** Latitude
** Longitude
** Heure meteo [TU]
** T air sec [deg C]
** T mer [deg C]
** Vent [noeuds, degres]
# nquan = 14
# nvalues = 736                         
# units = specified
# name 0 = prDM: Pressure, Digiquartz [db]
# name 1 = timeS: Time, Elapsed [seconds]
# name 2 = t090C: Temperature [ITS-90, deg C]
# name 3 = c0S/m: Conductivity [S/m]
# name 4 = sbeox0V: Oxygen raw, SBE 43 [V]
# name 5 = flC: Fluorescence, Chelsea Aqua 3 Chl Con [ug/l]
# name 6 = upoly0: Upoly 0, RINKOIII_DO
# name 7 = upoly1: Upoly 1, RINKOIII_Temp
# name 8 = potemp090C: Potential Temperature [ITS-90, deg C]
# name 9 = sal00: Salinity, Practical [PSU]
# name 10 = sigma-é00: Density [sigma-theta, kg/m^3]
# name 11 = sbeox0ML/L: Oxygen, SBE 43 [ml/l], WS = 2
# name 12 = sbox0Mm/Kg: Oxygen, SBE 43 [umol/kg], WS = 2
# name 13 = flag: flag
# span 0 =      0.793,    100.961       
# span 1 =      0.479,    735.229       
# span 2 =    13.4248,    13.7288       
# span 3 =   4.491316,   4.547895       
# span 4 =     2.4213,     3.0543       
# span 5 =     0.2058,     2.8799       
# span 6 =  1.5188238,  1.7350936       
# span 7 =  13.405205,  13.689781       
# span 8 =    13.4216,    13.7153       
# span 9 =    38.3567,    38.5591       
# span 10 =    28.8950,    29.0117      
# span 11 =     3.5913,     4.8841      
# span 12 =    155.865,    211.999      
# span 13 = 0.0000e+00, 0.0000e+00      
# interval = seconds: 1                 
# start_time = Mar 04 2021 08:13:07 [NMEA time, header]
# bad_flag = -9.990e-29
*END*
[from data line 104]
     41.845    104.479    13.4723   4.501307     2.7729     0.6473  1.5956960  13.445587    13.4662    38.3960    28.9289     4.2759    185.592 0.0000e+00
     42.448    105.479    13.4756   4.501940     2.7625     0.5519  1.6029202  13.451746    13.4695    38.3984    28.9301     4.2768    185.631 0.0000e+00
     42.831    106.479    13.4695   4.500726     2.7538     0.5363  1.6083639  13.451746    13.4633    38.3928    28.9270     4.2495    184.446 0.0000e+00
     43.404    107.479    13.4789   4.502688     2.7401     0.5742  1.6114163  13.451746    13.4726    38.4018    28.9321     4.2150    182.950 0.0000e+00
     44.192    108.479    13.4851   4.503752     2.7275     0.6004  1.6154864  13.459958    13.4787    38.4055    28.9336     4.1970    182.166 0.0000e+00
     44.863    109.479    13.4861   4.503978     2.7191     0.5076  1.6213370  13.466117    13.4796    38.4063    28.9341     4.1877    181.765 0.0000e+00
     45.395    110.479    13.4869   4.504125     2.7106     0.4050  1.6251526  13.467486    13.4803    38.4067    28.9342     4.1716    181.066 0.0000e+00
     45.996    111.479    13.4885   4.504558     2.7037     0.3731  1.6275946  13.467486    13.4818    38.4089    28.9356     4.1625    180.671 0.0000e+00
     46.625    112.479    13.4894   4.504847     2.6981     0.4019  1.6302401  13.468170    13.4827    38.4104    28.9366     4.1574    180.449 0.0000e+00
     47.224    113.479    13.4897   4.504976     2.6959     0.3593  1.6317663  13.467486    13.4829    38.4111    28.9371     4.1607    180.589 0.0000e+00
     47.894    114.479    13.4893   4.505013     2.6937     0.3325  1.6329365  13.467486    13.4824    38.4115    28.9375     4.1523    180.226 0.0000e+00
     48.577    115.479    13.4923   4.505558     2.6895     0.3346  1.6331400  13.467486    13.4853    38.4134    28.9384     4.1339    179.429 0.0000e+00
     49.135    116.479    13.4989   4.506678     2.6814     0.3156  1.6338013  13.470223    13.4918    38.4172    28.9400     4.1099    178.385 0.0000e+00
     49.691    117.479    13.5066   4.508110     2.6726     0.3086  1.6349206  13.477065    13.4994    38.4229    28.9427     4.0867    177.379 0.0000e+00
     50.346    118.479    13.5178   4.510006     2.6620     0.3054  1.6375661  13.492119    13.5105    38.4294    28.9454     4.0660    176.481 0.0000e+00
     51.052    119.479    13.5265   4.511397     2.6538     0.2929  1.6427554  13.500330    13.5191    38.4336    28.9469     4.0520    175.872 0.0000e+00
     51.668    120.479    13.5313   4.512200     2.6456     0.2835  1.6472324  13.502383    13.5238    38.4362    28.9478     4.0359    175.174 0.0000e+00
     52.225    121.479    13.5325   4.512399     2.6384     0.2811  1.6507428  13.507172    13.5249    38.4366    28.9480     4.0256    174.727 0.0000e+00
     52.859    122.479    13.5370   4.513152     2.6327     0.2866  1.6529813  13.510593    13.5293    38.4390    28.9489     4.0194    174.458 0.0000e+00
     53.546    123.479    13.5409   4.513752     2.6291     0.2869  1.6552198  13.516067    13.5331    38.4405    28.9492     4.0124    174.153 0.0000e+00
     54.172    124.479    13.5442   4.514313     2.6231     0.2690  1.6572039  13.517435    13.5363    38.4423    28.9499     3.9960    173.441 0.0000e+00
     54.721    125.479    13.5477   4.514900     2.6186     0.2718  1.6584758  13.520856    13.5398    38.4441    28.9506     3.9989    173.565 0.0000e+00
     55.401    126.479    13.5400   4.513887     2.6193     0.2836  1.6598495  13.524276    13.5320    38.4418    28.9505     4.0148    174.256 0.0000e+00
     56.195    127.479    13.5099   4.510121     2.6228     0.2816  1.6621388  13.506488    13.5017    38.4359    28.9523     4.0267    174.773 0.0000e+00
     56.825    128.479    13.4831   4.506817     2.6251     0.2844  1.6623932  13.483224    13.4749    38.4309    28.9542     4.0323    175.014 0.0000e+00
     57.286    129.479    13.4810   4.506644     2.6282     0.2849  1.6620371  13.476381    13.4727    38.4313    28.9549     4.0452    175.576 0.0000e+00
     57.855    130.479    13.4615   4.503963     2.6329     0.2820  1.6622914  13.464064    13.4531    38.4250    28.9542     4.0571    176.092 0.0000e+00
     58.604    131.479    13.4370   4.501276     2.6369     0.2798  1.6614775  13.435321    13.4285    38.4237    28.9584     4.0676    176.545 0.0000e+00
     59.349    132.479    13.4355   4.501255     2.6409     0.2838  1.6583741  13.423001    13.4269    38.4246    28.9594     4.0700    176.650 0.0000e+00
     59.925    133.479    13.4418   4.502216     2.6407     0.2830  1.6555759  13.420948    13.4331    38.4273    28.9602     4.0536    175.938 0.0000e+00
     60.460    134.479    13.4495   4.503293     2.6358     0.2855  1.6536936  13.428477    13.4407    38.4295    28.9603     4.0362    175.183 0.0000e+00
     61.140    135.479    13.4763   4.507352     2.6311     0.2833  1.6525234  13.444218    13.4674    38.4410    28.9636     4.0264    174.757 0.0000e+00
     61.844    136.479    13.4919   4.509466     2.6277     0.2877  1.6535409  13.466117    13.4829    38.4452    28.9635     4.0279    174.824 0.0000e+00
     62.438    137.479    13.4908   4.509369     2.6287     0.2882  1.6565934  13.470223    13.4817    38.4451    28.9637     4.0428    175.468 0.0000e+00
     63.001    138.479    13.4876   4.509099     2.6327     0.2736  1.6574583  13.467486    13.4785    38.4455    28.9647     4.0580    176.129 0.0000e+00
     63.660    139.479    13.4577   4.505308     2.6383     0.2823  1.6579671  13.459274    13.4485    38.4391    28.9661     4.0791    177.042 0.0000e+00
     64.407    140.479    13.4412   4.503370     2.6458     0.2937  1.6565426  13.436690    13.4319    38.4368    28.9679     4.0952    177.741 0.0000e+00
     65.156    141.479    13.4324   4.502359     2.6502     0.2733  1.6537445  13.419579    13.4230    38.4357    28.9689     4.0932    177.654 0.0000e+00
     65.802    142.479    13.4312   4.502268     2.6515     0.2628  1.6505393  13.418210    13.4217    38.4358    28.9692     4.0906    177.543 0.0000e+00
     66.330    143.479    13.4328   4.502522     2.6513     0.2586  1.6490130  13.419579    13.4232    38.4363    28.9693     4.0851    177.304 0.0000e+00
     66.927    144.479    13.4360   4.503137     2.6497     0.2586  1.6484533  13.418210    13.4263    38.4387    28.9705     4.0802    177.093 0.0000e+00
     67.741    145.479    13.4538   4.505858     2.6483     0.2700  1.6480972  13.426424    13.4440    38.4465    28.9728     4.0768    176.942 0.0000e+00
     68.562    146.479    13.4589   4.506752     2.6470     0.2748  1.6486568  13.436006    13.4490    38.4494    28.9740     4.0697    176.633 0.0000e+00
     69.131    147.479    13.4576   4.506582     2.6435     0.2639  1.6493691  13.434637    13.4476    38.4488    28.9739     4.0665    176.498 0.0000e+00
     69.555    148.479    13.4564   4.506392     2.6445     0.2674  1.6498270  13.436690    13.4463    38.4481    28.9735     4.0785    177.016 0.0000e+00
     70.214    149.479    13.4567   4.506801     2.6459     0.2772  1.6506919  13.434637    13.4466    38.4514    28.9760     4.0792    177.045 0.0000e+00
     71.037    150.479    13.4594   4.507339     2.6464     0.2690  1.6503358  13.434637    13.4491    38.4535    28.9771     4.0797    177.070 0.0000e+00
     71.724    151.479    13.4611   4.507611     2.6464     0.2751  1.6505902  13.437375    13.4507    38.4540    28.9772     4.0751    176.868 0.0000e+00
     72.254    152.479    13.4623   4.507802     2.6450     0.2797  1.6498270  13.438059    13.4518    38.4544    28.9772     4.0718    176.726 0.0000e+00
     72.891    153.479    13.4744   4.509720     2.6442     0.2941  1.6499796  13.445587    13.4638    38.4603    28.9793     4.0696    176.631 0.0000e+00
     73.592    154.479    13.4829   4.510956     2.6436     0.2882  1.6497761  13.457905    13.4722    38.4632    28.9797     4.0706    176.673 0.0000e+00
     74.243    155.479    13.4871   4.511591     2.6433     0.2785  1.6499288  13.464064    13.4763    38.4647    28.9801     4.0681    176.564 0.0000e+00
     74.861    156.479    13.4931   4.512513     2.6423     0.2813  1.6499287  13.466117    13.4823    38.4671    28.9807     4.0625    176.320 0.0000e+00
     75.535    157.479    13.5029   4.513928     2.6397     0.2988  1.6499288  13.473644    13.4919    38.4705    28.9812     4.0534    175.927 0.0000e+00
     76.207    158.479    13.5068   4.514526     2.6372     0.2841  1.6502849  13.483908    13.4957    38.4720    28.9816     4.0489    175.732 0.0000e+00
     76.750    159.479    13.5080   4.514734     2.6346     0.2807  1.6512007  13.483224    13.4968    38.4725    28.9818     4.0393    175.315 0.0000e+00
     77.300    160.479    13.5090   4.514946     2.6292     0.2889  1.6523199  13.484592    13.4978    38.4733    28.9822     4.0236    174.632 0.0000e+00
     78.030    161.479    13.5148   4.515868     2.6243     0.3022  1.6533883  13.489382    13.5035    38.4759    28.9830     4.0174    174.362 0.0000e+00
     78.802    162.479    13.5153   4.516045     2.6209     0.2920  1.6551689  13.494856    13.5039    38.4767    28.9835     4.0116    174.112 0.0000e+00
     79.536    163.479    13.5193   4.516856     2.6161     0.2722  1.6562373  13.494172    13.5078    38.4801    28.9853     3.9944    173.365 0.0000e+00
     80.149    164.479    13.5202   4.517039     2.6096     0.2706  1.6577127  13.499646    13.5086    38.4807    28.9856     3.9858    172.992 0.0000e+00
     80.717    165.479    13.5202   4.517132     2.6069     0.2665  1.6589846  13.498277    13.5085    38.4813    28.9861     3.9890    173.131 0.0000e+00
     81.310    166.479    13.5201   4.517205     2.6055     0.2696  1.6603582  13.500330    13.5083    38.4819    28.9866     3.9884    173.103 0.0000e+00
     81.973    167.479    13.5203   4.517332     2.6043     0.2738  1.6618336  13.500330    13.5084    38.4825    28.9870     3.9868    173.034 0.0000e+00
     82.688    168.479    13.5216   4.517587     2.6032     0.2752  1.6631055  13.498962    13.5096    38.4833    28.9874     3.9811    172.786 0.0000e+00
     83.344    169.479    13.5238   4.517953     2.5995     0.2579  1.6645299  13.500330    13.5117    38.4843    28.9878     3.9633    172.015 0.0000e+00
     83.865    170.479    13.5269   4.518476     2.5923     0.2574  1.6650896  13.501698    13.5147    38.4859    28.9883     3.9417    171.077 0.0000e+00
     84.526    171.479    13.5457   4.521405     2.5850     0.2598  1.6656492  13.510593    13.5334    38.4946    28.9911     3.9257    170.384 0.0000e+00
     85.314    172.479    13.5611   4.523530     2.5766     0.2636  1.6681929  13.532486    13.5487    38.4990    28.9913     3.9019    169.351 0.0000e+00
     85.948    173.479    13.5727   4.525170     2.5676     0.2659  1.6722629  13.533854    13.5602    38.5028    28.9917     3.8809    168.439 0.0000e+00
     86.434    174.479    13.5741   4.525465     2.5569     0.2795  1.6754172  13.541379    13.5615    38.5039    28.9923     3.8539    167.264 0.0000e+00
     87.013    175.479    13.5999   4.529323     2.5452     0.2701  1.6775540  13.550956    13.5872    38.5145    28.9951     3.8260    166.053 0.0000e+00
     87.781    176.479    13.6238   4.532597     2.5333     0.2677  1.6806064  13.581053    13.6110    38.5212    28.9952     3.8026    165.039 0.0000e+00
     88.533    177.479    13.6324   4.533787     2.5243     0.2429  1.6883903  13.598152    13.6195    38.5236    28.9952     3.7961    164.756 0.0000e+00
     89.013    178.479    13.6291   4.533350     2.5185     0.2447  1.6943936  13.599520    13.6161    38.5225    28.9951     3.7797    164.043 0.0000e+00
     89.454    179.479    13.6284   4.533506     2.5075     0.2527  1.6985653  13.598836    13.6153    38.5245    28.9968     3.7486    162.694 0.0000e+00
     90.078    180.479    13.6524   4.536847     2.4966     0.2531  1.7003968  13.609778    13.6392    38.5319    28.9974     3.7281    161.805 0.0000e+00
     90.847    181.479    13.6648   4.538621     2.4877     0.2456  1.7038563  13.626191    13.6515    38.5359    28.9980     3.7131    161.153 0.0000e+00
     91.625    182.479    13.6730   4.539734     2.4787     0.2332  1.7093508  13.640551    13.6596    38.5379    28.9977     3.6908    160.184 0.0000e+00
     92.223    183.479    13.6790   4.540591     2.4682     0.2328  1.7142857  13.645338    13.6655    38.5397    28.9979     3.6631    158.982 0.0000e+00
     92.756    184.479    13.6881   4.542018     2.4557     0.2472  1.7169821  13.655595    13.6746    38.5438    28.9991     3.6343    157.733 0.0000e+00
     93.302    185.479    13.7181   4.546563     2.4444     0.2445  1.7213064  13.677474    13.7044    38.5567    29.0027     3.6261    157.376 0.0000e+00
     93.839    186.479    13.7200   4.546651     2.4425     0.2362  1.7273097  13.689781    13.7062    38.5554    29.0013     3.6464    158.261 0.0000e+00
     94.510    187.479    13.6822   4.541758     2.4455     0.2302  1.7328042  13.678842    13.6683    38.5466    29.0026     3.6606    158.872 0.0000e+00
     95.294    188.479    13.6725   4.540748     2.4469     0.2423  1.7350936  13.649441    13.6586    38.5464    29.0045     3.6612    158.899 0.0000e+00
     96.026    189.479    13.6726   4.540806     2.4480     0.2365  1.7328551  13.648757    13.6586    38.5465    29.0046     3.6596    158.830 0.0000e+00
     96.451    190.479    13.6736   4.540926     2.4471     0.2281  1.7306675  13.647389    13.6595    38.5465    29.0044     3.6566    158.700 0.0000e+00
     96.604    191.479    13.6752   4.541009     2.4473     0.2279  1.7298535  13.649441    13.6610    38.5456    29.0034     3.6626    158.962 0.0000e+00
     96.974    192.479    13.6740   4.540904     2.4498     0.2206  1.7291412  13.649441    13.6598    38.5456    29.0036     3.6721    159.374 0.0000e+00
     97.580    193.479    13.6670   4.540068     2.4520     0.2148  1.7287851  13.648073    13.6527    38.5444    29.0043     3.6692    159.246 0.0000e+00
     97.913    194.479    13.6627   4.539621     2.4501     0.2310  1.7281746  13.646022    13.6484    38.5444    29.0052     3.6631    158.983 0.0000e+00
     97.988    195.479    13.6681   4.540251     2.4506     0.2319  1.7272080  13.641919    13.6538    38.5448    29.0044     3.6677    159.181 0.0000e+00
     98.308    196.479    13.6658   4.539990     2.4511     0.2184  1.7261396  13.637816    13.6513    38.5446    29.0047     3.6707    159.312 0.0000e+00
     98.763    197.479    13.6656   4.540016     2.4522     0.2126  1.7250712  13.645338    13.6511    38.5448    29.0049     3.6739    159.451 0.0000e+00
     98.963    198.479    13.6658   4.540036     2.4535     0.2176  1.7252238  13.648073    13.6513    38.5447    29.0048     3.6744    159.475 0.0000e+00
     99.166    199.479    13.6658   4.540077     2.4530     0.2199  1.7249694  13.638500    13.6513    38.5449    29.0050     3.6803    159.729 0.0000e+00
     99.640    200.479    13.6658   4.540065     2.4602     0.2335  1.7248677  13.643970    13.6512    38.5446    29.0047     3.7190    161.410 0.0000e+00
    100.177    201.479    13.5956   4.530257     2.4716     0.2276  1.7248168  13.642603    13.5809    38.5217    29.0020     3.7474    162.643 0.0000e+00
    100.409    202.479    13.5902   4.530297     2.4792     0.2320  1.7249694  13.640551    13.5756    38.5274    29.0076     3.7518    162.831 0.0000e+00
    100.497    203.479    13.6017   4.531546     2.4839     0.2316  1.7249694  13.641919    13.5870    38.5277    29.0053     3.7572    163.068 0.0000e+00
    100.610    204.479    13.5797   4.528953     2.4885     0.2378  1.7249186  13.640551    13.5650    38.5251    29.0080     3.7667    163.477 0.0000e+00
    100.759    205.479    13.5812   4.529085     2.4932     0.2303  1.7249186  13.643286    13.5665    38.5248    29.0074     3.7885    164.427 0.0000e+00
