Boussole/Data/SBEMOOSE/Work/cnv/bousrade_02.cnv
* Sea-Bird SBE 9 Data File:
* FileName = C:\MOOSE\CTD\Work\raw\test02.hdr
* Software Version Seasave V 7.23.2
* Temperature SN = 2473
* Conductivity SN = 2929
* Number of Bytes Per Scan = 30
* Number of Voltage Words = 4
* Number of Scans Averaged by the Deck Unit = 1
* NMEA baud rate = 4800
** Ship:
** Station:
** Operator:
# nquan = 14
# nvalues = 1550                        
# units = specified
# name 0 = prDM: Pressure, Digiquartz [db]
# name 1 = timeS: Time, Elapsed [seconds]
# name 2 = t090C: Temperature [ITS-90, deg C]
# name 3 = c0S/m: Conductivity [S/m]
# name 4 = sbeox0V: Oxygen raw, SBE 43 [V]
# name 5 = flC: Fluorescence, Chelsea Aqua 3 Chl Con [ug/l]
# name 6 = upoly0: Upoly 0, RINKOIII_DO
# name 7 = upoly1: Upoly 1, RINKOIII_Temp
# name 8 = potemp090C: Potential Temperature [ITS-90, deg C]
# name 9 = sal00: Salinity, Practical [PSU]
# name 10 = sigma-é00: Density [sigma-theta, kg/m^3]
# name 11 = sbeox0ML/L: Oxygen, SBE 43 [ml/l], WS = 2
# name 12 = sbox0Mm/Kg: Oxygen, SBE 43 [umol/kg], WS = 2
# name 13 = flag: flag
# span 0 =      0.658,    499.397       
# span 1 =      0.479,   1549.021       
# span 2 =    13.7907,    14.3069       
# span 3 =   4.521198,   4.618268       
# span 4 =     2.2106,     2.9561       
# span 5 =     0.1208,     0.4620       
# span 6 =  1.5659850,  1.8367928       
# span 7 =  13.773858,  14.287990       
# span 8 =    13.7163,    14.2958       
# span 9 =    37.9951,    38.7023       
# span 10 =    28.4828,    29.0745      
# span 11 =     3.3168,     4.6256      
# span 12 =    143.944,    200.858      
# span 13 = 0.0000e+00, 0.0000e+00      
# interval = seconds: 1                 
# start_time = Jan 28 2021 10:30:46 [System UTC, header]
# bad_flag = -9.990e-29
*END*
[from data line 930]
    498.848    930.479    13.7913   4.583549     2.2125     0.1444  1.8363858  13.777959    13.7168    38.6526    29.0743     3.3254    144.317 0.0000e+00
    498.996    931.479    13.7913   4.583560     2.2121     0.1602  1.8365384  13.777276    13.7168    38.6526    29.0743     3.3244    144.273 0.0000e+00
    498.941    932.479    13.7914   4.583557     2.2115     0.1691  1.8365384  13.779326    13.7169    38.6525    29.0742     3.3230    144.212 0.0000e+00
    498.971    933.479    13.7912   4.583538     2.2114     0.1603  1.8364367  13.779326    13.7167    38.6525    29.0743     3.3262    144.352 0.0000e+00
    499.114    934.479    13.7912   4.583548     2.2123     0.1467  1.8364367  13.778643    13.7167    38.6525    29.0744     3.3287    144.461 0.0000e+00
    498.991    935.479    13.7913   4.583557     2.2128     0.1484  1.8365384  13.779326    13.7168    38.6526    29.0743     3.3285    144.449 0.0000e+00
    498.897    936.479    13.7912   4.583538     2.2126     0.1529  1.8362841  13.778643    13.7167    38.6525    29.0743     3.3269    144.381 0.0000e+00
    498.952    937.479    13.7913   4.583559     2.2127     0.1485  1.8363349  13.775225    13.7168    38.6526    29.0743     3.3272    144.393 0.0000e+00
    498.844    938.479    13.7914   4.583558     2.2126     0.1528  1.8364367  13.779326    13.7169    38.6526    29.0743     3.3271    144.391 0.0000e+00
    498.659    939.479    13.7913   4.583533     2.2129     0.1522  1.8363349  13.779326    13.7169    38.6524    29.0742     3.3280    144.429 0.0000e+00
    497.730    940.479    13.7915   4.583510     2.2128     0.1587  1.8364367  13.777276    13.7172    38.6525    29.0742     3.3265    144.364 0.0000e+00
    496.518    941.479    13.7915   4.583473     2.2129     0.1526  1.8363349  13.777959    13.7174    38.6526    29.0743     3.3289    144.466 0.0000e+00
    495.493    942.479    13.7921   4.583486     2.2140     0.1405  1.8363858  13.777276    13.7182    38.6526    29.0740     3.3317    144.592 0.0000e+00
    494.402    943.479    13.7923   4.583446     2.2146     0.1430  1.8363858  13.773858    13.7185    38.6525    29.0739     3.3315    144.579 0.0000e+00
    493.064    944.479    13.7957   4.583856     2.2149     0.1471  1.8366402  13.776592    13.7221    38.6536    29.0740     3.3287    144.460 0.0000e+00
    492.185    945.479    13.7962   4.583821     2.2145     0.1511  1.8362332  13.780009    13.7228    38.6531    29.0735     3.3260    144.344 0.0000e+00
    491.117    946.479    13.8007   4.584370     2.2138     0.1510  1.8363349  13.780009    13.7274    38.6542    29.0733     3.3240    144.257 0.0000e+00
    489.762    947.479    13.8046   4.584801     2.2136     0.1522  1.8362332  13.780693    13.7315    38.6550    29.0731     3.3257    144.330 0.0000e+00
    488.782    948.479    13.8033   4.584567     2.2144     0.1458  1.8363349  13.786843    13.7303    38.6546    29.0730     3.3276    144.411 0.0000e+00
    487.790    949.479    13.8083   4.585150     2.2147     0.1470  1.8361823  13.783426    13.7355    38.6555    29.0726     3.3261    144.347 0.0000e+00
    486.614    950.479    13.8159   4.586148     2.2147     0.1615  1.8363858  13.788210    13.7432    38.6578    29.0727     3.3250    144.299 0.0000e+00
    485.573    951.479    13.8236   4.586941     2.2147     0.1451  1.8358771  13.792994    13.7511    38.6580    29.0712     3.3224    144.187 0.0000e+00
    484.581    952.479    13.8237   4.586888     2.2142     0.1418  1.8358771  13.800511    13.7513    38.6578    29.0710     3.3209    144.121 0.0000e+00
    483.300    953.479    13.8257   4.587196     2.2140     0.1345  1.8361314  13.797777    13.7535    38.6593    29.0717     3.3204    144.098 0.0000e+00
    482.118    954.479    13.8281   4.587333     2.2138     0.1422  1.8357753  13.809394    13.7560    38.6588    29.0707     3.3204    144.102 0.0000e+00
    481.383    955.479    13.8212   4.586482     2.2143     0.1456  1.8359788  13.809394    13.7493    38.6580    29.0716     3.3222    144.179 0.0000e+00
    480.113    956.479    13.8298   4.587555     2.2144     0.1486  1.8358262  13.806661    13.7580    38.6601    29.0713     3.3212    144.134 0.0000e+00
    478.756    957.479    13.8372   4.588371     2.2148     0.1402  1.8352157  13.812811    13.7657    38.6609    29.0703     3.3219    144.166 0.0000e+00
    477.966    958.479    13.8326   4.587701     2.2155     0.1414  1.8356736  13.816228    13.7612    38.6595    29.0702     3.3232    144.223 0.0000e+00
    476.761    959.479    13.8417   4.588888     2.2160     0.1405  1.8355718  13.820327    13.7704    38.6621    29.0702     3.3221    144.172 0.0000e+00
    475.431    960.479    13.8491   4.589672     2.2159     0.1457  1.8351648  13.821011    13.7780    38.6627    29.0690     3.3202    144.090 0.0000e+00
    474.761    961.479    13.8428   4.588797     2.2160     0.1462  1.8355209  13.827160    13.7718    38.6611    29.0691     3.3215    144.148 0.0000e+00
    473.765    962.479    13.8458   4.589239     2.2166     0.1557  1.8349613  13.828527    13.7750    38.6627    29.0696     3.3237    144.242 0.0000e+00
    472.574    963.479    13.8500   4.589680     2.2172     0.1491  1.8350122  13.828527    13.7793    38.6632    29.0691     3.3232    144.223 0.0000e+00
    471.392    964.479    13.8509   4.589750     2.2178     0.1505  1.8350631  13.828527    13.7805    38.6634    29.0691     3.3249    144.297 0.0000e+00
    470.009    965.479    13.8524   4.589879     2.2189     0.1531  1.8348087  13.828527    13.7821    38.6638    29.0690     3.3285    144.450 0.0000e+00
    468.767    966.479    13.8538   4.589971     2.2199     0.1589  1.8350631  13.829210    13.7837    38.6638    29.0686     3.3270    144.386 0.0000e+00
    467.891    967.479    13.8524   4.589746     2.2198     0.1537  1.8349104  13.831260    13.7824    38.6635    29.0687     3.3259    144.341 0.0000e+00
    467.063    968.479    13.8494   4.589371     2.2205     0.1387  1.8347069  13.829894    13.7796    38.6632    29.0691     3.3274    144.403 0.0000e+00
    465.947    969.479    13.8515   4.589579     2.2202     0.1444  1.8349613  13.830577    13.7818    38.6636    29.0689     3.3234    144.232 0.0000e+00
    464.730    970.479    13.8530   4.589677     2.2195     0.1432  1.8350631  13.829894    13.7835    38.6636    29.0685     3.3207    144.112 0.0000e+00
    463.508    971.479    13.8544   4.589808     2.2191     0.1433  1.8348087  13.831943    13.7851    38.6639    29.0684     3.3206    144.109 0.0000e+00
    462.229    972.479    13.8560   4.589958     2.2187     0.1436  1.8347578  13.833993    13.7868    38.6644    29.0684     3.3184    144.014 0.0000e+00
    461.103    973.479    13.8570   4.590030     2.2182     0.1604  1.8346561  13.836726    13.7880    38.6645    29.0683     3.3168    143.944 0.0000e+00
    460.071    974.479    13.8565   4.589938     2.2181     0.1553  1.8346052  13.840143    13.7877    38.6646    29.0684     3.3202    144.091 0.0000e+00
    459.200    975.479    13.8579   4.590070     2.2193     0.1639  1.8346052  13.831943    13.7893    38.6648    29.0682     3.3239    144.253 0.0000e+00
    458.057    976.479    13.8610   4.590555     2.2201     0.1557  1.8347578  13.837410    13.7925    38.6668    29.0691     3.3235    144.233 0.0000e+00
    456.777    977.479    13.8798   4.592858     2.2208     0.1501  1.8339947  13.842876    13.8114    38.6703    29.0677     3.3214    144.146 0.0000e+00
    455.636    978.479    13.8856   4.593493     2.2210     0.1352  1.8341473  13.853125    13.8174    38.6710    29.0669     3.3229    144.210 0.0000e+00
    454.755    979.479    13.8773   4.592364     2.2223     0.1383  1.8340456  13.855858    13.8093    38.6690    29.0672     3.3252    144.308 0.0000e+00
    453.625    980.479    13.8812   4.592912     2.2220     0.1366  1.8340964  13.852442    13.8133    38.6707    29.0676     3.3193    144.053 0.0000e+00
    452.255    981.479    13.8928   4.594301     2.2214     0.1486  1.8339438  13.856541    13.8251    38.6728    29.0667     3.3192    144.048 0.0000e+00
    450.944    982.479    13.8939   4.594340     2.2222     0.1414  1.8333333  13.868839    13.8263    38.6727    29.0664     3.3244    144.273 0.0000e+00
    449.761    983.479    13.8934   4.594231     2.2235     0.1309  1.8338421  13.869522    13.8261    38.6726    29.0664     3.3249    144.298 0.0000e+00
    448.754    984.479    13.8909   4.593865     2.2234     0.1382  1.8335877  13.866789    13.8237    38.6722    29.0665     3.3209    144.123 0.0000e+00
    447.846    985.479    13.8898   4.593655     2.2231     0.1489  1.8336385  13.872255    13.8227    38.6717    29.0664     3.3196    144.066 0.0000e+00
    447.050    986.479    13.8864   4.593238     2.2226     0.1487  1.8337403  13.868156    13.8194    38.6715    29.0670     3.3192    144.046 0.0000e+00
    445.725    987.479    13.8951   4.594248     2.2228     0.1416  1.8337403  13.872255    13.8283    38.6730    29.0661     3.3193    144.054 0.0000e+00
    444.336    988.479    13.8984   4.594533     2.2227     0.1430  1.8334351  13.877037    13.8319    38.6729    29.0653     3.3198    144.075 0.0000e+00
    443.167    989.479    13.8982   4.594438     2.2238     0.1488  1.8332315  13.877720    13.8318    38.6728    29.0652     3.3228    144.205 0.0000e+00
    442.277    990.479    13.8992   4.594552     2.2240     0.1446  1.8333842  13.874304    13.8329    38.6732    29.0653     3.3197    144.068 0.0000e+00
    441.160    991.479    13.9025   4.594977     2.2240     0.1420  1.8330280  13.876354    13.8364    38.6744    29.0655     3.3200    144.085 0.0000e+00
    440.321    992.479    13.9193   4.596976     2.2243     0.1417  1.8332824  13.878403    13.8534    38.6767    29.0637     3.3194    144.057 0.0000e+00
    439.374    993.479    13.9228   4.597417     2.2246     0.1405  1.8326210  13.899580    13.8569    38.6778    29.0637     3.3193    144.053 0.0000e+00
    438.028    994.479    13.9312   4.598422     2.2249     0.1378  1.8323667  13.898897    13.8655    38.6795    29.0632     3.3194    144.055 0.0000e+00
    436.734    995.479    13.9374   4.599045     2.2255     0.1502  1.8322140  13.909827    13.8719    38.6798    29.0620     3.3192    144.048 0.0000e+00
    435.540    996.479    13.9355   4.598749     2.2258     0.1456  1.8320614  13.909827    13.8701    38.6794    29.0621     3.3206    144.108 0.0000e+00
    434.617    997.479    13.9354   4.598737     2.2266     0.1413  1.8322140  13.910510    13.8702    38.6798    29.0623     3.3213    144.138 0.0000e+00
    433.684    998.479    13.9348   4.598594     2.2270     0.1497  1.8320105  13.911193    13.8697    38.6795    29.0622     3.3213    144.138 0.0000e+00
    432.707    999.479    13.9373   4.598952     2.2270     0.1394  1.8317053  13.911193    13.8724    38.6808    29.0627     3.3200    144.085 0.0000e+00
    431.500   1000.479    13.9451   4.599827     2.2275     0.1473  1.8317053  13.910510    13.8804    38.6816    29.0616     3.3220    144.173 0.0000e+00
    430.222   1001.479    13.9479   4.600102     2.2283     0.1621  1.8317053  13.919390    13.8834    38.6820    29.0613     3.3230    144.214 0.0000e+00
    429.082   1002.479    13.9491   4.600196     2.2289     0.1637  1.8315018  13.923488    13.8847    38.6822    29.0611     3.3219    144.165 0.0000e+00
    428.205   1003.479    13.9438   4.599535     2.2289     0.1592  1.8314001  13.924171    13.8795    38.6818    29.0619     3.3231    144.216 0.0000e+00
    427.030   1004.479    13.9520   4.600487     2.2296     0.1559  1.8314509  13.927586    13.8879    38.6830    29.0610     3.3239    144.255 0.0000e+00
    425.936   1005.479    13.9604   4.601437     2.2302     0.1570  1.8314000  13.928269    13.8965    38.6840    29.0599     3.3238    144.249 0.0000e+00
    424.970   1006.479    13.9644   4.601895     2.2308     0.1473  1.8309422  13.939880    13.9006    38.6847    29.0596     3.3242    144.265 0.0000e+00
    423.927   1007.479    13.9612   4.601488     2.2311     0.1655  1.8305861  13.939880    13.8975    38.6846    29.0602     3.3242    144.267 0.0000e+00
    422.552   1008.479    13.9770   4.603292     2.2313     0.1589  1.8305352  13.935099    13.9135    38.6863    29.0581     3.3208    144.118 0.0000e+00
    421.282   1009.479    13.9800   4.603495     2.2309     0.1541  1.8303317  13.948076    13.9167    38.6858    29.0570     3.3193    144.056 0.0000e+00
    420.484   1010.479    13.9709   4.602355     2.2307     0.1723  1.8301282  13.949442    13.9078    38.6845    29.0579     3.3203    144.095 0.0000e+00
    419.425   1011.479    13.9744   4.602651     2.2310     0.1698  1.8297212  13.947393    13.9115    38.6842    29.0569     3.3219    144.169 0.0000e+00
    418.548   1012.479    13.9793   4.603145     2.2321     0.1544  1.8295686  13.952174    13.9164    38.6844    29.0560     3.3260    144.345 0.0000e+00
    417.524   1013.479    13.9822   4.603364     2.2333     0.1454  1.8294668  13.959687    13.9195    38.6840    29.0550     3.3267    144.376 0.0000e+00
    415.982   1014.479    13.9849   4.603701     2.2340     0.1493  1.8291616  13.956955    13.9224    38.6851    29.0552     3.3255    144.321 0.0000e+00
    414.677   1015.479    13.9895   4.604120     2.2343     0.1562  1.8288054  13.961053    13.9272    38.6850    29.0541     3.3263    144.357 0.0000e+00
    413.841   1016.479    13.9832   4.603340     2.2354     0.1610  1.8288054  13.960370    13.9211    38.6844    29.0549     3.3301    144.525 0.0000e+00
    412.927   1017.479    13.9830   4.603289     2.2360     0.1612  1.8286019  13.959687    13.9210    38.6845    29.0551     3.3276    144.416 0.0000e+00
    411.919   1018.479    13.9892   4.604053     2.2361     0.1510  1.8285511  13.963102    13.9273    38.6859    29.0548     3.3286    144.458 0.0000e+00
    410.644   1019.479    13.9951   4.604672     2.2369     0.1496  1.8278388  13.964467    13.9334    38.6864    29.0538     3.3292    144.483 0.0000e+00
    409.376   1020.479    14.0010   4.605255     2.2374     0.1566  1.8278388  13.967199    13.9394    38.6866    29.0527     3.3294    144.493 0.0000e+00
    408.454   1021.479    13.9940   4.604318     2.2379     0.1505  1.8278388  13.975394    13.9326    38.6852    29.0531     3.3300    144.518 0.0000e+00
    407.569   1022.479    13.9947   4.604461     2.2381     0.1527  1.8276353  13.976077    13.9335    38.6862    29.0536     3.3295    144.497 0.0000e+00
    406.464   1023.479    14.0006   4.605175     2.2384     0.1468  1.8273809  13.975394    13.9395    38.6875    29.0534     3.3306    144.545 0.0000e+00
    404.972   1024.479    14.0134   4.606631     2.2392     0.1305  1.8271266  13.978808    13.9525    38.6891    29.0517     3.3313    144.576 0.0000e+00
    403.722   1025.479    14.0165   4.606879     2.2400     0.1468  1.8268213  13.988369    13.9558    38.6888    29.0508     3.3322    144.613 0.0000e+00
    402.950   1026.479    14.0106   4.606141     2.2408     0.1624  1.8267704  13.984271    13.9500    38.6882    29.0516     3.3345    144.715 0.0000e+00
    402.198   1027.479    14.0141   4.606556     2.2418     0.1561  1.8266687  13.990417    13.9536    38.6889    29.0514     3.3359    144.775 0.0000e+00
    400.982   1028.479    14.0160   4.606794     2.2424     0.1542  1.8263126  13.991783    13.9557    38.6897    29.0516     3.3353    144.751 0.0000e+00
    399.538   1029.479    14.0298   4.608203     2.2428     0.1503  1.8261599  13.993832    13.9697    38.6898    29.0486     3.3313    144.577 0.0000e+00
    398.426   1030.479    14.0236   4.607290     2.2417     0.1471  1.8257021  14.004075    13.9636    38.6879    29.0485     3.3287    144.463 0.0000e+00
    397.546   1031.479    14.0201   4.606881     2.2420     0.1561  1.8256512  14.004075    13.9603    38.6880    29.0492     3.3330    144.649 0.0000e+00
