Boussole/Data/SBEMOOSE/Work/cnv/Bous222_02.cnv
* Sea-Bird SBE 9 Data File:
* FileName = C:\boussole\202009\Bous222_02.hdr
* Software Version Seasave V 7.23.2
* Temperature SN = 5545
* Conductivity SN = 4097
* Number of Bytes Per Scan = 37
* Number of Voltage Words = 4
* Number of Scans Averaged by the Deck Unit = 1
* NMEA Latitude = 43 21.97 N
* NMEA Longitude = 007 53.80 E
* NMEA UTC (Time) = Sep 12 2020  12:12:21
* NMEA baud rate = 4800
** Navire
** Station:
** Date
** Heure debut [TU]
** Heure fin [TU]
** Heure locale / TU = +0
** Latitude
** Longitude
** Heure meteo [TU]
** T air sec [deg C]
** T mer [deg C]
** Vent [noeuds, degres]
# nquan = 21
# nvalues = 275                         
# units = specified
# name 0 = prDM: Pressure, Digiquartz [db]
# name 1 = timeS: Time, Elapsed [seconds]
# name 2 = t090C: Temperature [ITS-90, deg C]
# name 3 = t190C: Temperature, 2 [ITS-90, deg C]
# name 4 = c0S/m: Conductivity [S/m]
# name 5 = c1S/m: Conductivity, 2 [S/m]
# name 6 = sbeox0V: Oxygen raw, SBE 43 [V]
# name 7 = v2: Voltage 2
# name 8 = flC: Fluorescence, Chelsea Aqua 3 Chl Con [ug/l]
# name 9 = v3: Voltage 3
# name 10 = CStarTr0: Beam Transmission, WET Labs C-Star [%]
# name 11 = CStarAt0: Beam Attenuation, WET Labs C-Star [1/m]
# name 12 = sbeox0ML/L: Oxygen, SBE 43 [ml/l], WS = 2
# name 13 = sbox0Mm/Kg: Oxygen, SBE 43 [umol/kg], WS = 2
# name 14 = potemp090C: Potential Temperature [ITS-90, deg C]
# name 15 = potemp190C: Potential Temperature, 2 [ITS-90, deg C]
# name 16 = sal00: Salinity, Practical [PSU]
# name 17 = sal11: Salinity, Practical, 2 [PSU]
# name 18 = sigma-é00: Density [sigma-theta, kg/m^3]
# name 19 = sigma-é11: Density, 2 [sigma-theta, kg/m^3]
# name 20 = flag: flag
# span 0 =      2.631,    101.481       
# span 1 =      0.479,    274.083       
# span 2 =    13.6284,    23.0271       
# span 3 =    13.6324,    23.0347       
# span 4 =   4.525455,   5.539328       
# span 5 =   4.525886,   5.539384       
# span 6 =     2.4830,     3.8269       
# span 7 =     1.1963,     1.8005       
# span 8 =    -0.0114,     0.8845       
# span 9 =     4.4029,     4.7386       
# span 10 =    92.5070,    99.5843      
# span 11 =     0.0167,     0.3115      
# span 12 =     3.7318,     6.1109      
# span 13 =    161.967,    265.424      
# span 14 =    13.6184,    23.0265      
# span 15 =    13.6224,    23.0341      
# span 16 =    38.2482,    38.5305      
# span 17 =    38.3460,    38.5290      
# span 18 =    26.5025,    28.9897      
# span 19 =    26.4974,    28.9878      
# span 20 = 0.0000e+00, 0.0000e+00      
# interval = seconds: 1                 
# start_time = Sep 12 2020 12:12:21 [NMEA time, header]
# bad_flag = -9.990e-29
*END*
[from data line 69]
     11.340     69.479    22.6665    22.6721   5.498645   5.499576     3.2227     1.3466     0.1235     4.5746    96.1272     0.1580     4.3813    190.598    22.6642    22.6698    38.3906    38.3930    26.6056    26.6058 0.0000e+00
     11.990     70.479    22.6580    22.6652   5.497707   5.498775     3.2237     1.3543     0.1427     4.5755    96.1465     0.1572     4.3826    190.654    22.6556    22.6628    38.3904    38.3925    26.6080    26.6075 0.0000e+00
     13.018     71.479    22.6474    22.6509   5.496627   5.497278     3.2219     1.3590     0.1424     4.5749    96.1336     0.1577     4.3771    190.412    22.6448    22.6483    38.3909    38.3929    26.6115    26.6120 0.0000e+00
     13.530     72.479    22.6436    22.6502   5.496190   5.497213     3.2207     1.3780     0.1422     4.5731    96.0950     0.1593     4.3780    190.453    22.6408    22.6474    38.3906    38.3928    26.6124    26.6122 0.0000e+00
     13.821     73.479    22.6408    22.6462   5.495907   5.496664     3.2198     1.3777     0.1445     4.5805    96.2505     0.1529     4.3741    190.283    22.6379    22.6434    38.3908    38.3919    26.6134    26.6127 0.0000e+00
     14.555     74.479    22.6344    22.6384   5.495262   5.495881     3.2165     1.3775     0.1525     4.6258    97.2060     0.1134     4.3689    190.058    22.6314    22.6355    38.3911    38.3923    26.6155    26.6153 0.0000e+00
     15.404     75.479    22.6292    22.6320   5.494715   5.495199     3.2150     1.3797     0.1501     4.6445    97.5995     0.0972     4.3721    190.197    22.6260    22.6289    38.3910    38.3923    26.6170    26.6172 0.0000e+00
     15.907     76.479    22.6246    22.6294   5.494218   5.494915     3.2175     1.3874     0.1555     4.5809    96.2591     0.1525     4.3806    190.567    22.6213    22.6261    38.3910    38.3922    26.6184    26.6179 0.0000e+00
     16.429     77.479    22.6218    22.6278   5.493955   5.494751     3.2188     1.3851     0.1518     4.5741    96.1165     0.1584     4.3784    190.469    22.6184    22.6244    38.3911    38.3921    26.6193    26.6183 0.0000e+00
     17.069     78.479    22.6202    22.6226   5.493819   5.494207     3.2177     1.3901     0.1504     4.5745    96.1251     0.1581     4.3773    190.422    22.6167    22.6192    38.3912    38.3921    26.6199    26.6199 0.0000e+00
     17.651     79.479    22.6173    22.6195   5.493495   5.493850     3.2184     1.3867     0.1544     4.5725    96.0832     0.1598     4.3799    190.534    22.6137    22.6159    38.3910    38.3919    26.6206    26.6207 0.0000e+00
     18.318     80.479    22.6127    22.6165   5.492962   5.493498     3.2170     1.3853     0.1627     4.5721    96.0747     0.1602     4.3753    190.333    22.6089    22.6128    38.3907    38.3915    26.6217    26.6212 0.0000e+00
     19.035     81.479    22.6051    22.6076   5.492153   5.492528     3.2174     1.3891     0.1608     4.5729    96.0907     0.1595     4.3857    190.788    22.6013    22.6037    38.3907    38.3914    26.6239    26.6238 0.0000e+00
     19.602     82.479    22.6016    22.6045   5.491751   5.492200     3.2228     1.3968     0.1681     4.5718    96.0682     0.1605     4.3945    191.168    22.5976    22.6005    38.3904    38.3914    26.6248    26.6247 0.0000e+00
     20.093     83.479    22.5770    22.5848   5.488787   5.489888     3.2235     1.3951     0.1689     4.5838    96.3213     0.1499     4.3857    190.783    22.5728    22.5806    38.3885    38.3904    26.6306    26.6297 0.0000e+00
     20.714     84.479    22.5562    22.5606   5.486606   5.487320     3.2156     1.4018     0.1620     4.6035    96.7352     0.1328     4.4153    192.071    22.5520    22.5564    38.3894    38.3911    26.6372    26.6373 0.0000e+00
     21.484     85.479    22.4932    22.5066   5.478864   5.481080     3.2741     1.4025     0.1668     4.6026    96.7170     0.1335     4.6373    201.724    22.4889    22.5022    38.3835    38.3892    26.6510    26.6515 0.0000e+00
     22.080     86.479    21.6688    21.8553   5.377053   5.403222     3.3830     1.3962     0.1423     4.6003    96.6677     0.1356     4.9979    217.373    21.6644    21.8509    38.3021    38.3460    26.8234    26.8041 0.0000e+00
     22.528     87.479    20.3559    21.2411   5.230835   5.343334     3.5458     1.4006     0.1778     4.5853    96.3513     0.1487     5.4605    237.413    20.3516    21.2367    38.2927    38.4134    27.1802    27.0292 0.0000e+00
     23.225     88.479    18.5405    19.1267   5.026960   5.103245     3.6756     1.3775     0.2136     4.5453    95.5095     0.1838     5.7913    251.687    18.5363    19.1225    38.2482    38.3539    27.6248    27.5542 0.0000e+00
     23.992     89.479    17.6025    17.8109   4.931987   4.966417     3.7391     1.4104     0.2354     4.5180    94.9326     0.2080     5.9209    257.248    17.5984    17.8067    38.3069    38.4101    27.9078    27.9346 0.0000e+00
     24.506     90.479    17.2087    17.2313   4.890726   4.906108     3.7793     1.4413     0.2563     4.4848    94.2346     0.2376     5.9989    260.610    17.2046    17.2271    38.3183    38.4324    28.0138    28.0960 0.0000e+00
     25.002     91.479    16.8197    16.9023   4.848342   4.869374     3.8024     1.4591     0.2968     4.4594    93.6984     0.2604     6.0664    263.521    16.8155    16.8981    38.3143    38.4220    28.1054    28.1683 0.0000e+00
     25.579     92.479    16.6590    16.7191   4.832231   4.849103     3.8216     1.4755     0.3431     4.4292    93.0614     0.2876     6.1018    265.044    16.6548    16.7149    38.3246    38.4173    28.1521    28.2090 0.0000e+00
     26.329     93.479    16.3528    16.3730   4.798909   4.811610     3.8269     1.5056     0.3644     4.4369    93.2233     0.2807     6.1109    265.424    16.3485    16.3687    38.3206    38.4151    28.2223    28.2902 0.0000e+00
     27.177     94.479    16.1111    16.1455   4.774885   4.788031     3.8149     1.5377     0.3732     4.4150    92.7622     0.3005     6.0618    263.270    16.1067    16.1411    38.3374    38.4228    28.2925    28.3502 0.0000e+00
     27.519     95.479    16.0298    16.1010   4.767006   4.782628     3.7804     1.5517     0.3727     4.4087    92.6303     0.3062     5.9817    259.788    16.0253    16.0965    38.3449    38.4171    28.3174    28.3563 0.0000e+00
     27.761     96.479    15.9486    15.9887   4.758150   4.770034     3.7552     1.5573     0.3952     4.4058    92.5682     0.3089     5.9859    259.964    15.9441    15.9842    38.3434    38.4121    28.3353    28.3789 0.0000e+00
     28.662     97.479    15.7791    15.8545   4.739889   4.754871     3.7458     1.5570     0.4020     4.4239    92.9499     0.2925     6.0035    260.719    15.7746    15.8499    38.3419    38.4047    28.3737    28.4045 0.0000e+00
     29.735     98.479    15.4677    15.5676   4.708401   4.726161     3.7343     1.5711     0.4045     4.4290    93.0582     0.2878     6.0083    260.904    15.4630    15.5629    38.3580    38.4227    28.4582    28.4851 0.0000e+00
     30.159     99.479    15.4307    15.4371   4.705722   4.712275     3.7182     1.5753     0.4322     4.4156    92.7751     0.3000     5.9663    259.077    15.4259    15.4323    38.3695    38.4233    28.4756    28.5156 0.0000e+00
     30.407    100.479    15.3909    15.4451   4.701477   4.712433     3.6954     1.5768     0.4661     4.4041    92.5328     0.3104     5.9037    256.359    15.3861    15.4403    38.3694    38.4167    28.4847    28.5087 0.0000e+00
     31.112    101.479    15.2925    15.4096   4.690913   4.708372     3.6646     1.5934     0.4852     4.4029    92.5070     0.3115     5.8423    253.687    15.2876    15.4046    38.3685    38.4140    28.5065    28.5149 0.0000e+00
     32.048    102.479    15.1055    15.1570   4.671507   4.681687     3.6329     1.6127     0.4990     4.4060    92.5724     0.3087     5.8007    251.866    15.1005    15.1520    38.3731    38.4163    28.5527    28.5743 0.0000e+00
     32.596    103.479    15.0099    15.0475   4.662237   4.670533     3.6007     1.6234     0.5059     4.4066    92.5853     0.3082     5.7399    249.221    15.0048    15.0424    38.3813    38.4210    28.5807    28.6028 0.0000e+00
     32.980    104.479    14.9539    15.0116   4.656766   4.666610     3.5625     1.6309     0.5078     4.4149    92.7612     0.3006     5.6426    244.994    14.9488    15.0065    38.3858    38.4199    28.5968    28.6101 0.0000e+00
     33.629    105.479    14.8487    14.9097   4.644786   4.655487     3.5131     1.6346     0.5059     4.4281    93.0378     0.2887     5.5396    240.514    14.8436    14.9045    38.3781    38.4172    28.6145    28.6310 0.0000e+00
     34.372    106.479    14.6116    14.6900   4.620327   4.632283     3.4643     1.6356     0.5127     4.4321    93.1236     0.2850     5.4812    237.968    14.6064    14.6847    38.3848    38.4186    28.6727    28.6814 0.0000e+00
     34.931    107.479    14.5359    14.5945   4.612789   4.622201     3.4228     1.6346     0.5082     4.4411    93.3124     0.2769     5.4188    235.255    14.5306    14.5892    38.3893    38.4191    28.6929    28.7030 0.0000e+00
     35.535    108.479    14.4856    14.5090   4.607615   4.613293     3.3826     1.6382     0.5099     4.4513    93.5279     0.2676     5.3444    232.023    14.4803    14.5036    38.3905    38.4205    28.7050    28.7231 0.0000e+00
     36.156    109.479    14.4370    14.4434   4.602404   4.606051     3.3426     1.6358     0.5106     4.4681    93.8818     0.2525     5.2737    228.951    14.4315    14.4379    38.3898    38.4176    28.7152    28.7353 0.0000e+00
     36.708    110.479    14.3575    14.3815   4.593733   4.599273     3.3058     1.6367     0.5036     4.4734    93.9933     0.2478     5.2163    226.455    14.3520    14.3760    38.3873    38.4154    28.7308    28.7473 0.0000e+00
     37.380    111.479    14.2861    14.3110   4.586744   4.591772     3.2707     1.6371     0.5067     4.4762    94.0523     0.2453     5.1575    223.896    14.2805    14.3054    38.3925    38.4149    28.7506    28.7625 0.0000e+00
     38.015    112.479    14.2283    14.2378   4.581010   4.584442     3.2373     1.6334     0.5103     4.4801    94.1338     0.2418     5.0944    221.155    14.2226    14.2321    38.3958    38.4187    28.7658    28.7815 0.0000e+00
     38.619    113.479    14.1963    14.2126   4.577664   4.581547     3.2012     1.6350     0.5171     4.5184    94.9412     0.2078     5.0214    217.986    14.1905    14.2068    38.3960    38.4164    28.7730    28.7852 0.0000e+00
     39.339    114.479    14.1266    14.1450   4.570509   4.574467     3.1662     1.6370     0.5183     4.5627    95.8752     0.1685     4.9652    215.539    14.1208    14.1391    38.3978    38.4169    28.7896    28.8004 0.0000e+00
     39.931    115.479    14.0767    14.1094   4.565627   4.570843     3.1357     1.6405     0.5309     4.5632    95.8870     0.1680     4.9267    213.866    14.0708    14.1035    38.4014    38.4179    28.8033    28.8090 0.0000e+00
     40.466    116.479    14.0533    14.0904   4.563188   4.568689     3.1120     1.6412     0.5478     4.5608    95.8344     0.1702     4.8990    212.664    14.0473    14.0844    38.4015    38.4163    28.8085    28.8119 0.0000e+00
     41.171    117.479    14.0330    14.0420   4.561403   4.563747     3.0929     1.6477     0.5565     4.5595    95.8087     0.1713     4.8699    211.400    14.0269    14.0359    38.4046    38.4178    28.8153    28.8236 0.0000e+00
     41.867    118.479    14.0095    14.0201   4.559268   4.561685     3.0747     1.6564     0.5815     4.5596    95.8098     0.1712     4.8359    209.923    14.0033    14.0139    38.4077    38.4199    28.8228    28.8299 0.0000e+00
     42.514    119.479    13.9927    14.0084   4.557733   4.560427     3.0564     1.6608     0.5900     4.5614    95.8484     0.1696     4.8027    208.479    13.9864    14.0021    38.4096    38.4195    28.8280    28.8322 0.0000e+00
     43.054    120.479    13.9799    13.9973   4.556571   4.559359     3.0390     1.6732     0.5965     4.5609    95.8366     0.1701     4.7671    206.932    13.9735    13.9909    38.4112    38.4202    28.8320    28.8352 0.0000e+00
     43.744    121.479    13.9585    13.9701   4.554389   4.556516     3.0199     1.6773     0.6145     4.5589    95.7948     0.1718     4.7220    204.974    13.9521    13.9636    38.4117    38.4202    28.8370    28.8411 0.0000e+00
     44.424    122.479    13.9256    13.9456   4.551084   4.554100     2.9967     1.6804     0.6360     4.5578    95.7723     0.1728     4.6661    202.544    13.9190    13.9390    38.4131    38.4216    28.8452    28.8475 0.0000e+00
     44.909    123.479    13.8953    13.9312   4.548046   4.552521     2.9704     1.6889     0.6872     4.5552    95.7186     0.1750     4.6132    200.248    13.8887    13.9246    38.4144    38.4208    28.8528    28.8500 0.0000e+00
     45.637    124.479    13.8636    13.8820   4.544858   4.547484     2.9456     1.6990     0.7133     4.5530    95.6715     0.1770     4.5683    198.298    13.8569    13.8753    38.4156    38.4221    28.8606    28.8617 0.0000e+00
     46.382    125.479    13.8418    13.8479   4.542748   4.544147     2.9201     1.7219     0.7125     4.5511    95.6307     0.1787     4.5051    195.552    13.8349    13.8411    38.4172    38.4243    28.8666    28.8707 0.0000e+00
     46.843    126.479    13.8234    13.8407   4.540840   4.543349     2.8864     1.7332     0.7879     4.5462    95.5278     0.1830     4.4098    191.415    13.8166    13.8338    38.4173    38.4238    28.8706    28.8719 0.0000e+00
     47.474    127.479    13.7886    13.8171   4.537232   4.540783     2.8441     1.7328     0.8510     4.5409    95.4162     0.1877     4.3171    187.390    13.7816    13.8101    38.4177    38.4228    28.8785    28.8763 0.0000e+00
     48.292    128.479    13.7490    13.7665   4.533515   4.535905     2.8049     1.7637     0.8845     4.5335    95.2597     0.1942     4.2555    184.716    13.7419    13.7594    38.4218    38.4269    28.8901    28.8903 0.0000e+00
     48.842    129.479    13.7384    13.7543   4.532644   4.534765     2.7709     1.7881     0.8569     4.5508    95.6253     0.1789     4.2022    182.401    13.7312    13.7471    38.4239    38.4281    28.8940    28.8939 0.0000e+00
     49.373    130.479    13.7255    13.7436   4.531389   4.533664     2.7425     1.8005     0.7967     4.5693    96.0135     0.1627     4.1653    180.798    13.7183    13.7364    38.4247    38.4281    28.8974    28.8962 0.0000e+00
     50.116    131.479    13.7126    13.7196   4.530328   4.531506     2.7208     1.7902     0.7548     4.5851    96.3470     0.1489     4.1387    179.642    13.7053    13.7122    38.4272    38.4314    28.9022    28.9039 0.0000e+00
     50.787    132.479    13.7070    13.7123   4.529867   4.530805     2.7031     1.7672     0.7014     4.6040    96.7459     0.1324     4.1129    178.521    13.6996    13.7048    38.4281    38.4318    28.9041    28.9058 0.0000e+00
     51.386    133.479    13.7022    13.7127   4.529442   4.530805     2.6878     1.7504     0.6396     4.6178    97.0376     0.1203     4.0872    177.407    13.6946    13.7052    38.4287    38.4310    28.9056    28.9052 0.0000e+00
     52.065    134.479    13.6992    13.7030   4.529198   4.529876     2.6736     1.7280     0.6194     4.6231    97.1480     0.1157     4.0621    176.319    13.6916    13.6954    38.4290    38.4317    28.9065    28.9077 0.0000e+00
     52.647    135.479    13.6932    13.6983   4.528709   4.529461     2.6605     1.7006     0.5913     4.6295    97.2832     0.1102     4.0390    175.313    13.6855    13.6906    38.4302    38.4322    28.9087    28.9092 0.0000e+00
     53.252    136.479    13.6844    13.6943   4.528011   4.529152     2.6486     1.6913     0.5645     4.6358    97.4172     0.1047     4.0187    174.430    13.6766    13.6865    38.4321    38.4330    28.9121    28.9107 0.0000e+00
