Boussole/Data/SBEMOOSE/Work/cnv/bous229_01.cnv
* Sea-Bird SBE 9 Data File:
* FileName = C:\boussole\202104\bous229_01.hdr
* Software Version Seasave V 7.23.2
* Temperature SN = 2473
* Conductivity SN = 2929
* Number of Bytes Per Scan = 37
* Number of Voltage Words = 4
* Number of Scans Averaged by the Deck Unit = 1
* NMEA Latitude = 43 22.06 N
* NMEA Longitude = 007 54.18 E
* NMEA UTC (Time) = Apr 09 2021  08:58:24
* NMEA baud rate = 4800
** Campagne = BOUSSOLE 229
** Navire = Tethys II
** Station = BOUS229_01
** Date = 09/04/2021
** Heure debut [TU] = 08:59
** Heure fin [TU] = 09:12
** Heure locale / TU = +0
** Latitude = 43 22.067 N
** Longitude = 007 54.196 E
** Heure meteo [TU] = 09:02
** T air sec [deg C] = 13.5
** T mer [deg C] = 14.09
** Vent [noeuds, degres] = 4.8, 185
** Pression atm [hpa] = 1027
** Humidite [%] = 51
** Nebulosite [octas] = 2
** Etat de la mer [code S] = 2
# nquan = 14
# nvalues = 839                         
# units = specified
# name 0 = prDM: Pressure, Digiquartz [db]
# name 1 = timeS: Time, Elapsed [seconds]
# name 2 = t090C: Temperature [ITS-90, deg C]
# name 3 = c0S/m: Conductivity [S/m]
# name 4 = sbeox0V: Oxygen raw, SBE 43 [V]
# name 5 = flC: Fluorescence, Chelsea Aqua 3 Chl Con [ug/l]
# name 6 = upoly0: Upoly 0, RINKOIII_DO
# name 7 = upoly1: Upoly 1, RINKOIII_Temp
# name 8 = potemp090C: Potential Temperature [ITS-90, deg C]
# name 9 = sal00: Salinity, Practical [PSU]
# name 10 = sigma-é00: Density [sigma-theta, kg/m^3]
# name 11 = sbeox0ML/L: Oxygen, SBE 43 [ml/l], WS = 2
# name 12 = sbox0Mm/Kg: Oxygen, SBE 43 [umol/kg], WS = 2
# name 13 = flag: flag
# span 0 =      0.264,    201.432       
# span 1 =      0.479,    838.333       
# span 2 =    13.4715,    14.2190       
# span 3 =   4.502681,   4.589295       
# span 4 =     2.2527,     2.9974       
# span 5 =    -0.0727,     3.8862       
# span 6 =  1.5339336,  1.8153235       
# span 7 =  13.468170,  14.015683       
# span 8 =    13.4639,    14.2189       
# span 9 =    38.3752,    38.6763       
# span 10 =    28.7598,    29.0483      
# span 11 =     3.2753,     4.7112      
# span 12 =    142.148,    204.506      
# span 13 = 0.0000e+00, 0.0000e+00      
# interval = seconds: 1                 
# start_time = Apr 09 2021 08:58:24 [NMEA time, header]
# bad_flag = -9.990e-29
*END*
[from data line 723]
     26.650    723.479    13.8951   4.543743     2.9736     0.5715  1.5404456  13.877037    13.8912    38.3821    28.8272     4.6916    203.656 0.0000e+00
     26.095    724.479    13.8950   4.543693     2.9739     0.5677  1.5406491  13.877720    13.8911    38.3820    28.8272     4.6879    203.496 0.0000e+00
     25.109    725.479    13.8967   4.543851     2.9741     0.5537  1.5400386  13.877720    13.8930    38.3822    28.8269     4.6894    203.562 0.0000e+00
     24.277    726.479    13.8969   4.543839     2.9746     0.5553  1.5398860  13.877720    13.8933    38.3822    28.8269     4.6913    203.642 0.0000e+00
     23.584    727.479    13.8972   4.543840     2.9761     0.5422  1.5399878  13.877720    13.8937    38.3823    28.8268     4.6940    203.761 0.0000e+00
     22.804    728.479    13.8971   4.543777     2.9760     0.5507  1.5398351  13.877720    13.8937    38.3822    28.8268     4.6869    203.450 0.0000e+00
     22.203    729.479    13.8967   4.543700     2.9741     0.5346  1.5395808  13.877720    13.8935    38.3821    28.8267     4.6798    203.142 0.0000e+00
     21.648    730.479    13.8967   4.543657     2.9717     0.5587  1.5393264  13.876354    13.8935    38.3820    28.8267     4.6762    202.989 0.0000e+00
     20.814    731.479    13.8976   4.543746     2.9714     0.5632  1.5395299  13.877720    13.8945    38.3823    28.8267     4.6842    203.334 0.0000e+00
     19.852    732.479    13.8995   4.543894     2.9742     0.5653  1.5392246  13.877720    13.8966    38.3821    28.8261     4.6917    203.660 0.0000e+00
     18.989    733.479    13.9001   4.543912     2.9758     0.5538  1.5391738  13.877720    13.8973    38.3821    28.8259     4.6929    203.713 0.0000e+00
     18.198    734.479    13.9015   4.544027     2.9777     0.5322  1.5392246  13.878403    13.8988    38.3822    28.8256     4.6954    203.822 0.0000e+00
     17.495    735.479    13.9029   4.544138     2.9786     0.5089  1.5389703  13.879769    13.9003    38.3822    28.8253     4.6930    203.718 0.0000e+00
     16.801    736.479    13.9041   4.544232     2.9785     0.5073  1.5388176  13.880453    13.9017    38.3821    28.8250     4.6939    203.756 0.0000e+00
     15.916    737.479    13.9072   4.544568     2.9805     0.5057  1.5389703  13.878403    13.9049    38.3826    28.8247     4.6982    203.943 0.0000e+00
     14.987    738.479    13.9091   4.544695     2.9804     0.5209  1.5387159  13.883868    13.9068    38.3824    28.8241     4.6934    203.736 0.0000e+00
     14.233    739.479    13.9092   4.544682     2.9804     0.5172  1.5387668  13.882502    13.9071    38.3825    28.8241     4.6925    203.693 0.0000e+00
     13.591    740.479    13.9096   4.544690     2.9802     0.4895  1.5390211  13.886601    13.9076    38.3825    28.8240     4.6936    203.744 0.0000e+00
     12.619    741.479    13.9108   4.544780     2.9811     0.4669  1.5384615  13.886601    13.9089    38.3825    28.8238     4.6958    203.841 0.0000e+00
     11.423    742.479    13.9123   4.544881     2.9814     0.4709  1.5384106  13.887967    13.9106    38.3825    28.8234     4.6950    203.805 0.0000e+00
     10.755    743.479    13.9127   4.544880     2.9826     0.4841  1.5383597  13.883868    13.9111    38.3825    28.8232     4.6979    203.931 0.0000e+00
     10.741    744.479    13.9093   4.544536     2.9827     0.4774  1.5386141  13.885234    13.9077    38.3826    28.8240     4.6949    203.799 0.0000e+00
     10.286    745.479    13.9103   4.544621     2.9823     0.4601  1.5384106  13.889333    13.9087    38.3826    28.8239     4.6939    203.755 0.0000e+00
      9.232    746.479    13.9160   4.545171     2.9821     0.4583  1.5382071  13.890699    13.9147    38.3825    28.8225     4.6943    203.776 0.0000e+00
      8.645    747.479    13.9186   4.545388     2.9830     0.4453  1.5382071  13.892749    13.9173    38.3823    28.8218     4.6943    203.775 0.0000e+00
      8.498    748.479    13.9144   4.544911     2.9822     0.4557  1.5384106  13.891382    13.9131    38.3821    28.8225     4.6884    203.520 0.0000e+00
      8.002    749.479    13.9163   4.545145     2.9799     0.4618  1.5382071  13.893432    13.9151    38.3826    28.8225     4.6796    203.136 0.0000e+00
      7.514    750.479    13.9200   4.545497     2.9770     0.4507  1.5385124  13.894115    13.9189    38.3824    28.8215     4.6762    202.990 0.0000e+00
      7.250    751.479    13.9223   4.545725     2.9768     0.4391  1.5385124  13.893432    13.9212    38.3824    28.8210     4.6824    203.257 0.0000e+00
      6.769    752.479    13.9266   4.546184     2.9777     0.4457  1.5381562  13.894115    13.9256    38.3827    28.8203     4.6833    203.299 0.0000e+00
      6.370    753.479    13.9316   4.546705     2.9779     0.4448  1.5382580  13.894115    13.9307    38.3827    28.8192     4.6811    203.202 0.0000e+00
      6.176    754.479    13.9331   4.546842     2.9773     0.4409  1.5380545  13.895481    13.9322    38.3827    28.8189     4.6802    203.161 0.0000e+00
      5.864    755.479    13.9327   4.546785     2.9785     0.4341  1.5383597  13.902312    13.9318    38.3827    28.8190     4.6868    203.451 0.0000e+00
      5.529    756.479    13.9329   4.546784     2.9801     0.4180  1.5382580  13.896164    13.9321    38.3826    28.8188     4.6902    203.595 0.0000e+00
      5.421    757.479    13.9341   4.546905     2.9815     0.4131  1.5381054  13.902312    13.9333    38.3826    28.8185     4.6875    203.478 0.0000e+00
      5.435    758.479    13.9344   4.546921     2.9803     0.4178  1.5381563  13.906411    13.9336    38.3824    28.8184     4.6848    203.362 0.0000e+00
      5.278    759.479    13.9354   4.547038     2.9813     0.4085  1.5380545  13.909144    13.9346    38.3826    28.8183     4.6916    203.658 0.0000e+00
      5.221    760.479    13.9360   4.547078     2.9825     0.4116  1.5380545  13.908461    13.9352    38.3824    28.8180     4.6887    203.534 0.0000e+00
      5.369    761.479    13.9352   4.547006     2.9810     0.4175  1.5380036  13.909827    13.9344    38.3825    28.8182     4.6820    203.243 0.0000e+00
      5.387    762.479    13.9350   4.546975     2.9795     0.4118  1.5378510  13.912559    13.9342    38.3824    28.8182     4.6807    203.183 0.0000e+00
      5.286    763.479    13.9361   4.547094     2.9793     0.4129  1.5381054  13.915291    13.9353    38.3824    28.8179     4.6839    203.324 0.0000e+00
      5.251    764.479    13.9365   4.547116     2.9793     0.4083  1.5382580  13.911876    13.9357    38.3823    28.8178     4.6832    203.294 0.0000e+00
      5.380    765.479    13.9365   4.547119     2.9801     0.4051  1.5379528  13.915974    13.9357    38.3823    28.8178     4.6886    203.527 0.0000e+00
      5.375    766.479    13.9365   4.547117     2.9810     0.4081  1.5383089  13.917340    13.9357    38.3822    28.8177     4.6859    203.410 0.0000e+00
      5.227    767.479    13.9369   4.547159     2.9804     0.3877  1.5377493  13.922122    13.9361    38.3823    28.8177     4.6844    203.345 0.0000e+00
      5.295    768.479    13.9372   4.547193     2.9803     0.3836  1.5380545  13.919390    13.9363    38.3823    28.8177     4.6860    203.413 0.0000e+00
      5.480    769.479    13.9370   4.547195     2.9812     0.3879  1.5378510  13.919390    13.9362    38.3824    28.8178     4.6909    203.629 0.0000e+00
      5.432    770.479    13.9370   4.547196     2.9828     0.3879  1.5378001  13.921439    13.9362    38.3824    28.8177     4.6938    203.754 0.0000e+00
      5.247    771.479    13.9377   4.547266     2.9837     0.3703  1.5383597  13.920073    13.9369    38.3825    28.8177     4.6959    203.846 0.0000e+00
      5.199    772.479    13.9379   4.547283     2.9853     0.3760  1.5379019  13.921439    13.9371    38.3824    28.8176     4.6987    203.968 0.0000e+00
      5.402    773.479    13.9375   4.547243     2.9858     0.4064  1.5381054  13.920756    13.9367    38.3824    28.8176     4.6950    203.803 0.0000e+00
      5.473    774.479    13.9372   4.547211     2.9844     0.4079  1.5380036  13.918706    13.9364    38.3824    28.8177     4.6881    203.505 0.0000e+00
      5.206    775.479    13.9377   4.547246     2.9825     0.3890  1.5382071  13.922805    13.9369    38.3823    28.8176     4.6861    203.419 0.0000e+00
      5.171    776.479    13.9378   4.547267     2.9824     0.3903  1.5376984  13.920756    13.9370    38.3824    28.8176     4.6906    203.615 0.0000e+00
      5.524    777.479    13.9365   4.547152     2.9832     0.3865  1.5379528  13.921439    13.9357    38.3825    28.8180     4.6923    203.686 0.0000e+00
      5.488    778.479    13.9367   4.547155     2.9829     0.3798  1.5380545  13.920756    13.9359    38.3824    28.8178     4.6881    203.508 0.0000e+00
      5.154    779.479    13.9370   4.547184     2.9818     0.3854  1.5380545  13.924171    13.9362    38.3825    28.8178     4.6865    203.437 0.0000e+00
      5.200    780.479    13.9369   4.547185     2.9818     0.3823  1.5380036  13.922805    13.9361    38.3825    28.8179     4.6880    203.502 0.0000e+00
      5.486    781.479    13.9365   4.547165     2.9821     0.3825  1.5379528  13.920073    13.9358    38.3826    28.8180     4.6919    203.671 0.0000e+00
      5.436    782.479    13.9366   4.547158     2.9836     0.3852  1.5376475  13.919390    13.9358    38.3825    28.8179     4.6939    203.760 0.0000e+00
      5.208    783.479    13.9368   4.547164     2.9833     0.3816  1.5376984  13.926220    13.9360    38.3824    28.8178     4.6899    203.586 0.0000e+00
      5.163    784.479    13.9368   4.547171     2.9831     0.3806  1.5382580  13.925537    13.9360    38.3825    28.8179     4.6892    203.553 0.0000e+00
      5.453    785.479    13.9364   4.547136     2.9820     0.3785  1.5381054  13.922122    13.9356    38.3825    28.8179     4.6836    203.311 0.0000e+00
      5.583    786.479    13.9362   4.547123     2.9800     0.3847  1.5382580  13.921439    13.9354    38.3825    28.8180     4.6800    203.155 0.0000e+00
      5.336    787.479    13.9369   4.547185     2.9793     0.3812  1.5379019  13.921439    13.9361    38.3825    28.8179     4.6846    203.355 0.0000e+00
      5.120    788.479    13.9375   4.547249     2.9803     0.3863  1.5378001  13.924171    13.9367    38.3826    28.8178     4.6871    203.462 0.0000e+00
      5.207    789.479    13.9378   4.547283     2.9809     0.3883  1.5381054  13.924171    13.9370    38.3825    28.8177     4.6879    203.498 0.0000e+00
      5.458    790.479    13.9370   4.547201     2.9814     0.3964  1.5376984  13.920756    13.9362    38.3825    28.8178     4.6861    203.420 0.0000e+00
      5.468    791.479    13.9367   4.547182     2.9802     0.3943  1.5381562  13.920756    13.9359    38.3826    28.8180     4.6825    203.264 0.0000e+00
      5.329    792.479    13.9372   4.547219     2.9799     0.3795  1.5379019  13.925537    13.9364    38.3825    28.8178     4.6836    203.312 0.0000e+00
      5.321    793.479    13.9374   4.547253     2.9801     0.3829  1.5375966  13.922805    13.9366    38.3826    28.8179     4.6883    203.516 0.0000e+00
      5.427    794.479    13.9371   4.547209     2.9820     0.3801  1.5380545  13.922122    13.9363    38.3825    28.8178     4.6934    203.737 0.0000e+00
      5.359    795.479    13.9375   4.547260     2.9830     0.3765  1.5381054  13.923488    13.9367    38.3826    28.8178     4.6907    203.617 0.0000e+00
      5.098    796.479    13.9387   4.547371     2.9825     0.3808  1.5378001  13.920073    13.9379    38.3826    28.8175     4.6889    203.540 0.0000e+00
      5.269    797.479    13.9381   4.547310     2.9827     0.3834  1.5377492  13.924171    13.9373    38.3824    28.8176     4.6882    203.511 0.0000e+00
      5.606    798.479    13.9371   4.547222     2.9817     0.3767  1.5378510  13.919390    13.9363    38.3825    28.8178     4.6873    203.472 0.0000e+00
      5.449    799.479    13.9377   4.547277     2.9822     0.3751  1.5380036  13.924171    13.9369    38.3825    28.8177     4.6933    203.732 0.0000e+00
      5.159    800.479    13.9391   4.547415     2.9846     0.3892  1.5379528  13.922805    13.9383    38.3825    28.8174     4.6970    203.891 0.0000e+00
      5.243    801.479    13.9390   4.547399     2.9839     0.3892  1.5376984  13.925537    13.9382    38.3825    28.8174     4.6859    203.409 0.0000e+00
      5.517    802.479    13.9370   4.547204     2.9812     0.3747  1.5379019  13.924854    13.9362    38.3825    28.8179     4.6832    203.294 0.0000e+00
      5.487    803.479    13.9379   4.547276     2.9814     0.3809  1.5380545  13.926220    13.9371    38.3823    28.8175     4.6888    203.536 0.0000e+00
      5.219    804.479    13.9386   4.547361     2.9816     0.3822  1.5378510  13.925537    13.9378    38.3825    28.8175     4.6865    203.437 0.0000e+00
      5.189    805.479    13.9385   4.547346     2.9813     0.3923  1.5378510  13.926220    13.9377    38.3825    28.8175     4.6905    203.609 0.0000e+00
      5.430    806.479    13.9378   4.547271     2.9836     0.3823  1.5381054  13.924854    13.9370    38.3824    28.8176     4.6939    203.760 0.0000e+00
      5.438    807.479    13.9372   4.547207     2.9823     0.3770  1.5379527  13.925537    13.9364    38.3823    28.8177     4.6835    203.305 0.0000e+00
      5.321    808.479    13.9379   4.547274     2.9804     0.3723  1.5380545  13.926903    13.9371    38.3823    28.8175     4.6814    203.213 0.0000e+00
      5.334    809.479    13.9380   4.547293     2.9799     0.3785  1.5376475  13.925537    13.9372    38.3824    28.8175     4.6847    203.360 0.0000e+00
      5.340    810.479    13.9377   4.547244     2.9810     0.3730  1.5376984  13.927586    13.9369    38.3822    28.8175     4.6918    203.668 0.0000e+00
      5.357    811.479    13.9375   4.547231     2.9828     0.3825  1.5380036  13.926220    13.9367    38.3823    28.8176     4.6938    203.755 0.0000e+00
      5.355    812.479    13.9376   4.547235     2.9837     0.3691  1.5376475  13.926903    13.9368    38.3823    28.8176     4.6940    203.762 0.0000e+00
      5.409    813.479    13.9377   4.547268     2.9842     0.3785  1.5378001  13.926903    13.9369    38.3824    28.8176     4.6929    203.715 0.0000e+00
      5.439    814.479    13.9378   4.547271     2.9837     0.3928  1.5379019  13.926220    13.9370    38.3823    28.8175     4.6916    203.658 0.0000e+00
      5.225    815.479    13.9386   4.547367     2.9840     0.3895  1.5377492  13.926903    13.9378    38.3825    28.8175     4.6933    203.733 0.0000e+00
      5.108    816.479    13.9394   4.547415     2.9845     0.3809  1.5377493  13.926903    13.9386    38.3823    28.8172     4.6939    203.758 0.0000e+00
      5.359    817.479    13.9379   4.547287     2.9841     0.3534  1.5378510  13.926903    13.9371    38.3824    28.8176     4.6883    203.514 0.0000e+00
      5.561    818.479    13.9373   4.547237     2.9818     0.3495  1.5377493  13.924854    13.9365    38.3825    28.8177     4.6805    203.178 0.0000e+00
      5.432    819.479    13.9379   4.547272     2.9789     0.3569  1.5380545  13.926220    13.9371    38.3823    28.8175     4.6782    203.076 0.0000e+00
      5.284    820.479    13.9387   4.547370     2.9796     0.3561  1.5379527  13.926903    13.9379    38.3825    28.8175     4.6892    203.553 0.0000e+00
      5.221    821.479    13.9394   4.547453     2.9820     0.3684  1.5379019  13.926220    13.9386    38.3826    28.8174     4.6941    203.768 0.0000e+00
      4.983    822.479    13.9400   4.547475     2.9837     0.3625  1.5379527  13.926903    13.9392    38.3823    28.8171     4.6958    203.842 0.0000e+00
      4.519    823.479    13.9421   4.547706     2.9847     0.3685  1.5375966  13.926903    13.9414    38.3826    28.8168     4.6942    203.771 0.0000e+00
      4.227    824.479    13.9423   4.547691     2.9841     0.3667  1.5376984  13.927586    13.9417    38.3824    28.8166     4.6865    203.437 0.0000e+00
