Boussole/Data/SBEMOOSE/Work/cnv/bous228_07.cnv
* Sea-Bird SBE 9 Data File:
* FileName = C:\boussole\202103\bous228_07.hdr
* Software Version Seasave V 7.23.2
* Temperature SN = 2473
* Conductivity SN = 2929
* Number of Bytes Per Scan = 37
* Number of Voltage Words = 4
* Number of Scans Averaged by the Deck Unit = 1
* NMEA Latitude = 43 22.20 N
* NMEA Longitude = 007 53.88 E
* NMEA UTC (Time) = Mar 04 2021  09:22:51
* NMEA baud rate = 4800
** Navire
** Station:
** Date
** Heure debut [TU]
** Heure fin [TU]
** Heure locale / TU = +0
** Latitude
** Longitude
** Heure meteo [TU]
** T air sec [deg C]
** T mer [deg C]
** Vent [noeuds, degres]
# nquan = 14
# nvalues = 1792                        
# units = specified
# name 0 = prDM: Pressure, Digiquartz [db]
# name 1 = timeS: Time, Elapsed [seconds]
# name 2 = t090C: Temperature [ITS-90, deg C]
# name 3 = c0S/m: Conductivity [S/m]
# name 4 = sbeox0V: Oxygen raw, SBE 43 [V]
# name 5 = flC: Fluorescence, Chelsea Aqua 3 Chl Con [ug/l]
# name 6 = upoly0: Upoly 0, RINKOIII_DO
# name 7 = upoly1: Upoly 1, RINKOIII_Temp
# name 8 = potemp090C: Potential Temperature [ITS-90, deg C]
# name 9 = sal00: Salinity, Practical [PSU]
# name 10 = sigma-é00: Density [sigma-theta, kg/m^3]
# name 11 = sbeox0ML/L: Oxygen, SBE 43 [ml/l], WS = 2
# name 12 = sbox0Mm/Kg: Oxygen, SBE 43 [umol/kg], WS = 2
# name 13 = flag: flag
# span 0 =      1.107,    405.408       
# span 1 =      0.479,   1791.250       
# span 2 =    13.4191,    13.7893       
# span 3 =   4.491062,   4.572381       
# span 4 =     2.1605,     3.0592       
# span 5 =     0.1458,     2.8639       
# span 6 =  1.5119048,  1.8410154       
# span 7 =  13.402467,  13.766340       
# span 8 =    13.4125,    13.7515       
# span 9 =    38.3554,    38.6572       
# span 10 =    28.8733,    29.0882      
# span 11 =     3.1778,     4.8922      
# span 12 =    137.910,    212.350      
# span 13 = 0.0000e+00, 0.0000e+00      
# interval = seconds: 1                 
# start_time = Mar 04 2021 09:22:51 [NMEA time, header]
# bad_flag = -9.990e-29
*END*
[from data line 930]
    248.743    930.479    13.7721   4.569286     2.2142     0.1692  1.8261599  13.753354    13.7353    38.6481    29.0669     3.2376    140.510 0.0000e+00
    247.776    931.479    13.7679   4.568632     2.2167     0.1778  1.8251424  13.748570    13.7313    38.6465    29.0665     3.2421    140.703 0.0000e+00
    246.785    932.479    13.7650   4.568179     2.2190     0.1801  1.8243793  13.753354    13.7285    38.6455    29.0664     3.2474    140.932 0.0000e+00
    245.928    933.479    13.7636   4.567928     2.2222     0.1795  1.8242267  13.749253    13.7273    38.6450    29.0662     3.2555    141.286 0.0000e+00
    245.034    934.479    13.7640   4.567959     2.2252     0.1746  1.8235144  13.747202    13.7277    38.6453    29.0664     3.2622    141.574 0.0000e+00
    243.857    935.479    13.7626   4.567673     2.2288     0.1787  1.8232092  13.747202    13.7265    38.6445    29.0660     3.2695    141.892 0.0000e+00
    242.541    936.479    13.7590   4.567053     2.2322     0.1777  1.8225987  13.751303    13.7231    38.6428    29.0654     3.2755    142.152 0.0000e+00
    241.534    937.479    13.7556   4.566541     2.2351     0.1818  1.8224461  13.746519    13.7199    38.6419    29.0654     3.2813    142.406 0.0000e+00
    240.907    938.479    13.7555   4.566517     2.2382     0.1791  1.8203093  13.746519    13.7199    38.6420    29.0655     3.2855    142.584 0.0000e+00
    240.144    939.479    13.7552   4.566411     2.2401     0.1844  1.8193427  13.745835    13.7197    38.6416    29.0652     3.2849    142.560 0.0000e+00
    238.850    940.479    13.7551   4.566344     2.2404     0.1919  1.8181217  13.743785    13.7198    38.6417    29.0653     3.2818    142.427 0.0000e+00
    237.558    941.479    13.7539   4.566137     2.2406     0.1858  1.8162902  13.740367    13.7189    38.6415    29.0653     3.2820    142.433 0.0000e+00
    236.705    942.479    13.7531   4.565991     2.2409     0.1842  1.8147130  13.736949    13.7181    38.6413    29.0654     3.2854    142.584 0.0000e+00
    236.010    943.479    13.7502   4.565502     2.2432     0.1938  1.8138482  13.734899    13.7154    38.6399    29.0648     3.2944    142.973 0.0000e+00
    235.493    944.479    13.7467   4.564957     2.2456     0.1863  1.8132377  13.734899    13.7119    38.6385    29.0645     3.2992    143.180 0.0000e+00
    234.778    945.479    13.7451   4.564690     2.2479     0.1751  1.8125763  13.734215    13.7104    38.6379    29.0644     3.3018    143.293 0.0000e+00
    234.218    946.479    13.7437   4.564462     2.2493     0.1790  1.8118132  13.731481    13.7091    38.6374    29.0642     3.3055    143.453 0.0000e+00
    233.852    947.479    13.7413   4.564089     2.2520     0.1839  1.8111518  13.730114    13.7068    38.6364    29.0640     3.3139    143.817 0.0000e+00
    233.356    948.479    13.7388   4.563689     2.2548     0.1840  1.8101852  13.728747    13.7043    38.6354    29.0637     3.3183    144.010 0.0000e+00
    232.527    949.479    13.7356   4.563204     2.2568     0.1826  1.8091677  13.728747    13.7013    38.6344    29.0636     3.3194    144.058 0.0000e+00
    231.829    950.479    13.7349   4.563121     2.2578     0.1908  1.8079975  13.730114    13.7007    38.6346    29.0639     3.3193    144.054 0.0000e+00
    231.698    951.479    13.7364   4.563323     2.2587     0.1959  1.8079975  13.726013    13.7022    38.6351    29.0639     3.3236    144.242 0.0000e+00
    231.381    952.479    13.7358   4.563104     2.2616     0.1909  1.8068274  13.728063    13.7017    38.6337    29.0630     3.3342    144.700 0.0000e+00
    230.504    953.479    13.7163   4.560247     2.2644     0.1825  1.8060134  13.724645    13.6823    38.6266    29.0616     3.3398    144.942 0.0000e+00
    229.543    954.479    13.7155   4.560167     2.2668     0.1780  1.8056573  13.724645    13.6817    38.6271    29.0621     3.3410    144.995 0.0000e+00
    229.156    955.479    13.7201   4.560886     2.2676     0.1931  1.8055555  13.718493    13.6863    38.6294    29.0630     3.3377    144.853 0.0000e+00
    229.052    956.479    13.7247   4.561544     2.2674     0.1992  1.8040802  13.713708    13.6909    38.6311    29.0633     3.3385    144.887 0.0000e+00
    228.609    957.479    13.7187   4.560419     2.2695     0.1907  1.8035206  13.717810    13.6850    38.6267    29.0611     3.3500    145.386 0.0000e+00
    227.844    958.479    13.7080   4.558945     2.2725     0.1809  1.8030627  13.714392    13.6744    38.6238    29.0612     3.3569    145.686 0.0000e+00
    227.065    959.479    13.7067   4.558749     2.2747     0.1900  1.8013329  13.704821    13.6733    38.6236    29.0612     3.3549    145.601 0.0000e+00
    226.604    960.479    13.7064   4.558671     2.2746     0.1955  1.7998067  13.704821    13.6730    38.6233    29.0611     3.3528    145.506 0.0000e+00
    226.217    961.479    13.7064   4.558656     2.2754     0.1898  1.7987383  13.701403    13.6731    38.6234    29.0611     3.3580    145.734 0.0000e+00
    225.638    962.479    13.7041   4.558309     2.2775     0.1850  1.7981278  13.697985    13.6709    38.6227    29.0610     3.3627    145.939 0.0000e+00
    225.001    963.479    13.7031   4.558143     2.2787     0.2008  1.7978225  13.697985    13.6700    38.6224    29.0610     3.3654    146.055 0.0000e+00
    224.523    964.479    13.7033   4.558144     2.2808     0.1967  1.7964489  13.697301    13.6703    38.6224    29.0609     3.3714    146.316 0.0000e+00
    224.069    965.479    13.6994   4.557522     2.2831     0.1906  1.7957875  13.697301    13.6664    38.6206    29.0604     3.3766    146.540 0.0000e+00
    223.555    966.479    13.6960   4.557059     2.2859     0.1879  1.7949227  13.697301    13.6631    38.6199    29.0605     3.3879    147.031 0.0000e+00
    222.955    967.479    13.6910   4.556231     2.2906     0.1820  1.7944648  13.697301    13.6582    38.6173    29.0596     3.3984    147.486 0.0000e+00
    222.276    968.479    13.6813   4.554894     2.2941     0.1846  1.7941087  13.697301    13.6486    38.6147    29.0596     3.4044    147.748 0.0000e+00
    221.635    969.479    13.6807   4.554810     2.2977     0.1885  1.7935491  13.697301    13.6480    38.6148    29.0598     3.4074    147.876 0.0000e+00
    221.177    970.479    13.6818   4.554999     2.2984     0.1837  1.7937017  13.694566    13.6492    38.6157    29.0603     3.4028    147.676 0.0000e+00
    220.844    971.479    13.6807   4.554762     2.2990     0.1896  1.7931421  13.682260    13.6482    38.6147    29.0597     3.4089    147.944 0.0000e+00
    220.284    972.479    13.6739   4.553733     2.3023     0.1940  1.7922772  13.680893    13.6414    38.6121    29.0591     3.4224    148.528 0.0000e+00
    219.629    973.479    13.6649   4.552449     2.3068     0.1847  1.7909544  13.679526    13.6326    38.6092    29.0588     3.4356    149.102 0.0000e+00
    218.969    974.479    13.6612   4.551915     2.3118     0.1903  1.7891738  13.671321    13.6290    38.6081    29.0587     3.4473    149.609 0.0000e+00
    218.387    975.479    13.6539   4.550884     2.3174     0.2055  1.7876476  13.672689    13.6218    38.6059    29.0586     3.4622    150.257 0.0000e+00
    217.988    976.479    13.6501   4.550183     2.3242     0.1982  1.7865283  13.670637    13.6181    38.6033    29.0573     3.4799    151.022 0.0000e+00
    217.639    977.479    13.6429   4.549243     2.3315     0.2025  1.7855617  13.664484    13.6109    38.6018    29.0577     3.4962    151.729 0.0000e+00
    217.109    978.479    13.6239   4.546584     2.3385     0.1979  1.7835776  13.655595    13.5920    38.5958    29.0571     3.5107    152.359 0.0000e+00
    216.394    979.479    13.6215   4.546218     2.3452     0.1989  1.7815425  13.642603    13.5898    38.5950    29.0570     3.5229    152.892 0.0000e+00
    215.694    980.479    13.6111   4.544772     2.3512     0.2026  1.7763533  13.649441    13.5795    38.5921    29.0569     3.5337    153.360 0.0000e+00
    215.220    981.479    13.6126   4.545041     2.3561     0.2074  1.7746744  13.650808    13.5810    38.5934    29.0575     3.5378    153.539 0.0000e+00
    214.781    982.479    13.6112   4.544703     2.3591     0.2074  1.7745218  13.644654    13.5797    38.5917    29.0565     3.5426    153.746 0.0000e+00
    214.237    983.479    13.6090   4.544496     2.3629     0.1952  1.7738604  13.633030    13.5776    38.5922    29.0574     3.5543    154.252 0.0000e+00
    213.731    984.479    13.6060   4.543842     2.3680     0.1890  1.7737078  13.630978    13.5746    38.5893    29.0558     3.5666    154.789 0.0000e+00
    213.154    985.479    13.5894   4.541553     2.3726     0.2052  1.7692817  13.620720    13.5582    38.5845    29.0555     3.5732    155.071 0.0000e+00
    212.571    986.479    13.5871   4.541235     2.3758     0.2041  1.7645503  13.615933    13.5560    38.5840    29.0556     3.5797    155.354 0.0000e+00
    212.195    987.479    13.5882   4.541531     2.3796     0.1914  1.7612434  13.613197    13.5571    38.5859    29.0568     3.5863    155.644 0.0000e+00
    211.758    988.479    13.5815   4.540312     2.3829     0.2026  1.7600224  13.601572    13.5505    38.5813    29.0547     3.5963    156.074 0.0000e+00
    210.944    989.479    13.5732   4.539152     2.3873     0.1998  1.7584962  13.583105    13.5423    38.5789    29.0546     3.6004    156.255 0.0000e+00
    210.082    990.479    13.5716   4.538991     2.3880     0.2059  1.7533578  13.596100    13.5408    38.5794    29.0553     3.5946    156.003 0.0000e+00
    209.702    991.479    13.5769   4.539777     2.3884     0.2142  1.7524421  13.591996    13.5462    38.5817    29.0559     3.5959    156.057 0.0000e+00
    209.638    992.479    13.5790   4.540017     2.3894     0.2155  1.7511702  13.582421    13.5483    38.5819    29.0556     3.6029    156.362 0.0000e+00
    209.260    993.479    13.5792   4.539943     2.3926     0.2067  1.7494912  13.582421    13.5486    38.5812    29.0550     3.6105    156.693 0.0000e+00
    208.373    994.479    13.5671   4.538238     2.3936     0.2084  1.7486263  13.573529    13.5366    38.5776    29.0548     3.6010    156.279 0.0000e+00
    207.472    995.479    13.5823   4.540419     2.3910     0.2131  1.7457773  13.571477    13.5519    38.5834    29.0560     3.5923    155.902 0.0000e+00
    207.076    996.479    13.5845   4.540539     2.3902     0.2179  1.7449125  13.572161    13.5542    38.5825    29.0548     3.5910    155.848 0.0000e+00
    206.809    997.479    13.5801   4.540046     2.3875     0.2204  1.7441493  13.567373    13.5498    38.5824    29.0557     3.5723    155.033 0.0000e+00
    206.245    998.479    13.5981   4.542529     2.3793     0.2262  1.7438441  13.572845    13.5679    38.5881    29.0563     3.5385    153.567 0.0000e+00
    205.628    999.479    13.6158   4.544926     2.3678     0.2246  1.7436406  13.580369    13.5856    38.5934    29.0566     3.5086    152.269 0.0000e+00
    205.058   1000.479    13.6396   4.548109     2.3569     0.2157  1.7446581  13.590629    13.6095    38.6000    29.0566     3.4861    151.294 0.0000e+00
    204.539   1001.479    13.6503   4.549361     2.3473     0.2071  1.7474562  13.598152    13.6203    38.6013    29.0553     3.4743    150.780 0.0000e+00
    204.037   1002.479    13.6479   4.549071     2.3407     0.2128  1.7503053  13.604991    13.6180    38.6012    29.0557     3.4626    150.273 0.0000e+00
    203.448   1003.479    13.6598   4.550724     2.3335     0.1984  1.7526456  13.613197    13.6299    38.6052    29.0562     3.4471    149.601 0.0000e+00
    202.813   1004.479    13.6642   4.551152     2.3275     0.2060  1.7553928  13.615249    13.6344    38.6051    29.0552     3.4409    149.333 0.0000e+00
    202.271   1005.479    13.6631   4.550908     2.3241     0.2113  1.7591067  13.618668    13.6334    38.6041    29.0547     3.4374    149.179 0.0000e+00
    201.909   1006.479    13.6620   4.550762     2.3201     0.2069  1.7620065  13.626191    13.6323    38.6041    29.0549     3.4269    148.725 0.0000e+00
    201.533   1007.479    13.6696   4.551831     2.3166     0.2017  1.7637872  13.628927    13.6400    38.6067    29.0553     3.4261    148.689 0.0000e+00
    200.827   1008.479    13.6723   4.552089     2.3165     0.2020  1.7651099  13.641919    13.6428    38.6067    29.0547     3.4344    149.050 0.0000e+00
    199.947   1009.479    13.6674   4.551310     2.3177     0.2129  1.7695869  13.629610    13.6380    38.6047    29.0541     3.4341    149.038 0.0000e+00
    199.410   1010.479    13.6614   4.550537     2.3169     0.2064  1.7693834  13.625507    13.6321    38.6037    29.0546     3.4289    148.813 0.0000e+00
    199.343   1011.479    13.6634   4.550856     2.3154     0.2021  1.7688238  13.632346    13.6341    38.6047    29.0549     3.4257    148.672 0.0000e+00
    199.626   1012.479    13.6636   4.550845     2.3152     0.2084  1.7718254  13.641235    13.6343    38.6042    29.0546     3.4312    148.913 0.0000e+00
    199.515   1013.479    13.6567   4.549829     2.3163     0.2101  1.7743183  13.640551    13.6274    38.6015    29.0540     3.4305    148.882 0.0000e+00
    199.381   1014.479    13.6549   4.549659     2.3144     0.2007  1.7749797  13.640551    13.6256    38.6018    29.0545     3.4241    148.604 0.0000e+00
    199.405   1015.479    13.6587   4.550174     2.3148     0.1902  1.7752849  13.636449    13.6293    38.6030    29.0546     3.4332    148.996 0.0000e+00
    199.435   1016.479    13.6568   4.549940     2.3171     0.1899  1.7753867  13.633030    13.6275    38.6026    29.0547     3.4413    149.351 0.0000e+00
    199.304   1017.479    13.6563   4.549780     2.3195     0.1914  1.7750814  13.633713    13.6270    38.6017    29.0541     3.4459    149.550 0.0000e+00
    199.385   1018.479    13.6501   4.548948     2.3219     0.1821  1.7744200  13.633030    13.6208    38.5999    29.0541     3.4502    149.736 0.0000e+00
    199.602   1019.479    13.6536   4.549407     2.3234     0.1882  1.7738096  13.630978    13.6243    38.6006    29.0539     3.4528    149.848 0.0000e+00
    199.650   1020.479    13.6551   4.549618     2.3257     0.1946  1.7731482  13.632346    13.6258    38.6011    29.0539     3.4571    150.036 0.0000e+00
    199.508   1021.479    13.6569   4.549835     2.3268     0.2015  1.7727412  13.633030    13.6276    38.6015    29.0538     3.4557    149.975 0.0000e+00
    199.405   1022.479    13.6554   4.549621     2.3267     0.2004  1.7730973  13.631662    13.6261    38.6010    29.0538     3.4515    149.790 0.0000e+00
    199.434   1023.479    13.6549   4.549580     2.3258     0.1936  1.7727412  13.631662    13.6256    38.6011    29.0540     3.4501    149.732 0.0000e+00
    199.464   1024.479    13.6561   4.549725     2.3260     0.1891  1.7727920  13.628927    13.6268    38.6012    29.0538     3.4516    149.797 0.0000e+00
    199.471   1025.479    13.6492   4.548791     2.3255     0.1976  1.7720798  13.629610    13.6199    38.5993    29.0538     3.4515    149.793 0.0000e+00
    199.522   1026.479    13.6504   4.548951     2.3261     0.2009  1.7714693  13.631662    13.6211    38.5996    29.0538     3.4534    149.876 0.0000e+00
    199.610   1027.479    13.6525   4.549285     2.3258     0.1922  1.7715710  13.632346    13.6232    38.6006    29.0541     3.4517    149.800 0.0000e+00
    199.640   1028.479    13.6561   4.549756     2.3263     0.1990  1.7721815  13.630978    13.6268    38.6014    29.0540     3.4566    150.015 0.0000e+00
    199.613   1029.479    13.6544   4.549491     2.3279     0.2061  1.7722833  13.632346    13.6251    38.6007    29.0538     3.4587    150.106 0.0000e+00
    199.577   1030.479    13.6536   4.549386     2.3278     0.1956  1.7723342  13.632346    13.6243    38.6004    29.0538     3.4552    149.950 0.0000e+00
    199.417   1031.479    13.6532   4.549358     2.3274     0.1921  1.7727412  13.633713    13.6239    38.6006    29.0540     3.4521    149.819 0.0000e+00
