Boussole/Data/SBEMOOSE/Work/cnv/bous234_03.cnv
* Sea-Bird SBE 9 Data File:
* FileName = C:\boussole\202109\bous234_03.hdr
* Software Version Seasave V 7.23.2
* Temperature SN = 1378
* Conductivity SN = 2929
* Number of Bytes Per Scan = 34
* Number of Voltage Words = 3
* Number of Scans Averaged by the Deck Unit = 1
* NMEA Latitude = 43 22.09 N
* NMEA Longitude = 007 54.02 E
* NMEA UTC (Time) = Sep 14 2021  09:06:31
* NMEA baud rate = 4800
** Campagne = BOUSSOLE 234
** Navire = Tethys II
** Station = BOUS234_03
** Date = 14/09/2021
** Heure debut [TU] = 09:06
** Heure fin [TU] = 10:30
** Heure locale / TU = +2
** Latitude = 43 22.097 N
** Longitude = 007 54.030 E
** Heure meteo [TU] = 09:04
** T air sec [deg C] = 23.7
** T mer [deg C] =
** Vent [noeuds, degres] = 3.3, 222
** Pression atm [hpa] = 1017.9
** Humidite [%] = 87.5
** Nebulosite [octas] = 7
** Etat de la mer [code S] = 2
# nquan = 14
# nvalues = 5043                        
# units = specified
# name 0 = prDM: Pressure, Digiquartz [db]
# name 1 = timeS: Time, Elapsed [seconds]
# name 2 = t090C: Temperature [ITS-90, deg C]
# name 3 = c0S/m: Conductivity [S/m]
# name 4 = sbeox0V: Oxygen raw, SBE 43 [V]
# name 5 = flC: Fluorescence, Chelsea Aqua 3 Chl Con [ug/l]
# name 6 = upoly0: Upoly 0, RINKOIII_DO
# name 7 = upoly1: Upoly 1, RINKOIII_Temp
# name 8 = potemp090C: Potential Temperature [ITS-90, deg C]
# name 9 = sal00: Salinity, Practical [PSU]
# name 10 = sigma-é00: Density [sigma-theta, kg/m^3]
# name 11 = sbeox0ML/L: Oxygen, SBE 43 [ml/l], WS = 2
# name 12 = sbox0Mm/Kg: Oxygen, SBE 43 [umol/kg], WS = 2
# name 13 = flag: flag
# span 0 =      0.238,    404.206       
# span 1 =      0.479,   5042.250       
# span 2 =    13.6102,    23.7858       
# span 3 =   0.760677,   5.633536       
# span 4 =     2.4229,     4.1219       
# span 5 =     0.1386,     0.9503       
# span 6 =  1.2691291,  1.8155270       
# span 7 =  13.597468,  23.777758       
# span 8 =    13.5507,    23.7855       
# span 9 =     4.3087,    38.6595       
# span 10 =     0.6039,    29.0886      
# span 11 =     3.4779,     6.3624      
# span 12 =    151.340,    276.484      
# span 13 = 0.0000e+00, 0.0000e+00      
# interval = seconds: 1                 
# start_time = Sep 14 2021 09:06:31 [NMEA time, header]
# bad_flag = -9.990e-29
*END*
[from data line 620]
    349.072    620.479    13.6828   4.563722     2.4453     0.1596  1.8103887  13.678842    13.6312    38.6402    29.0831     3.7277    161.773 0.0000e+00
    349.708    621.479    13.6811   4.563547     2.4443     0.1679  1.8104904  13.674740    13.6295    38.6399    29.0833     3.7201    161.444 0.0000e+00
    350.300    622.479    13.6804   4.563491     2.4429     0.1596  1.8100834  13.674740    13.6286    38.6399    29.0834     3.7203    161.454 0.0000e+00
    350.891    623.479    13.6795   4.563416     2.4430     0.1533  1.8102361  13.669954    13.6277    38.6398    29.0835     3.7246    161.639 0.0000e+00
    351.595    624.479    13.6776   4.563197     2.4432     0.1636  1.8103887  13.667219    13.6257    38.6393    29.0836     3.7223    161.541 0.0000e+00
    352.175    625.479    13.6766   4.563101     2.4424     0.1682  1.8104904  13.666535    13.6246    38.6391    29.0837     3.7208    161.475 0.0000e+00
    352.636    626.479    13.6764   4.563099     2.4420     0.1565  1.8102869  13.669270    13.6243    38.6392    29.0838     3.7237    161.599 0.0000e+00
    353.354    627.479    13.6754   4.563017     2.4433     0.1515  1.8103378  13.666535    13.6232    38.6390    29.0839     3.7246    161.639 0.0000e+00
    354.094    628.479    13.6750   4.563002     2.4412     0.1534  1.8104396  13.667219    13.6227    38.6390    29.0840     3.7166    161.291 0.0000e+00
    354.567    629.479    13.6746   4.562959     2.4415     0.1611  1.8103378  13.665851    13.6222    38.6388    29.0839     3.7235    161.593 0.0000e+00
    355.108    630.479    13.6746   4.562976     2.4414     0.1636  1.8106431  13.664484    13.6221    38.6387    29.0839     3.7198    161.429 0.0000e+00
    355.811    631.479    13.6738   4.562908     2.4401     0.1460  1.8109483  13.664484    13.6212    38.6385    29.0840     3.7129    161.134 0.0000e+00
    356.500    632.479    13.6697   4.562417     2.4380     0.1483  1.8105922  13.664484    13.6170    38.6377    29.0842     3.7135    161.159 0.0000e+00
    356.993    633.479    13.6689   4.562335     2.4381     0.1591  1.8105922  13.664484    13.6162    38.6375    29.0842     3.7158    161.259 0.0000e+00
    357.535    634.479    13.6682   4.562293     2.4378     0.1704  1.8106939  13.665168    13.6154    38.6375    29.0844     3.7195    161.417 0.0000e+00
    358.255    635.479    13.6678   4.562257     2.4399     0.1750  1.8108974  13.661749    13.6149    38.6373    29.0843     3.7283    161.799 0.0000e+00
    358.832    636.479    13.6664   4.562088     2.4412     0.1634  1.8111009  13.664484    13.6134    38.6369    29.0843     3.7259    161.694 0.0000e+00
    359.380    637.479    13.6642   4.561847     2.4408     0.1695  1.8109992  13.663116    13.6111    38.6365    29.0846     3.7207    161.471 0.0000e+00
    360.078    638.479    13.6625   4.561651     2.4396     0.1590  1.8111518  13.656279    13.6093    38.6361    29.0846     3.7183    161.367 0.0000e+00
    360.650    639.479    13.6618   4.561595     2.4394     0.1608  1.8113553  13.663116    13.6085    38.6360    29.0847     3.7259    161.696 0.0000e+00
    361.142    640.479    13.6619   4.561623     2.4413     0.1613  1.8112027  13.654911    13.6086    38.6359    29.0846     3.7293    161.842 0.0000e+00
    361.768    641.479    13.6613   4.561579     2.4409     0.1608  1.8117623  13.650124    13.6079    38.6358    29.0847     3.7203    161.452 0.0000e+00
    362.426    642.479    13.6609   4.561561     2.4388     0.1621  1.8115588  13.652176    13.6073    38.6358    29.0848     3.7160    161.265 0.0000e+00
    363.103    643.479    13.6609   4.561608     2.4382     0.1540  1.8116097  13.652860    13.6073    38.6359    29.0849     3.7173    161.324 0.0000e+00
    363.744    644.479    13.6606   4.561591     2.4368     0.1539  1.8116097  13.650808    13.6068    38.6358    29.0849     3.7138    161.168 0.0000e+00
    364.116    645.479    13.6607   4.561616     2.4365     0.1450  1.8115588  13.652176    13.6069    38.6357    29.0848     3.7188    161.390 0.0000e+00
    364.694    646.479    13.6599   4.561537     2.4374     0.1561  1.8115079  13.652860    13.6061    38.6355    29.0848     3.7247    161.645 0.0000e+00
    365.568    647.479    13.6581   4.561334     2.4387     0.1697  1.8117623  13.648757    13.6041    38.6351    29.0849     3.7229    161.563 0.0000e+00
    366.139    648.479    13.6576   4.561307     2.4380     0.1749  1.8120675  13.648073    13.6035    38.6351    29.0850     3.7228    161.560 0.0000e+00
    366.497    649.479    13.6579   4.561356     2.4391     0.1655  1.8115079  13.649441    13.6038    38.6350    29.0850     3.7274    161.761 0.0000e+00
    367.230    650.479    13.6558   4.561136     2.4395     0.1710  1.8119149  13.647389    13.6016    38.6347    29.0851     3.7260    161.700 0.0000e+00
    368.048    651.479    13.6529   4.560818     2.4395     0.1735  1.8119149  13.648073    13.5986    38.6342    29.0854     3.7227    161.558 0.0000e+00
    368.412    652.479    13.6527   4.560797     2.4380     0.1709  1.8121184  13.647389    13.5983    38.6341    29.0854     3.7215    161.504 0.0000e+00
    368.814    653.479    13.6520   4.560717     2.4381     0.1613  1.8120167  13.645338    13.5975    38.6339    29.0854     3.7211    161.485 0.0000e+00
    369.696    654.479    13.6488   4.560381     2.4371     0.1607  1.8119658  13.646022    13.5943    38.6334    29.0858     3.7221    161.532 0.0000e+00
    370.497    655.479    13.6481   4.560315     2.4378     0.1543  1.8118641  13.639868    13.5934    38.6333    29.0858     3.7238    161.604 0.0000e+00
    370.764    656.479    13.6495   4.560496     2.4365     0.1538  1.8120167  13.636449    13.5947    38.6334    29.0857     3.7167    161.296 0.0000e+00
    371.217    657.479    13.6485   4.560386     2.4359     0.1624  1.8119658  13.637816    13.5937    38.6331    29.0856     3.7206    161.468 0.0000e+00
    372.160    658.479    13.6475   4.560305     2.4364     0.1658  1.8124237  13.635081    13.5925    38.6330    29.0858     3.7211    161.486 0.0000e+00
    372.856    659.479    13.6469   4.560267     2.4351     0.1628  1.8121693  13.633713    13.5918    38.6329    29.0858     3.7169    161.305 0.0000e+00
    373.055    660.479    13.6474   4.560325     2.4355     0.1570  1.8126272  13.631662    13.5923    38.6328    29.0857     3.7237    161.598 0.0000e+00
    373.689    661.479    13.6473   4.560334     2.4362     0.1495  1.8124746  13.635081    13.5921    38.6328    29.0857     3.7240    161.611 0.0000e+00
    374.695    662.479    13.6461   4.560251     2.4365     0.1660  1.8124745  13.631662    13.5908    38.6327    29.0859     3.7245    161.635 0.0000e+00
    375.212    663.479    13.6464   4.560300     2.4367     0.1580  1.8126272  13.631662    13.5910    38.6327    29.0859     3.7202    161.449 0.0000e+00
    375.418    664.479    13.6467   4.560341     2.4337     0.1614  1.8128815  13.632346    13.5913    38.6327    29.0858     3.7078    160.912 0.0000e+00
    376.120    665.479    13.6466   4.560359     2.4327     0.1565  1.8128307  13.631662    13.5910    38.6327    29.0858     3.7198    161.432 0.0000e+00
    377.023    666.479    13.6467   4.560430     2.4345     0.1626  1.8128815  13.631662    13.5910    38.6328    29.0860     3.7231    161.572 0.0000e+00
    377.448    667.479    13.6468   4.560450     2.4341     0.1664  1.8128815  13.631662    13.5911    38.6327    29.0859     3.7178    161.345 0.0000e+00
    377.889    668.479    13.6471   4.560496     2.4337     0.1615  1.8127289  13.632346    13.5913    38.6326    29.0858     3.7177    161.339 0.0000e+00
    378.668    669.479    13.6437   4.560111     2.4336     0.1576  1.8126780  13.631662    13.5878    38.6320    29.0861     3.7211    161.488 0.0000e+00
    379.350    670.479    13.6423   4.559975     2.4343     0.1512  1.8128307  13.636449    13.5863    38.6319    29.0863     3.7251    161.662 0.0000e+00
    379.902    671.479    13.6422   4.559965     2.4357     0.1598  1.8128307  13.633713    13.5861    38.6316    29.0861     3.7266    161.727 0.0000e+00
    380.511    672.479    13.6409   4.559835     2.4349     0.1695  1.8128307  13.631662    13.5847    38.6314    29.0862     3.7186    161.376 0.0000e+00
    381.158    673.479    13.6388   4.559623     2.4340     0.1654  1.8128816  13.631662    13.5826    38.6312    29.0865     3.7197    161.427 0.0000e+00
    381.813    674.479    13.6383   4.559573     2.4329     0.1594  1.8129833  13.629610    13.5819    38.6310    29.0865     3.7165    161.290 0.0000e+00
    382.479    675.479    13.6379   4.559555     2.4324     0.1512  1.8127798  13.630294    13.5814    38.6309    29.0865     3.7184    161.371 0.0000e+00
    383.082    676.479    13.6371   4.559470     2.4326     0.1633  1.8127289  13.631662    13.5805    38.6306    29.0865     3.7239    161.608 0.0000e+00
    383.710    677.479    13.6364   4.559424     2.4343     0.1572  1.8129833  13.629610    13.5797    38.6306    29.0867     3.7285    161.809 0.0000e+00
    384.275    678.479    13.6361   4.559404     2.4345     0.1604  1.8131359  13.631662    13.5794    38.6305    29.0866     3.7217    161.513 0.0000e+00
    384.808    679.479    13.6348   4.559261     2.4333     0.1563  1.8132885  13.628927    13.5780    38.6302    29.0867     3.7211    161.487 0.0000e+00
    385.616    680.479    13.6338   4.559174     2.4335     0.1609  1.8129833  13.625507    13.5769    38.6300    29.0868     3.7222    161.536 0.0000e+00
    386.255    681.479    13.6329   4.559081     2.4328     0.1573  1.8128815  13.622772    13.5759    38.6298    29.0869     3.7185    161.376 0.0000e+00
    386.564    682.479    13.6328   4.559063     2.4315     0.1625  1.8129324  13.622088    13.5757    38.6296    29.0867     3.7170    161.309 0.0000e+00
    387.253    683.479    13.6321   4.559026     2.4313     0.1640  1.8132377  13.624139    13.5750    38.6296    29.0869     3.7178    161.341 0.0000e+00
    388.109    684.479    13.6313   4.558976     2.4298     0.1559  1.8130850  13.622088    13.5740    38.6296    29.0871     3.7088    160.955 0.0000e+00
    388.581    685.479    13.6312   4.558990     2.4281     0.1497  1.8128815  13.620036    13.5739    38.6295    29.0871     3.7153    161.235 0.0000e+00
    388.974    686.479    13.6314   4.559012     2.4300     0.1539  1.8130342  13.616617    13.5740    38.6294    29.0869     3.7241    161.618 0.0000e+00
    389.833    687.479    13.6311   4.559024     2.4315     0.1611  1.8130850  13.619352    13.5736    38.6294    29.0870     3.7240    161.612 0.0000e+00
    390.629    688.479    13.6296   4.558863     2.4310     0.1706  1.8131359  13.615933    13.5719    38.6291    29.0871     3.7177    161.341 0.0000e+00
    390.932    689.479    13.6297   4.558881     2.4305     0.1627  1.8132885  13.615249    13.5719    38.6290    29.0871     3.7204    161.458 0.0000e+00
    391.534    690.479    13.6292   4.558860     2.4313     0.1559  1.8133903  13.615933    13.5714    38.6290    29.0872     3.7270    161.741 0.0000e+00
    392.413    691.479    13.6265   4.558553     2.4327     0.1613  1.8130342  13.616617    13.5686    38.6284    29.0873     3.7276    161.768 0.0000e+00
    393.020    692.479    13.6250   4.558413     2.4325     0.1692  1.8133903  13.615933    13.5670    38.6283    29.0876     3.7256    161.682 0.0000e+00
    393.531    693.479    13.6247   4.558374     2.4327     0.1693  1.8132886  13.615933    13.5666    38.6280    29.0875     3.7213    161.495 0.0000e+00
    394.187    694.479    13.6240   4.558325     2.4298     0.1735  1.8135429  13.615933    13.5658    38.6280    29.0876     3.7122    161.102 0.0000e+00
    394.858    695.479    13.6236   4.558316     2.4285     0.1710  1.8136955  13.614565    13.5653    38.6280    29.0877     3.7162    161.275 0.0000e+00
    395.494    696.479    13.6225   4.558206     2.4284     0.1693  1.8132886  13.615249    13.5641    38.6278    29.0879     3.7167    161.295 0.0000e+00
    396.099    697.479    13.6219   4.558138     2.4277     0.1609  1.8134412  13.615933    13.5635    38.6274    29.0877     3.7137    161.166 0.0000e+00
    396.755    698.479    13.6200   4.557943     2.4265     0.1686  1.8135429  13.612514    13.5615    38.6272    29.0879     3.7117    161.077 0.0000e+00
    397.411    699.479    13.6201   4.557973     2.4262     0.1815  1.8135429  13.613197    13.5615    38.6271    29.0879     3.7147    161.208 0.0000e+00
    397.933    700.479    13.6193   4.557888     2.4262     0.1749  1.8137464  13.615249    13.5605    38.6269    29.0879     3.7180    161.353 0.0000e+00
    398.635    701.479    13.6182   4.557796     2.4277     0.1699  1.8137464  13.611830    13.5594    38.6268    29.0881     3.7206    161.465 0.0000e+00
    399.485    702.479    13.6178   4.557781     2.4269     0.1696  1.8138482  13.603623    13.5588    38.6267    29.0881     3.7123    161.106 0.0000e+00
    400.035    703.479    13.6178   4.557794     2.4253     0.1654  1.8142552  13.609094    13.5588    38.6265    29.0880     3.7098    160.996 0.0000e+00
    400.424    704.479    13.6178   4.557808     2.4244     0.1708  1.8143060  13.610462    13.5587    38.6265    29.0880     3.7083    160.933 0.0000e+00
    401.208    705.479    13.6154   4.557538     2.4230     0.1645  1.8144078  13.607043    13.5562    38.6260    29.0881     3.7068    160.865 0.0000e+00
    401.968    706.479    13.6132   4.557293     2.4229     0.1621  1.8142043  13.602255    13.5539    38.6256    29.0883     3.7137    161.165 0.0000e+00
    402.194    707.479    13.6149   4.557500     2.4243     0.1679  1.8146113  13.601572    13.5555    38.6257    29.0880     3.7160    161.265 0.0000e+00
    402.339    708.479    13.6134   4.557336     2.4245     0.1721  1.8142552  13.599520    13.5540    38.6256    29.0883     3.7171    161.315 0.0000e+00
    402.696    709.479    13.6131   4.557287     2.4259     0.1890  1.8145095  13.602255    13.5536    38.6253    29.0881     3.7218    161.518 0.0000e+00
    403.183    710.479    13.6125   4.557250     2.4270     0.1721  1.8143569  13.598836    13.5530    38.6253    29.0883     3.7233    161.582 0.0000e+00
    403.276    711.479    13.6122   4.557215     2.4274     0.1646  1.8142043  13.599520    13.5527    38.6253    29.0883     3.7173    161.324 0.0000e+00
    403.125    712.479    13.6116   4.557135     2.4254     0.1690  1.8144078  13.599520    13.5521    38.6252    29.0883     3.7105    161.027 0.0000e+00
    403.564    713.479    13.6115   4.557156     2.4245     0.1651  1.8141534  13.598836    13.5520    38.6253    29.0884     3.7156    161.250 0.0000e+00
    404.151    714.479    13.6124   4.557275     2.4260     0.1620  1.8147130  13.599520    13.5528    38.6252    29.0882     3.7219    161.521 0.0000e+00
    403.985    715.479    13.6124   4.557261     2.4257     0.1615  1.8144078  13.599520    13.5528    38.6252    29.0882     3.7160    161.264 0.0000e+00
    403.618    716.479    13.6121   4.557228     2.4258     0.1625  1.8141534  13.598152    13.5525    38.6254    29.0884     3.7180    161.354 0.0000e+00
    404.010    717.479    13.6121   4.557264     2.4259     0.1734  1.8146113  13.598152    13.5525    38.6255    29.0885     3.7186    161.380 0.0000e+00
    404.206    718.479    13.6123   4.557283     2.4261     0.1785  1.8143060  13.598836    13.5527    38.6254    29.0884     3.7198    161.432 0.0000e+00
    403.843    719.479    13.6120   4.557215     2.4267     0.1819  1.8144078  13.599520    13.5524    38.6252    29.0883     3.7233    161.582 0.0000e+00
    403.715    720.479    13.6119   4.557202     2.4282     0.1801  1.8146113  13.598836    13.5523    38.6252    29.0884     3.7275    161.767 0.0000e+00
    403.996    721.479    13.6123   4.557263     2.4290     0.1715  1.8142552  13.598836    13.5527    38.6253    29.0883     3.7259    161.697 0.0000e+00
