Boussole/Data/SBEMOOSE/Work/cnv/bous226_02.cnv
* Sea-Bird SBE 9 Data File:
* FileName = C:\boussole\202101\bous226_02.hdr
* Software Version Seasave V 7.23.2
* Temperature SN = 2473
* Conductivity SN = 2929
* Number of Bytes Per Scan = 30
* Number of Voltage Words = 4
* Number of Scans Averaged by the Deck Unit = 1
* NMEA baud rate = 4800
** Navire
** Station:
** Date
** Heure debut [TU]
** Heure fin [TU]
** Heure locale / TU = +0
** Latitude
** Longitude
** Heure meteo [TU]
** T air sec [deg C]
** T mer [deg C]
** Vent [noeuds, degres]
# nquan = 14
# nvalues = 1958                        
# units = specified
# name 0 = prDM: Pressure, Digiquartz [db]
# name 1 = timeS: Time, Elapsed [seconds]
# name 2 = t090C: Temperature [ITS-90, deg C]
# name 3 = c0S/m: Conductivity [S/m]
# name 4 = sbeox0V: Oxygen raw, SBE 43 [V]
# name 5 = flC: Fluorescence, Chelsea Aqua 3 Chl Con [ug/l]
# name 6 = upoly0: Upoly 0, RINKOIII_DO
# name 7 = upoly1: Upoly 1, RINKOIII_Temp
# name 8 = potemp090C: Potential Temperature [ITS-90, deg C]
# name 9 = sal00: Salinity, Practical [PSU]
# name 10 = sigma-é00: Density [sigma-theta, kg/m^3]
# name 11 = sbeox0ML/L: Oxygen, SBE 43 [ml/l], WS = 2
# name 12 = sbox0Mm/Kg: Oxygen, SBE 43 [umol/kg], WS = 2
# name 13 = flag: flag
# span 0 =      0.073,    503.529       
# span 1 =      0.479,   1957.042       
# span 2 =    13.1736,    14.3357       
# span 3 =   0.967355,   4.611431       
# span 4 =     2.2129,     2.9711       
# span 5 =     0.1038,     0.7626       
# span 6 =  1.5331705,  1.8446784       
# span 7 =  12.854869,  14.312546       
# span 8 =    13.1736,    14.3230       
# span 9 =     7.2224,    38.6745       
# span 10 =     4.9304,    29.0888      
# span 11 =     3.3186,     5.9121      
# span 12 =    144.022,    262.307      
# span 13 = 0.0000e+00, 0.0000e+00      
# interval = seconds: 1                 
# start_time = Jan 18 2021 13:10:08 [System UTC, header]
# bad_flag = -9.990e-29
*END*
[from data line 826]
    503.218    826.479    13.6170   4.562164     2.2169     0.1512  1.8416768  13.599520    13.5425    38.6231    29.0888     3.3518    145.462 0.0000e+00
    503.372    827.479    13.6184   4.562339     2.2163     0.1499  1.8416259  13.600204    13.5438    38.6233    29.0886     3.3457    145.196 0.0000e+00
    502.708    828.479    13.6190   4.562372     2.2150     0.1380  1.8410663  13.598836    13.5445    38.6233    29.0885     3.3436    145.106 0.0000e+00
    502.813    829.479    13.6186   4.562360     2.2145     0.1422  1.8413715  13.600204    13.5442    38.6235    29.0887     3.3459    145.205 0.0000e+00
    503.148    830.479    13.6199   4.562517     2.2151     0.1440  1.8412698  13.599520    13.5454    38.6235    29.0885     3.3486    145.321 0.0000e+00
    502.619    831.479    13.6193   4.562400     2.2155     0.1276  1.8414224  13.599520    13.5449    38.6233    29.0884     3.3478    145.287 0.0000e+00
    502.663    832.479    13.6192   4.562407     2.2152     0.1316  1.8413207  13.598836    13.5448    38.6234    29.0885     3.3455    145.185 0.0000e+00
    502.710    833.479    13.6189   4.562358     2.2145     0.1361  1.8413207  13.599520    13.5445    38.6232    29.0884     3.3445    145.144 0.0000e+00
    503.200    834.479    13.6177   4.562241     2.2148     0.1424  1.8414224  13.600204    13.5432    38.6231    29.0886     3.3489    145.334 0.0000e+00
    503.487    835.479    13.6176   4.562260     2.2157     0.1469  1.8413715  13.599520    13.5430    38.6233    29.0888     3.3500    145.382 0.0000e+00
    502.723    836.479    13.6187   4.562320     2.2159     0.1377  1.8413207  13.600204    13.5442    38.6231    29.0884     3.3511    145.430 0.0000e+00
    502.370    837.479    13.6186   4.562313     2.2170     0.1336  1.8413715  13.599520    13.5442    38.6232    29.0885     3.3527    145.499 0.0000e+00
    502.899    838.479    13.6182   4.562287     2.2168     0.1194  1.8415242  13.599520    13.5437    38.6232    29.0886     3.3488    145.329 0.0000e+00
    503.048    839.479    13.6182   4.562293     2.2162     0.1185  1.8415750  13.600204    13.5437    38.6231    29.0886     3.3473    145.267 0.0000e+00
    502.796    840.479    13.6187   4.562342     2.2158     0.1320  1.8413207  13.601572    13.5443    38.6232    29.0885     3.3477    145.284 0.0000e+00
    503.182    841.479    13.6179   4.562265     2.2156     0.1445  1.8413207  13.598836    13.5434    38.6231    29.0886     3.3468    145.244 0.0000e+00
    503.311    842.479    13.6180   4.562273     2.2153     0.1647  1.8414224  13.599520    13.5435    38.6231    29.0886     3.3477    145.283 0.0000e+00
    502.755    843.479    13.6184   4.562315     2.2156     0.1521  1.8413207  13.600888    13.5440    38.6233    29.0886     3.3496    145.365 0.0000e+00
    502.776    844.479    13.6184   4.562303     2.2163     0.1368  1.8409645  13.600204    13.5439    38.6232    29.0886     3.3532    145.520 0.0000e+00
    502.989    845.479    13.6178   4.562240     2.2172     0.1343  1.8412189  13.598836    13.5433    38.6231    29.0886     3.3526    145.495 0.0000e+00
    502.525    846.479    13.6184   4.562282     2.2169     0.1395  1.8412189  13.599520    13.5439    38.6231    29.0885     3.3479    145.290 0.0000e+00
    502.469    847.479    13.6181   4.562260     2.2159     0.1344  1.8411172  13.600888    13.5437    38.6232    29.0886     3.3456    145.190 0.0000e+00
    503.297    848.479    13.6169   4.562149     2.2154     0.1377  1.8414733  13.599520    13.5424    38.6230    29.0888     3.3467    145.241 0.0000e+00
    503.329    849.479    13.6176   4.562233     2.2152     0.1358  1.8414733  13.599520    13.5431    38.6231    29.0887     3.3471    145.257 0.0000e+00
    503.064    850.479    13.6182   4.562298     2.2153     0.1277  1.8412189  13.600204    13.5437    38.6232    29.0886     3.3477    145.280 0.0000e+00
    503.087    851.479    13.6182   4.562289     2.2154     0.1358  1.8412698  13.599520    13.5437    38.6231    29.0885     3.3484    145.312 0.0000e+00
    502.716    852.479    13.6182   4.562274     2.2155     0.1319  1.8412698  13.599520    13.5438    38.6231    29.0886     3.3464    145.227 0.0000e+00
    502.808    853.479    13.6176   4.562203     2.2147     0.1422  1.8413207  13.599520    13.5431    38.6230    29.0886     3.3452    145.176 0.0000e+00
    502.960    854.479    13.6170   4.562143     2.2152     0.1422  1.8412189  13.600204    13.5425    38.6230    29.0887     3.3483    145.308 0.0000e+00
    502.939    855.479    13.6172   4.562163     2.2151     0.1529  1.8410663  13.600204    13.5427    38.6230    29.0886     3.3478    145.287 0.0000e+00
    502.844    856.479    13.6174   4.562182     2.2157     0.1519  1.8411172  13.600888    13.5430    38.6230    29.0886     3.3504    145.398 0.0000e+00
    503.336    857.479    13.6168   4.562130     2.2162     0.1477  1.8413207  13.598836    13.5423    38.6229    29.0887     3.3507    145.414 0.0000e+00
    502.858    858.479    13.6175   4.562173     2.2161     0.1479  1.8415242  13.600204    13.5430    38.6228    29.0885     3.3473    145.263 0.0000e+00
    502.208    859.479    13.6178   4.562200     2.2153     0.1351  1.8412698  13.599520    13.5434    38.6231    29.0886     3.3455    145.185 0.0000e+00
    502.628    860.479    13.6174   4.562189     2.2154     0.1329  1.8412698  13.600204    13.5430    38.6232    29.0887     3.3487    145.324 0.0000e+00
    502.988    861.479    13.6174   4.562189     2.2155     0.1421  1.8413207  13.599520    13.5430    38.6230    29.0886     3.3487    145.326 0.0000e+00
    502.397    862.479    13.6180   4.562242     2.2160     0.1455  1.8413207  13.599520    13.5435    38.6232    29.0886     3.3500    145.383 0.0000e+00
    502.380    863.479    13.6178   4.562219     2.2160     0.1521  1.8413715  13.599520    13.5434    38.6231    29.0886     3.3501    145.385 0.0000e+00
    502.468    864.479    13.6180   4.562241     2.2167     0.1354  1.8411680  13.600204    13.5436    38.6231    29.0886     3.3507    145.414 0.0000e+00
    502.963    865.479    13.6177   4.562222     2.2164     0.1401  1.8413207  13.600204    13.5432    38.6230    29.0886     3.3501    145.387 0.0000e+00
    503.286    866.479    13.6171   4.562178     2.2169     0.1392  1.8416259  13.600204    13.5426    38.6231    29.0888     3.3526    145.497 0.0000e+00
    503.099    867.479    13.6183   4.562306     2.2170     0.1413  1.8413715  13.598836    13.5438    38.6231    29.0885     3.3504    145.400 0.0000e+00
    502.523    868.479    13.6179   4.562214     2.2168     0.1471  1.8413715  13.598836    13.5434    38.6230    29.0885     3.3509    145.419 0.0000e+00
    502.136    869.479    13.6178   4.562200     2.2171     0.1543  1.8413207  13.600204    13.5435    38.6230    29.0885     3.3513    145.437 0.0000e+00
    502.275    870.479    13.6176   4.562185     2.2168     0.1533  1.8416259  13.600888    13.5432    38.6231    29.0886     3.3495    145.361 0.0000e+00
    502.662    871.479    13.6172   4.562154     2.2168     0.1400  1.8412698  13.600204    13.5428    38.6230    29.0887     3.3515    145.448 0.0000e+00
    503.138    872.479    13.6176   4.562221     2.2169     0.1368  1.8417277  13.602255    13.5431    38.6230    29.0886     3.3491    145.343 0.0000e+00
    503.361    873.479    13.6170   4.562156     2.2160     0.1361  1.8413715  13.598836    13.5425    38.6230    29.0887     3.3466    145.232 0.0000e+00
    502.855    874.479    13.6174   4.562177     2.2152     0.1229  1.8414733  13.598836    13.5430    38.6229    29.0885     3.3456    145.189 0.0000e+00
    502.608    875.479    13.6173   4.562156     2.2152     0.1426  1.8413715  13.599520    13.5429    38.6230    29.0886     3.3472    145.262 0.0000e+00
    502.584    876.479    13.6170   4.562123     2.2152     0.1399  1.8414224  13.599520    13.5426    38.6230    29.0887     3.3474    145.271 0.0000e+00
    502.515    877.479    13.6170   4.562129     2.2155     0.1313  1.8412698  13.598836    13.5426    38.6230    29.0887     3.3506    145.409 0.0000e+00
    502.372    878.479    13.6170   4.562125     2.2168     0.1330  1.8412698  13.598836    13.5426    38.6230    29.0887     3.3537    145.544 0.0000e+00
    502.426    879.479    13.6171   4.562131     2.2172     0.1420  1.8413207  13.599520    13.5427    38.6230    29.0886     3.3528    145.501 0.0000e+00
    502.940    880.479    13.6170   4.562134     2.2175     0.1309  1.8414224  13.599520    13.5425    38.6229    29.0886     3.3537    145.543 0.0000e+00
    503.147    881.479    13.6169   4.562150     2.2178     0.1243  1.8417785  13.600204    13.5424    38.6230    29.0888     3.3524    145.488 0.0000e+00
    503.179    882.479    13.6170   4.562156     2.2173     0.1176  1.8414224  13.598836    13.5425    38.6230    29.0888     3.3505    145.402 0.0000e+00
    503.064    883.479    13.6173   4.562173     2.2169     0.1209  1.8414224  13.599520    13.5428    38.6229    29.0886     3.3485    145.318 0.0000e+00
    502.391    884.479    13.6176   4.562185     2.2160     0.1315  1.8413715  13.600888    13.5432    38.6230    29.0886     3.3475    145.275 0.0000e+00
    502.085    885.479    13.6177   4.562186     2.2161     0.1314  1.8413207  13.598836    13.5433    38.6231    29.0886     3.3507    145.411 0.0000e+00
    502.605    886.479    13.6175   4.562192     2.2169     0.1361  1.8414733  13.600204    13.5430    38.6231    29.0887     3.3525    145.489 0.0000e+00
    502.981    887.479    13.6174   4.562205     2.2170     0.1219  1.8414733  13.600888    13.5429    38.6231    29.0887     3.3509    145.421 0.0000e+00
    502.858    888.479    13.6179   4.562235     2.2167     0.1219  1.8413715  13.598836    13.5434    38.6230    29.0885     3.3494    145.357 0.0000e+00
    502.588    889.479    13.6180   4.562242     2.2165     0.1346  1.8413715  13.600888    13.5436    38.6231    29.0886     3.3490    145.337 0.0000e+00
    502.985    890.479    13.6179   4.562264     2.2162     0.1409  1.8412698  13.599520    13.5434    38.6232    29.0887     3.3492    145.347 0.0000e+00
    502.965    891.479    13.6181   4.562282     2.2165     0.1217  1.8413715  13.599520    13.5437    38.6231    29.0886     3.3513    145.438 0.0000e+00
    502.699    892.479    13.6182   4.562286     2.2167     0.1157  1.8414733  13.600204    13.5438    38.6233    29.0886     3.3509    145.423 0.0000e+00
    502.638    893.479    13.6182   4.562276     2.2169     0.1234  1.8415242  13.599520    13.5438    38.6232    29.0886     3.3505    145.404 0.0000e+00
    502.501    894.479    13.6182   4.562273     2.2165     0.1197  1.8411172  13.599520    13.5438    38.6232    29.0886     3.3485    145.317 0.0000e+00
    502.842    895.479    13.6184   4.562306     2.2162     0.1331  1.8412698  13.600204    13.5439    38.6232    29.0886     3.3477    145.281 0.0000e+00
    503.186    896.479    13.6175   4.562217     2.2157     0.1369  1.8414733  13.600204    13.5430    38.6231    29.0887     3.3473    145.265 0.0000e+00
    502.412    897.479    13.6186   4.562307     2.2156     0.1340  1.8412189  13.599520    13.5442    38.6232    29.0885     3.3477    145.282 0.0000e+00
    501.930    898.479    13.6186   4.562299     2.2155     0.1287  1.8414224  13.600888    13.5443    38.6233    29.0886     3.3467    145.238 0.0000e+00
    502.489    899.479    13.6187   4.562342     2.2152     0.1377  1.8414733  13.598836    13.5443    38.6234    29.0886     3.3473    145.265 0.0000e+00
    503.249    900.479    13.6172   4.562185     2.2159     0.1360  1.8417785  13.598836    13.5427    38.6231    29.0888     3.3508    145.417 0.0000e+00
    502.552    901.479    13.6189   4.562351     2.2160     0.1444  1.8415242  13.599520    13.5444    38.6233    29.0885     3.3491    145.345 0.0000e+00
    502.479    902.479    13.6189   4.562362     2.2162     0.1473  1.8414733  13.598836    13.5445    38.6233    29.0885     3.3488    145.328 0.0000e+00
    502.795    903.479    13.6189   4.562361     2.2158     0.1314  1.8413715  13.600888    13.5444    38.6233    29.0885     3.3478    145.287 0.0000e+00
    502.465    904.479    13.6190   4.562374     2.2160     0.1218  1.8415750  13.600888    13.5446    38.6234    29.0886     3.3496    145.365 0.0000e+00
    502.679    905.479    13.6191   4.562410     2.2163     0.1210  1.8417277  13.600888    13.5447    38.6235    29.0887     3.3502    145.390 0.0000e+00
    502.935    906.479    13.6189   4.562397     2.2166     0.1313  1.8414224  13.599520    13.5444    38.6235    29.0886     3.3518    145.459 0.0000e+00
    503.245    907.479    13.6169   4.562137     2.2169     0.1364  1.8414733  13.600888    13.5424    38.6229    29.0887     3.3508    145.419 0.0000e+00
    502.907    908.479    13.6189   4.562377     2.2165     0.1374  1.8419820  13.598836    13.5444    38.6234    29.0886     3.3488    145.330 0.0000e+00
    502.373    909.479    13.6192   4.562392     2.2165     0.1374  1.8415750  13.600204    13.5448    38.6234    29.0885     3.3513    145.438 0.0000e+00
    502.774    910.479    13.6178   4.562230     2.2172     0.1361  1.8417785  13.598836    13.5434    38.6231    29.0886     3.3538    145.549 0.0000e+00
    503.176    911.479    13.6173   4.562188     2.2175     0.1515  1.8416259  13.599520    13.5428    38.6230    29.0887     3.3501    145.388 0.0000e+00
    502.435    912.479    13.6189   4.562372     2.2164     0.1440  1.8416259  13.601572    13.5445    38.6234    29.0886     3.3473    145.264 0.0000e+00
    501.816    913.479    13.6196   4.562428     2.2162     0.1349  1.8413715  13.599520    13.5453    38.6235    29.0885     3.3479    145.289 0.0000e+00
    501.310    914.479    13.6196   4.562391     2.2158     0.1324  1.8419820  13.598836    13.5453    38.6235    29.0885     3.3469    145.247 0.0000e+00
    500.221    915.479    13.6207   4.562493     2.2158     0.1343  1.8415242  13.601572    13.5466    38.6238    29.0885     3.3472    145.259 0.0000e+00
    498.521    916.479    13.6229   4.562686     2.2158     0.1372  1.8413715  13.600888    13.5490    38.6242    29.0883     3.3465    145.229 0.0000e+00
    497.055    917.479    13.6231   4.562644     2.2158     0.1343  1.8415242  13.600888    13.5495    38.6242    29.0881     3.3455    145.185 0.0000e+00
    496.078    918.479    13.6227   4.562568     2.2158     0.1349  1.8415750  13.603623    13.5492    38.6243    29.0883     3.3454    145.185 0.0000e+00
    495.244    919.479    13.6231   4.562565     2.2158     0.1451  1.8415242  13.601572    13.5497    38.6243    29.0882     3.3445    145.144 0.0000e+00
    494.572    920.479    13.6226   4.562475     2.2156     0.1276  1.8417277  13.602255    13.5494    38.6242    29.0882     3.3433    145.094 0.0000e+00
    493.729    921.479    13.6234   4.562545     2.2153     0.1406  1.8421855  13.602939    13.5503    38.6244    29.0881     3.3417    145.022 0.0000e+00
    492.670    922.479    13.6243   4.562594     2.2149     0.1418  1.8418294  13.602255    13.5513    38.6245    29.0880     3.3401    144.951 0.0000e+00
    490.762    923.479    13.6258   4.562728     2.2143     0.1358  1.8421855  13.603623    13.5532    38.6251    29.0880     3.3384    144.879 0.0000e+00
    489.131    924.479    13.6264   4.562714     2.2142     0.1403  1.8420838  13.602939    13.5540    38.6250    29.0878     3.3381    144.868 0.0000e+00
    488.637    925.479    13.6262   4.562678     2.2139     0.1453  1.8426434  13.604991    13.5538    38.6252    29.0880     3.3360    144.773 0.0000e+00
    487.971    926.479    13.6266   4.562673     2.2133     0.1401  1.8428469  13.607043    13.5543    38.6250    29.0878     3.3343    144.699 0.0000e+00
    486.846    927.479    13.6262   4.562602     2.2129     0.1410  1.8424399  13.609094    13.5542    38.6252    29.0879     3.3341    144.693 0.0000e+00
    485.570    928.479    13.6271   4.562644     2.2129     0.1481  1.8429487  13.606359    13.5552    38.6253    29.0877     3.3350    144.732 0.0000e+00
