Boussole/Data/SBEMOOSE/Work/cnv/bous228_01.cnv
* Sea-Bird SBE 9 Data File:
* FileName = C:\boussole\202103\bous228_01.hdr
* Software Version Seasave V 7.23.2
* Temperature SN = 2473
* Conductivity SN = 2929
* Number of Bytes Per Scan = 37
* Number of Voltage Words = 4
* Number of Scans Averaged by the Deck Unit = 1
* NMEA Latitude = 43 22.22 N
* NMEA Longitude = 007 53.75 E
* NMEA UTC (Time) = Mar 03 2021  10:55:29
* NMEA baud rate = 4800
** Navire
** Station:
** Date
** Heure debut [TU]
** Heure fin [TU]
** Heure locale / TU = +0
** Latitude
** Longitude
** Heure meteo [TU]
** T air sec [deg C]
** T mer [deg C]
** Vent [noeuds, degres]
# nquan = 14
# nvalues = 533                         
# units = specified
# name 0 = prDM: Pressure, Digiquartz [db]
# name 1 = timeS: Time, Elapsed [seconds]
# name 2 = t090C: Temperature [ITS-90, deg C]
# name 3 = c0S/m: Conductivity [S/m]
# name 4 = sbeox0V: Oxygen raw, SBE 43 [V]
# name 5 = flC: Fluorescence, Chelsea Aqua 3 Chl Con [ug/l]
# name 6 = upoly0: Upoly 0, RINKOIII_DO
# name 7 = upoly1: Upoly 1, RINKOIII_Temp
# name 8 = potemp090C: Potential Temperature [ITS-90, deg C]
# name 9 = sal00: Salinity, Practical [PSU]
# name 10 = sigma-é00: Density [sigma-theta, kg/m^3]
# name 11 = sbeox0ML/L: Oxygen, SBE 43 [ml/l], WS = 2
# name 12 = sbox0Mm/Kg: Oxygen, SBE 43 [umol/kg], WS = 2
# name 13 = flag: flag
# span 0 =      0.875,     50.450       
# span 1 =      0.479,    532.438       
# span 2 =    13.3966,    13.6044       
# span 3 =   4.489958,   4.510629       
# span 4 =     2.9319,     3.0150       
# span 5 =     0.8319,     2.2813       
# span 6 =  1.5258445,  1.5482295       
# span 7 =  13.377824,  13.505804       
# span 8 =    13.3922,    13.6040       
# span 9 =    38.3646,    38.4018       
# span 10 =    28.8779,    28.9457      
# span 11 =     4.6601,     4.8053      
# span 12 =    202.265,    208.575      
# span 13 = 0.0000e+00, 0.0000e+00      
# interval = seconds: 1                 
# start_time = Mar 03 2021 10:55:29 [NMEA time, header]
# bad_flag = -9.990e-29
*END*
[from data line 310]
     49.915    310.479    13.4159   4.496269     2.9377     1.5575  1.5435490  13.399729    13.4087    38.4010    28.9450     4.6797    203.118 0.0000e+00
     50.151    311.479    13.4160   4.496306     2.9381     1.4465  1.5439051  13.399729    13.4088    38.4011    28.9451     4.6754    202.930 0.0000e+00
     50.103    312.479    13.4160   4.496332     2.9378     1.3889  1.5437525  13.401783    13.4088    38.4014    28.9453     4.6735    202.846 0.0000e+00
     49.957    313.479    13.4159   4.496318     2.9372     1.3590  1.5438543  13.401098    13.4087    38.4014    28.9453     4.6716    202.766 0.0000e+00
     50.065    314.479    13.4159   4.496297     2.9367     1.3452  1.5438034  13.399729    13.4087    38.4012    28.9451     4.6745    202.891 0.0000e+00
     50.147    315.479    13.4156   4.496219     2.9384     1.3223  1.5435490  13.400414    13.4084    38.4006    28.9448     4.6818    203.208 0.0000e+00
     50.095    316.479    13.4152   4.496074     2.9399     1.3325  1.5435999  13.401098    13.4080    38.3997    28.9441     4.6812    203.180 0.0000e+00
     50.145    317.479    13.4151   4.496038     2.9393     1.3499  1.5437525  13.397676    13.4079    38.3995    28.9440     4.6751    202.916 0.0000e+00
     50.119    318.479    13.4151   4.496069     2.9385     1.3152  1.5438543  13.400414    13.4079    38.3997    28.9442     4.6743    202.884 0.0000e+00
     50.048    319.479    13.4153   4.496081     2.9374     1.3651  1.5432438  13.399729    13.4080    38.3998    28.9442     4.6698    202.685 0.0000e+00
     50.082    320.479    13.4152   4.496073     2.9361     1.4250  1.5432946  13.401098    13.4080    38.3997    28.9441     4.6706    202.723 0.0000e+00
     50.078    321.479    13.4152   4.496065     2.9366     1.5014  1.5430403  13.399045    13.4080    38.3996    28.9441     4.6740    202.870 0.0000e+00
     50.016    322.479    13.4152   4.496075     2.9368     1.6781  1.5432438  13.399729    13.4080    38.3997    28.9441     4.6734    202.844 0.0000e+00
     50.059    323.479    13.4152   4.496076     2.9372     1.9876  1.5428368  13.399729    13.4080    38.3998    28.9442     4.6754    202.929 0.0000e+00
     50.089    324.479    13.4152   4.496075     2.9377     1.8545  1.5428876  13.398360    13.4080    38.3998    28.9442     4.6760    202.957 0.0000e+00
     50.092    325.479    13.4152   4.496088     2.9377     1.6776  1.5425824  13.400414    13.4080    38.3999    28.9443     4.6722    202.792 0.0000e+00
     50.213    326.479    13.4153   4.496125     2.9362     1.5082  1.5424298  13.398360    13.4081    38.4001    28.9444     4.6685    202.632 0.0000e+00
     50.251    327.479    13.4152   4.496137     2.9357     1.4118  1.5429385  13.401783    13.4080    38.4002    28.9445     4.6699    202.691 0.0000e+00
     50.061    328.479    13.4152   4.496106     2.9354     1.4172  1.5426333  13.401783    13.4080    38.4001    28.9444     4.6661    202.527 0.0000e+00
     49.960    329.479    13.4153   4.496153     2.9332     1.4059  1.5426841  13.397676    13.4081    38.4004    28.9446     4.6601    202.265 0.0000e+00
     50.171    330.479    13.4154   4.496164     2.9325     1.4729  1.5428876  13.399045    13.4082    38.4004    28.9446     4.6627    202.379 0.0000e+00
     50.206    331.479    13.4154   4.496150     2.9322     1.4659  1.5428876  13.400414    13.4082    38.4002    28.9445     4.6658    202.513 0.0000e+00
     49.977    332.479    13.4153   4.496125     2.9339     1.4198  1.5429894  13.401098    13.4081    38.4001    28.9444     4.6694    202.668 0.0000e+00
     49.930    333.479    13.4154   4.496110     2.9332     1.4110  1.5429894  13.401783    13.4082    38.4000    28.9443     4.6640    202.435 0.0000e+00
     50.132    334.479    13.4155   4.496140     2.9339     1.4763  1.5431929  13.398360    13.4083    38.4001    28.9443     4.6708    202.732 0.0000e+00
     50.336    335.479    13.4153   4.496141     2.9349     1.4118  1.5431420  13.398360    13.4080    38.4001    28.9444     4.6699    202.691 0.0000e+00
     50.271    336.479    13.4153   4.496131     2.9345     1.4114  1.5431420  13.400414    13.4080    38.4001    28.9444     4.6673    202.579 0.0000e+00
     50.032    337.479    13.4153   4.496120     2.9343     1.4065  1.5432946  13.398360    13.4081    38.4001    28.9444     4.6680    202.607 0.0000e+00
     49.943    338.479    13.4153   4.496108     2.9346     1.5030  1.5432946  13.400414    13.4081    38.4000    28.9443     4.6685    202.631 0.0000e+00
     50.147    339.479    13.4154   4.496132     2.9347     1.4631  1.5432438  13.396991    13.4082    38.4001    28.9444     4.6708    202.730 0.0000e+00
     50.129    340.479    13.4154   4.496144     2.9356     1.3709  1.5429894  13.401098    13.4082    38.4002    28.9445     4.6713    202.751 0.0000e+00
     49.939    341.479    13.4154   4.496166     2.9353     1.4172  1.5432438  13.401098    13.4082    38.4005    28.9447     4.6694    202.668 0.0000e+00
     50.084    342.479    13.4156   4.496251     2.9355     1.5256  1.5431929  13.399045    13.4084    38.4010    28.9451     4.6719    202.778 0.0000e+00
     50.324    343.479    13.4158   4.496288     2.9360     1.4569  1.5433964  13.400414    13.4085    38.4011    28.9451     4.6704    202.715 0.0000e+00
     50.210    344.479    13.4156   4.496274     2.9354     1.4691  1.5432946  13.399045    13.4084    38.4012    28.9452     4.6672    202.572 0.0000e+00
     49.963    345.479    13.4155   4.496260     2.9337     1.4654  1.5432946  13.401783    13.4083    38.4012    28.9452     4.6630    202.390 0.0000e+00
     50.043    346.479    13.4156   4.496231     2.9338     1.4044  1.5434981  13.401098    13.4084    38.4008    28.9449     4.6692    202.661 0.0000e+00
     50.198    347.479    13.4155   4.496203     2.9348     1.3933  1.5434473  13.396991    13.4083    38.4006    28.9448     4.6702    202.702 0.0000e+00
     50.013    348.479    13.4153   4.496159     2.9345     1.3868  1.5435490  13.399729    13.4081    38.4005    28.9447     4.6668    202.556 0.0000e+00
     49.830    349.479    13.4153   4.496135     2.9341     1.3908  1.5437016  13.399045    13.4081    38.4003    28.9446     4.6653    202.493 0.0000e+00
     50.130    350.479    13.4155   4.496256     2.9334     1.3580  1.5435999  13.400414    13.4083    38.4011    28.9452     4.6647    202.464 0.0000e+00
     50.450    351.479    13.4156   4.496297     2.9334     1.3382  1.5433964  13.396307    13.4083    38.4013    28.9453     4.6671    202.571 0.0000e+00
     50.225    352.479    13.4155   4.496267     2.9335     1.3785  1.5436508  13.399729    13.4083    38.4012    28.9452     4.6654    202.495 0.0000e+00
     49.941    353.479    13.4154   4.496245     2.9332     1.3779  1.5435999  13.399045    13.4082    38.4012    28.9452     4.6654    202.495 0.0000e+00
     49.928    354.479    13.4154   4.496301     2.9334     1.3638  1.5437016  13.400414    13.4082    38.4017    28.9456     4.6664    202.540 0.0000e+00
     49.999    355.479    13.4157   4.496282     2.9336     1.4009  1.5435490  13.400414    13.4085    38.4013    28.9453     4.6661    202.524 0.0000e+00
     50.091    356.479    13.4157   4.496271     2.9332     1.3847  1.5437525  13.398360    13.4085    38.4011    28.9452     4.6634    202.408 0.0000e+00
     50.234    357.479    13.4156   4.496311     2.9325     1.4053  1.5438542  13.398360    13.4084    38.4015    28.9454     4.6621    202.353 0.0000e+00
     50.275    358.479    13.4155   4.496330     2.9319     1.4164  1.5440069  13.401783    13.4082    38.4018    28.9457     4.6615    202.326 0.0000e+00
     50.102    359.479    13.4155   4.496292     2.9321     1.3643  1.5437525  13.399729    13.4083    38.4015    28.9454     4.6669    202.561 0.0000e+00
     49.969    360.479    13.4155   4.496232     2.9337     1.3576  1.5442612  13.399729    13.4083    38.4010    28.9450     4.6703    202.708 0.0000e+00
     50.032    361.479    13.4154   4.496155     2.9343     1.3643  1.5436508  13.397676    13.4082    38.4003    28.9445     4.6678    202.599 0.0000e+00
     50.164    362.479    13.4157   4.496228     2.9339     1.3552  1.5438542  13.399045    13.4085    38.4007    28.9448     4.6664    202.539 0.0000e+00
     50.117    363.479    13.4157   4.496243     2.9340     1.3801  1.5437525  13.400414    13.4085    38.4008    28.9449     4.6685    202.629 0.0000e+00
     50.100    364.479    13.4157   4.496241     2.9346     1.4241  1.5434473  13.401098    13.4085    38.4008    28.9449     4.6703    202.709 0.0000e+00
     50.172    365.479    13.4158   4.496266     2.9353     1.3929  1.5434981  13.399045    13.4086    38.4009    28.9450     4.6721    202.787 0.0000e+00
     50.121    366.479    13.4158   4.496265     2.9360     1.3869  1.5435999  13.399729    13.4086    38.4010    28.9450     4.6724    202.801 0.0000e+00
     50.075    367.479    13.4157   4.496236     2.9361     1.4630  1.5436508  13.401783    13.4085    38.4007    28.9448     4.6726    202.807 0.0000e+00
     50.109    368.479    13.4157   4.496255     2.9368     1.4588  1.5432438  13.399729    13.4085    38.4009    28.9450     4.6748    202.903 0.0000e+00
     50.155    369.479    13.4157   4.496264     2.9371     1.3635  1.5436508  13.400414    13.4085    38.4010    28.9450     4.6729    202.821 0.0000e+00
     50.140    370.479    13.4158   4.496273     2.9364     1.2917  1.5434473  13.401783    13.4086    38.4010    28.9450     4.6705    202.719 0.0000e+00
     50.058    371.479    13.4157   4.496261     2.9360     1.3240  1.5436508  13.398360    13.4085    38.4010    28.9450     4.6680    202.610 0.0000e+00
     50.096    372.479    13.4156   4.496331     2.9344     1.3530  1.5437016  13.398360    13.4084    38.4018    28.9457     4.6645    202.455 0.0000e+00
     50.259    373.479    13.4157   4.496328     2.9340     1.3313  1.5434981  13.400414    13.4084    38.4016    28.9455     4.6673    202.577 0.0000e+00
     50.191    374.479    13.4156   4.496274     2.9342     1.3379  1.5440069  13.399729    13.4084    38.4012    28.9452     4.6680    202.610 0.0000e+00
     50.033    375.479    13.4157   4.496307     2.9346     1.4371  1.5438034  13.401098    13.4085    38.4015    28.9454     4.6706    202.721 0.0000e+00
     50.054    376.479    13.4157   4.496294     2.9351     1.5151  1.5439051  13.400414    13.4085    38.4013    28.9453     4.6689    202.646 0.0000e+00
     50.111    377.479    13.4157   4.496305     2.9346     1.4044  1.5440069  13.398360    13.4085    38.4014    28.9453     4.6666    202.549 0.0000e+00
     50.158    378.479    13.4156   4.496277     2.9343     1.5593  1.5439560  13.399729    13.4084    38.4012    28.9452     4.6688    202.644 0.0000e+00
     50.261    379.479    13.4158   4.496324     2.9350     1.4681  1.5443630  13.399729    13.4085    38.4015    28.9454     4.6712    202.747 0.0000e+00
     50.249    380.479    13.4155   4.496251     2.9354     1.3751  1.5443630  13.401098    13.4083    38.4010    28.9451     4.6702    202.702 0.0000e+00
     50.089    381.479    13.4154   4.496194     2.9353     1.3409  1.5441595  13.399729    13.4082    38.4007    28.9449     4.6694    202.671 0.0000e+00
     50.050    382.479    13.4154   4.496178     2.9352     1.3440  1.5442104  13.399729    13.4082    38.4006    28.9447     4.6693    202.665 0.0000e+00
     50.098    383.479    13.4154   4.496249     2.9350     1.3896  1.5440069  13.398360    13.4082    38.4012    28.9452     4.6690    202.653 0.0000e+00
     50.122    384.479    13.4155   4.496238     2.9354     1.3407  1.5438543  13.400414    13.4083    38.4010    28.9451     4.6706    202.723 0.0000e+00
     50.149    385.479    13.4155   4.496226     2.9350     1.4134  1.5440069  13.400414    13.4083    38.4009    28.9450     4.6696    202.679 0.0000e+00
     50.182    386.479    13.4154   4.496175     2.9360     1.5406  1.5441595  13.400414    13.4082    38.4004    28.9446     4.6750    202.913 0.0000e+00
     50.202    387.479    13.4154   4.496184     2.9368     1.5029  1.5435999  13.400414    13.4082    38.4005    28.9447     4.6733    202.839 0.0000e+00
     50.304    388.479    13.4154   4.496179     2.9365     1.4205  1.5437016  13.401098    13.4081    38.4004    28.9446     4.6710    202.737 0.0000e+00
     50.177    389.479    13.4153   4.496188     2.9358     1.4200  1.5434473  13.399729    13.4081    38.4007    28.9449     4.6700    202.693 0.0000e+00
     49.880    390.479    13.4153   4.496169     2.9356     1.3988  1.5431929  13.401098    13.4081    38.4006    28.9448     4.6667    202.552 0.0000e+00
     49.947    391.479    13.4154   4.496139     2.9339     1.5249  1.5435490  13.399729    13.4082    38.4002    28.9444     4.6647    202.465 0.0000e+00
     50.249    392.479    13.4155   4.496259     2.9344     1.4701  1.5432946  13.399729    13.4082    38.4011    28.9452     4.6715    202.762 0.0000e+00
     50.286    393.479    13.4155   4.496217     2.9358     1.4136  1.5434473  13.399729    13.4082    38.4007    28.9448     4.6742    202.879 0.0000e+00
     50.272    394.479    13.4153   4.496169     2.9367     1.4110  1.5433964  13.400414    13.4081    38.4004    28.9447     4.6758    202.948 0.0000e+00
     50.235    395.479    13.4154   4.496186     2.9372     1.4422  1.5435999  13.399729    13.4081    38.4006    28.9448     4.6736    202.853 0.0000e+00
     50.058    396.479    13.4153   4.496195     2.9371     1.4680  1.5434473  13.401098    13.4081    38.4008    28.9449     4.6740    202.869 0.0000e+00
     49.928    397.479    13.4153   4.496151     2.9371     1.4005  1.5433964  13.402467    13.4081    38.4004    28.9446     4.6717    202.768 0.0000e+00
     50.011    398.479    13.4153   4.496137     2.9362     1.3820  1.5432946  13.398360    13.4081    38.4003    28.9445     4.6708    202.730 0.0000e+00
     50.192    399.479    13.4153   4.496160     2.9364     1.3672  1.5434473  13.398360    13.4081    38.4004    28.9446     4.6714    202.755 0.0000e+00
     50.302    400.479    13.4153   4.496161     2.9358     1.3816  1.5434473  13.399045    13.4080    38.4004    28.9446     4.6679    202.602 0.0000e+00
     50.297    401.479    13.4153   4.496158     2.9343     1.3670  1.5435490  13.399045    13.4080    38.4004    28.9447     4.6659    202.517 0.0000e+00
     50.212    402.479    13.4152   4.496157     2.9351     1.3862  1.5430911  13.400414    13.4080    38.4005    28.9447     4.6728    202.817 0.0000e+00
     49.997    403.479    13.4152   4.496141     2.9359     1.3677  1.5432946  13.401783    13.4080    38.4004    28.9447     4.6721    202.786 0.0000e+00
     49.872    404.479    13.4153   4.496155     2.9359     1.3378  1.5432438  13.401783    13.4081    38.4005    28.9447     4.6696    202.680 0.0000e+00
     50.155    405.479    13.4153   4.496118     2.9350     1.3324  1.5427859  13.398360    13.4081    38.4000    28.9443     4.6667    202.553 0.0000e+00
     50.396    406.479    13.4154   4.496183     2.9345     1.3413  1.5434981  13.401098    13.4081    38.4004    28.9446     4.6686    202.634 0.0000e+00
     50.135    407.479    13.4154   4.496192     2.9350     1.4011  1.5431929  13.397676    13.4082    38.4006    28.9448     4.6720    202.780 0.0000e+00
     49.947    408.479    13.4153   4.496179     2.9362     1.4019  1.5431420  13.400414    13.4081    38.4006    28.9448     4.6737    202.857 0.0000e+00
     50.215    409.479    13.4155   4.496201     2.9359     1.4215  1.5433964  13.399045    13.4082    38.4006    28.9448     4.6678    202.602 0.0000e+00
     50.288    410.479    13.4155   4.496211     2.9347     1.4320  1.5429894  13.399729    13.4083    38.4006    28.9448     4.6667    202.552 0.0000e+00
     50.028    411.479    13.4154   4.496193     2.9343     1.4510  1.5429385  13.400414    13.4082    38.4007    28.9449     4.6643    202.446 0.0000e+00
