Boussole/Data/SBEMOOSE/Work/cnv/bous225_02.cnv
* Sea-Bird SBE 9 Data File:
* FileName = C:\boussole\202012\bous225_02.hdr
* Software Version Seasave V 7.23.2
* Temperature SN = 2473
* Conductivity SN = 2929
* Number of Bytes Per Scan = 37
* Number of Voltage Words = 4
* Number of Scans Averaged by the Deck Unit = 1
* NMEA Latitude = 43 22.09 N
* NMEA Longitude = 007 54.11 E
* NMEA UTC (Time) = Dec 09 2020  13:31:36
* NMEA baud rate = 4800
** Navire
** Station:
** Date
** Heure debut [TU]
** Heure fin [TU]
** Heure locale / TU = +0
** Latitude
** Longitude
** Heure meteo [TU]
** T air sec [deg C]
** T mer [deg C]
** Vent [noeuds, degres]
# nquan = 14
# nvalues = 739                         
# units = specified
# name 0 = prDM: Pressure, Digiquartz [db]
# name 1 = timeS: Time, Elapsed [seconds]
# name 2 = t090C: Temperature [ITS-90, deg C]
# name 3 = c0S/m: Conductivity [S/m]
# name 4 = sbeox0V: Oxygen raw, SBE 43 [V]
# name 5 = flC: Fluorescence, Chelsea Aqua 3 Chl Con [ug/l]
# name 6 = upoly0: Upoly 0, RINKOIII_DO
# name 7 = upoly1: Upoly 1, RINKOIII_Temp
# name 8 = potemp090C: Potential Temperature [ITS-90, deg C]
# name 9 = sal00: Salinity, Practical [PSU]
# name 10 = sigma-é00: Density [sigma-theta, kg/m^3]
# name 11 = sbeox0ML/L: Oxygen, SBE 43 [ml/l], WS = 2
# name 12 = sbox0Mm/Kg: Oxygen, SBE 43 [umol/kg], WS = 2
# name 13 = flag: flag
# span 0 =      0.826,    360.782       
# span 1 =      0.479,    738.458       
# span 2 =    13.7398,    14.9322       
# span 3 =   4.545977,   4.614557       
# span 4 =     1.4675,     1.8875       
# span 5 =     0.1153,     0.4585       
# span 6 =  1.5407509,  1.8316035       
# span 7 =  13.730114,  14.913584       
# span 8 =    13.6873,    14.9320       
# span 9 =    38.0167,    38.6438       
# span 10 =    28.3156,    29.0690      
# span 11 =     3.3705,     4.6923      
# span 12 =    146.273,    203.662      
# span 13 = 0.0000e+00, 0.0000e+00      
# interval = seconds: 1                 
# start_time = Dec 09 2020 13:31:36 [NMEA time, header]
# bad_flag = -9.990e-29
*END*
[from data line 517]
    238.346    517.479    13.7676   4.561923     1.6622     0.1518  1.7930403  13.755404    13.7323    38.5873    29.0204     3.9486    171.369 0.0000e+00
    238.924    518.479    13.7676   4.561963     1.6573     0.1469  1.7934473  13.750620    13.7323    38.5874    29.0205     3.9399    170.993 0.0000e+00
    239.511    519.479    13.7676   4.562014     1.6548     0.1403  1.7934982  13.751987    13.7322    38.5875    29.0206     3.9486    171.373 0.0000e+00
    240.275    520.479    13.7677   4.562093     1.6549     0.1447  1.7937526  13.749253    13.7322    38.5879    29.0210     3.9452    171.223 0.0000e+00
    241.255    521.479    13.7677   4.562190     1.6511     0.1513  1.7938034  13.751987    13.7320    38.5884    29.0214     3.9239    170.299 0.0000e+00
    241.891    522.479    13.7678   4.562242     1.6491     0.1464  1.7939052  13.751303    13.7320    38.5885    29.0214     3.9322    170.661 0.0000e+00
    242.250    523.479    13.7679   4.562272     1.6494     0.1493  1.7940069  13.749936    13.7321    38.5885    29.0215     3.9478    171.335 0.0000e+00
    242.921    524.479    13.7679   4.562375     1.6512     0.1509  1.7941087  13.749936    13.7320    38.5892    29.0220     3.9380    170.910 0.0000e+00
    243.420    525.479    13.7679   4.562465     1.6474     0.1594  1.7943122  13.748570    13.7319    38.5898    29.0225     3.9110    169.740 0.0000e+00
    243.416    526.479    13.7678   4.562465     1.6444     0.1530  1.7945666  13.749936    13.7318    38.5899    29.0225     3.9030    169.390 0.0000e+00
    243.616    527.479    13.7679   4.562502     1.6419     0.1544  1.7948209  13.749253    13.7319    38.5901    29.0227     3.9111    169.745 0.0000e+00
    244.326    528.479    13.7678   4.562574     1.6431     0.1565  1.7945157  13.749937    13.7317    38.5905    29.0231     3.9205    170.152 0.0000e+00
    245.217    529.479    13.7681   4.562703     1.6420     0.1609  1.7953297  13.751987    13.7318    38.5911    29.0235     3.8961    169.092 0.0000e+00
    246.004    530.479    13.7684   4.562790     1.6374     0.1508  1.7953806  13.752671    13.7320    38.5913    29.0235     3.8755    168.200 0.0000e+00
    246.527    531.479    13.7686   4.562890     1.6347     0.1395  1.7956349  13.749936    13.7322    38.5917    29.0239     3.8804    168.412 0.0000e+00
    247.155    532.479    13.7689   4.563036     1.6340     0.1321  1.7956858  13.752670    13.7324    38.5925    29.0245     3.8903    168.839 0.0000e+00
    248.051    533.479    13.7694   4.563237     1.6346     0.1440  1.7963472  13.752670    13.7328    38.5935    29.0252     3.8871    168.702 0.0000e+00
    248.565    534.479    13.7698   4.563294     1.6324     0.1349  1.7963472  13.749936    13.7330    38.5935    29.0251     3.8709    167.999 0.0000e+00
    248.513    535.479    13.7697   4.563249     1.6314     0.1257  1.7969068  13.750620    13.7330    38.5932    29.0248     3.8844    168.582 0.0000e+00
    248.829    536.479    13.7705   4.563493     1.6323     0.1463  1.7968050  13.749936    13.7337    38.5945    29.0257     3.8798    168.384 0.0000e+00
    249.504    537.479    13.7716   4.563762     1.6304     0.1543  1.7970594  13.750620    13.7347    38.5957    29.0265     3.8613    167.580 0.0000e+00
    249.980    538.479    13.7720   4.563878     1.6275     0.1543  1.7973138  13.752671    13.7350    38.5962    29.0267     3.8620    167.612 0.0000e+00
    250.528    539.479    13.7736   4.564211     1.6282     0.1542  1.7973647  13.751987    13.7366    38.5975    29.0274     3.8663    167.797 0.0000e+00
    251.374    540.479    13.7757   4.564631     1.6258     0.1527  1.7973647  13.757455    13.7385    38.5989    29.0281     3.8525    167.199 0.0000e+00
    252.093    541.479    13.7780   4.565001     1.6246     0.1482  1.7979752  13.760189    13.7407    38.5998    29.0283     3.8497    167.078 0.0000e+00
    252.544    542.479    13.7795   4.565326     1.6232     0.1577  1.7983822  13.758822    13.7421    38.6012    29.0291     3.8494    167.064 0.0000e+00
    253.144    543.479    13.7792   4.565362     1.6230     0.1545  1.7983822  13.762240    13.7418    38.6015    29.0294     3.8521    167.182 0.0000e+00
    253.724    544.479    13.7792   4.565391     1.6221     0.1497  1.7988909  13.762923    13.7417    38.6016    29.0295     3.8403    166.668 0.0000e+00
    254.082    545.479    13.7791   4.565397     1.6203     0.1441  1.7985857  13.762923    13.7415    38.6016    29.0295     3.8406    166.682 0.0000e+00
    254.667    546.479    13.7791   4.565477     1.6202     0.1423  1.7992979  13.762923    13.7415    38.6021    29.0299     3.8429    166.781 0.0000e+00
    255.530    547.479    13.7807   4.565847     1.6197     0.1365  1.7997558  13.763606    13.7429    38.6036    29.0308     3.8414    166.717 0.0000e+00
    256.133    548.479    13.7817   4.565991     1.6192     0.1305  1.7999593  13.762240    13.7438    38.6037    29.0307     3.8310    166.265 0.0000e+00
    256.245    549.479    13.7827   4.566166     1.6160     0.1449  1.8003663  13.763606    13.7448    38.6043    29.0309     3.8103    165.369 0.0000e+00
    256.385    550.479    13.7841   4.566429     1.6128     0.1453  1.8005189  13.764290    13.7462    38.6053    29.0314     3.8001    164.923 0.0000e+00
    256.763    551.479    13.7848   4.566612     1.6091     0.1405  1.8008242  13.763606    13.7468    38.6062    29.0319     3.7934    164.633 0.0000e+00
    257.572    552.479    13.7852   4.566752     1.6092     0.1295  1.8011294  13.764973    13.7470    38.6068    29.0324     3.8194    165.763 0.0000e+00
    258.779    553.479    13.7868   4.567111     1.6113     0.1282  1.8020452  13.764973    13.7485    38.6081    29.0330     3.8171    165.660 0.0000e+00
    259.691    554.479    13.7883   4.567388     1.6086     0.1434  1.8022487  13.765657    13.7498    38.6088    29.0333     3.7846    164.251 0.0000e+00
    259.593    555.479    13.7873   4.567185     1.6052     0.1525  1.8024013  13.767707    13.7489    38.6078    29.0328     3.7821    164.144 0.0000e+00
    259.450    556.479    13.7879   4.567313     1.6042     0.1378  1.8024013  13.765657    13.7495    38.6085    29.0332     3.7875    164.376 0.0000e+00
    260.072    557.479    13.7899   4.567715     1.6026     0.1336  1.8025031  13.767707    13.7514    38.6100    29.0339     3.7750    163.836 0.0000e+00
    260.934    558.479    13.7911   4.567944     1.6007     0.1322  1.8029609  13.771125    13.7525    38.6106    29.0342     3.7666    163.471 0.0000e+00
    261.507    559.479    13.7922   4.568164     1.5976     0.1396  1.8030118  13.773175    13.7535    38.6113    29.0345     3.7485    162.684 0.0000e+00
    262.008    560.479    13.7933   4.568384     1.5943     0.1432  1.8030118  13.776592    13.7545    38.6121    29.0349     3.7525    162.857 0.0000e+00
    262.722    561.479    13.7945   4.568630     1.5947     0.1515  1.8032662  13.775225    13.7556    38.6129    29.0353     3.7622    163.278 0.0000e+00
    263.594    562.479    13.7956   4.568857     1.5939     0.1536  1.8036223  13.779326    13.7565    38.6136    29.0356     3.7409    162.356 0.0000e+00
    264.145    563.479    13.7959   4.568925     1.5891     0.1519  1.8041819  13.779326    13.7568    38.6137    29.0356     3.7253    161.677 0.0000e+00
    264.379    564.479    13.7961   4.568975     1.5893     0.1558  1.8043854  13.778643    13.7569    38.6138    29.0357     3.7561    163.016 0.0000e+00
    264.951    565.479    13.7962   4.569023     1.5917     0.1503  1.8047415  13.779326    13.7569    38.6140    29.0358     3.7510    162.794 0.0000e+00
    265.652    566.479    13.7963   4.569080     1.5885     0.1469  1.8047415  13.779326    13.7569    38.6141    29.0359     3.7231    161.581 0.0000e+00
    265.734    567.479    13.7963   4.569079     1.5863     0.1387  1.8053012  13.778643    13.7569    38.6140    29.0358     3.7292    161.846 0.0000e+00
    265.843    568.479    13.7963   4.569077     1.5869     0.1407  1.8051485  13.778643    13.7569    38.6139    29.0357     3.7385    162.249 0.0000e+00
    266.729    569.479    13.7966   4.569184     1.5859     0.1453  1.8053012  13.780009    13.7571    38.6142    29.0360     3.7152    161.238 0.0000e+00
    267.714    570.479    13.7970   4.569287     1.5815     0.1463  1.8055556  13.779326    13.7573    38.6144    29.0361     3.6994    160.553 0.0000e+00
    268.185    571.479    13.7971   4.569308     1.5800     0.1425  1.8054538  13.780009    13.7574    38.6143    29.0359     3.7199    161.443 0.0000e+00
    268.899    572.479    13.7981   4.569522     1.5830     0.1504  1.8056064  13.780009    13.7582    38.6150    29.0364     3.7352    162.106 0.0000e+00
    269.897    573.479    13.8008   4.570051     1.5825     0.1546  1.8057082  13.779326    13.7608    38.6168    29.0372     3.7076    160.910 0.0000e+00
    270.205    574.479    13.8000   4.569878     1.5786     0.1559  1.8058608  13.780009    13.7600    38.6159    29.0366     3.6937    160.304 0.0000e+00
    270.027    575.479    13.7997   4.569857     1.5771     0.1565  1.8058608  13.780009    13.7597    38.6160    29.0368     3.6994    160.554 0.0000e+00
    270.451    576.479    13.8013   4.570161     1.5770     0.1548  1.8060643  13.779326    13.7612    38.6171    29.0373     3.7046    160.778 0.0000e+00
    271.350    577.479    13.8017   4.570268     1.5767     0.1334  1.8060643  13.780693    13.7615    38.6174    29.0375     3.7000    160.577 0.0000e+00
    271.989    578.479    13.8022   4.570371     1.5752     0.1225  1.8066239  13.782743    13.7619    38.6175    29.0374     3.6915    160.212 0.0000e+00
    272.360    579.479    13.8027   4.570459     1.5747     0.1302  1.8063187  13.780009    13.7623    38.6177    29.0375     3.6967    160.436 0.0000e+00
    272.971    580.479    13.8033   4.570617     1.5741     0.1298  1.8065222  13.782743    13.7628    38.6184    29.0379     3.6888    160.091 0.0000e+00
    273.668    581.479    13.8052   4.570961     1.5731     0.1441  1.8064713  13.784110    13.7646    38.6193    29.0383     3.6877    160.044 0.0000e+00
    274.210    582.479    13.8035   4.570769     1.5718     0.1463  1.8071835  13.785476    13.7629    38.6190    29.0384     3.6804    159.730 0.0000e+00
    274.630    583.479    13.8032   4.570848     1.5708     0.1485  1.8072853  13.788893    13.7625    38.6198    29.0392     3.6800    159.710 0.0000e+00
    275.162    584.479    13.8075   4.571484     1.5697     0.1486  1.8071327  13.785476    13.7667    38.6213    29.0394     3.6766    159.564 0.0000e+00
    275.807    585.479    13.8094   4.571768     1.5692     0.1373  1.8070309  13.788210    13.7685    38.6218    29.0394     3.6765    159.558 0.0000e+00
    276.502    586.479    13.8097   4.571839     1.5680     0.1325  1.8078449  13.788210    13.7687    38.6219    29.0394     3.6670    159.146 0.0000e+00
    277.207    587.479    13.8109   4.572068     1.5665     0.1301  1.8076414  13.792994    13.7698    38.6226    29.0397     3.6671    159.153 0.0000e+00
    277.818    588.479    13.8118   4.572270     1.5666     0.1364  1.8077940  13.792310    13.7706    38.6232    29.0400     3.6760    159.537 0.0000e+00
    278.517    589.479    13.8119   4.572336     1.5670     0.1530  1.8080993  13.795044    13.7706    38.6234    29.0402     3.6652    159.070 0.0000e+00
    278.931    590.479    13.8118   4.572336     1.5639     0.1445  1.8081502  13.793677    13.7704    38.6234    29.0402     3.6441    158.153 0.0000e+00
    278.952    591.479    13.8118   4.572347     1.5610     0.1331  1.8082519  13.795044    13.7704    38.6235    29.0403     3.6394    157.950 0.0000e+00
    279.283    592.479    13.8123   4.572491     1.5600     0.1355  1.8088624  13.795727    13.7709    38.6242    29.0407     3.6526    158.519 0.0000e+00
    280.112    593.479    13.8142   4.572863     1.5603     0.1428  1.8092694  13.795044    13.7727    38.6254    29.0413     3.6469    158.273 0.0000e+00
    281.152    594.479    13.8171   4.573381     1.5591     0.1343  1.8090659  13.796410    13.7754    38.6270    29.0419     3.6412    158.027 0.0000e+00
    282.006    595.479    13.8186   4.573637     1.5583     0.1381  1.8098799  13.796410    13.7767    38.6276    29.0421     3.6447    158.179 0.0000e+00
    282.578    596.479    13.8189   4.573704     1.5583     0.1337  1.8100325  13.796410    13.7769    38.6276    29.0421     3.6511    158.456 0.0000e+00
    283.136    597.479    13.8193   4.573816     1.5598     0.1351  1.8102361  13.798460    13.7773    38.6280    29.0423     3.6439    158.144 0.0000e+00
    283.344    598.479    13.8196   4.573878     1.5558     0.1289  1.8102361  13.797094    13.7775    38.6282    29.0424     3.6186    157.044 0.0000e+00
    283.196    599.479    13.8195   4.573845     1.5539     0.1198  1.8102360  13.797094    13.7775    38.6280    29.0423     3.6137    156.832 0.0000e+00
    283.421    600.479    13.8206   4.574056     1.5506     0.1264  1.8103378  13.797777    13.7785    38.6289    29.0427     3.6170    156.975 0.0000e+00
    284.378    601.479    13.8213   4.574207     1.5527     0.1266  1.8105922  13.800511    13.7791    38.6291    29.0427     3.6359    157.798 0.0000e+00
    285.752    602.479    13.8156   4.573551     1.5527     0.1315  1.8112027  13.800511    13.7732    38.6280    29.0432     3.6217    157.180 0.0000e+00
    286.589    603.479    13.8122   4.573197     1.5507     0.1497  1.8119149  13.798460    13.7697    38.6277    29.0437     3.6112    156.724 0.0000e+00
    286.564    604.479    13.8153   4.573564     1.5491     0.1452  1.8116097  13.799827    13.7728    38.6281    29.0434     3.6112    156.725 0.0000e+00
    286.876    605.479    13.8102   4.572922     1.5492     0.1369  1.8120167  13.797094    13.7677    38.6270    29.0436     3.6221    157.197 0.0000e+00
    287.701    606.479    13.8074   4.572697     1.5496     0.1565  1.8119149  13.797094    13.7647    38.6274    29.0445     3.6118    156.749 0.0000e+00
    288.483    607.479    13.8115   4.573435     1.5470     0.1591  1.8122711  13.795044    13.7687    38.6299    29.0456     3.5977    156.136 0.0000e+00
    288.712    608.479    13.8133   4.573717     1.5456     0.1565  1.8124746  13.795727    13.7705    38.6306    29.0458     3.6028    156.360 0.0000e+00
    289.150    609.479    13.8127   4.573710     1.5456     0.1472  1.8124746  13.796410    13.7698    38.6310    29.0462     3.6060    156.496 0.0000e+00
    289.979    610.479    13.8113   4.573624     1.5452     0.1421  1.8129833  13.795727    13.7683    38.6311    29.0466     3.5967    156.096 0.0000e+00
    290.557    611.479    13.8091   4.573403     1.5428     0.1418  1.8132377  13.797094    13.7660    38.6311    29.0471     3.5861    155.634 0.0000e+00
    290.824    612.479    13.8073   4.573210     1.5421     0.1326  1.8134412  13.796410    13.7642    38.6309    29.0474     3.5916    155.874 0.0000e+00
    291.398    613.479    13.8045   4.572887     1.5405     0.1383  1.8133394  13.795727    13.7613    38.6303    29.0476     3.5843    155.555 0.0000e+00
    292.242    614.479    13.8012   4.572536     1.5407     0.1352  1.8145095  13.790943    13.7579    38.6300    29.0480     3.5966    156.092 0.0000e+00
    293.121    615.479    13.7995   4.572357     1.5414     0.1402  1.8150183  13.786843    13.7560    38.6296    29.0481     3.5899    155.799 0.0000e+00
    293.839    616.479    13.7956   4.571913     1.5391     0.1410  1.8152218  13.788210    13.7520    38.6290    29.0485     3.5772    155.247 0.0000e+00
    294.172    617.479    13.7936   4.571709     1.5383     0.1378  1.8153235  13.788210    13.7500    38.6289    29.0489     3.5898    155.795 0.0000e+00
    294.560    618.479    13.7921   4.571528     1.5398     0.1329  1.8159340  13.781376    13.7485    38.6285    29.0489     3.5873    155.688 0.0000e+00
