Boussole/Data/SBEMOOSE/Work/cnv/bous225_02.cnv
* Sea-Bird SBE 9 Data File:
* FileName = C:\boussole\202012\bous225_02.hdr
* Software Version Seasave V 7.23.2
* Temperature SN = 2473
* Conductivity SN = 2929
* Number of Bytes Per Scan = 37
* Number of Voltage Words = 4
* Number of Scans Averaged by the Deck Unit = 1
* NMEA Latitude = 43 22.09 N
* NMEA Longitude = 007 54.11 E
* NMEA UTC (Time) = Dec 09 2020  13:31:36
* NMEA baud rate = 4800
** Navire
** Station:
** Date
** Heure debut [TU]
** Heure fin [TU]
** Heure locale / TU = +0
** Latitude
** Longitude
** Heure meteo [TU]
** T air sec [deg C]
** T mer [deg C]
** Vent [noeuds, degres]
# nquan = 14
# nvalues = 739                         
# units = specified
# name 0 = prDM: Pressure, Digiquartz [db]
# name 1 = timeS: Time, Elapsed [seconds]
# name 2 = t090C: Temperature [ITS-90, deg C]
# name 3 = c0S/m: Conductivity [S/m]
# name 4 = sbeox0V: Oxygen raw, SBE 43 [V]
# name 5 = flC: Fluorescence, Chelsea Aqua 3 Chl Con [ug/l]
# name 6 = upoly0: Upoly 0, RINKOIII_DO
# name 7 = upoly1: Upoly 1, RINKOIII_Temp
# name 8 = potemp090C: Potential Temperature [ITS-90, deg C]
# name 9 = sal00: Salinity, Practical [PSU]
# name 10 = sigma-é00: Density [sigma-theta, kg/m^3]
# name 11 = sbeox0ML/L: Oxygen, SBE 43 [ml/l], WS = 2
# name 12 = sbox0Mm/Kg: Oxygen, SBE 43 [umol/kg], WS = 2
# name 13 = flag: flag
# span 0 =      0.826,    360.782       
# span 1 =      0.479,    738.458       
# span 2 =    13.7398,    14.9322       
# span 3 =   4.545977,   4.614557       
# span 4 =     1.4675,     1.8875       
# span 5 =     0.1153,     0.4585       
# span 6 =  1.5407509,  1.8316035       
# span 7 =  13.730114,  14.913584       
# span 8 =    13.6873,    14.9320       
# span 9 =    38.0167,    38.6438       
# span 10 =    28.3156,    29.0690      
# span 11 =     3.3705,     4.6923      
# span 12 =    146.273,    203.662      
# span 13 = 0.0000e+00, 0.0000e+00      
# interval = seconds: 1                 
# start_time = Dec 09 2020 13:31:36 [NMEA time, header]
# bad_flag = -9.990e-29
*END*
      1.418      0.479    14.9131   4.611204     1.7643     0.4258  1.5413105  14.908137    14.9129    38.0176    28.3204     4.1079    178.405 0.0000e+00
      1.183      1.479    14.9118   4.611146     1.7682     0.4180  1.5409035  14.908818    14.9116    38.0185    28.3213     4.1442    179.983 0.0000e+00
      1.310      2.479    14.9186   4.611718     1.7730     0.4071  1.5410561  14.907456    14.9184    38.0171    28.3187     4.1588    180.619 0.0000e+00
      1.508      3.479    14.9169   4.611576     1.7769     0.4095  1.5410052  14.908818    14.9167    38.0173    28.3193     4.1688    181.053 0.0000e+00
      1.373      4.479    14.9188   4.611819     1.7804     0.4163  1.5413105  14.906775    14.9186    38.0177    28.3192     4.1701    181.106 0.0000e+00
      1.311      5.479    14.9224   4.612171     1.7820     0.4068  1.5409544  14.907456    14.9222    38.0176    28.3183     4.1780    181.449 0.0000e+00
      1.384      6.479    14.9254   4.612472     1.7848     0.4126  1.5409544  14.906775    14.9252    38.0173    28.3174     4.1849    181.750 0.0000e+00
      1.342      7.479    14.9249   4.612430     1.7874     0.4146  1.5414122  14.907456    14.9247    38.0174    28.3176     4.1928    182.093 0.0000e+00
      1.351      8.479    14.9268   4.612617     1.7884     0.4099  1.5411579  14.908137    14.9266    38.0173    28.3171     4.1887    181.916 0.0000e+00
      1.308      9.479    14.9289   4.612787     1.7902     0.4040  1.5413105  14.908137    14.9287    38.0169    28.3163     4.2022    182.501 0.0000e+00
      1.327     10.479    14.9267   4.612601     1.7923     0.4063  1.5412596  14.909499    14.9265    38.0173    28.3171     4.2037    182.568 0.0000e+00
      1.354     11.479    14.9102   4.610839     1.7939     0.4102  1.5411070  14.908818    14.9100    38.0171    28.3207     4.2135    182.995 0.0000e+00
      1.320     12.479    14.9156   4.611449     1.7960     0.4012  1.5411579  14.909499    14.9154    38.0174    28.3197     4.2165    183.124 0.0000e+00
      1.185     13.479    14.9181   4.611735     1.7965     0.4018  1.5412087  14.908137    14.9179    38.0177    28.3193     4.2102    182.849 0.0000e+00
      1.303     14.479    14.9173   4.611626     1.7967     0.4064  1.5414631  14.906094    14.9171    38.0174    28.3193     4.2165    183.124 0.0000e+00
      1.553     15.479    14.9172   4.611669     1.7984     0.4005  1.5414122  14.908818    14.9170    38.0179    28.3197     4.2259    183.531 0.0000e+00
      1.549     16.479    14.9185   4.611768     1.7998     0.3987  1.5417175  14.908137    14.9184    38.0174    28.3190     4.2266    183.563 0.0000e+00
      1.383     17.479    14.9163   4.611545     1.8008     0.3867  1.5415649  14.908818    14.9161    38.0176    28.3197     4.2331    183.843 0.0000e+00
      1.228     18.479    14.9167   4.611579     1.8028     0.3860  1.5414631  14.908818    14.9165    38.0176    28.3196     4.2345    183.907 0.0000e+00
      1.086     19.479    14.9182   4.611743     1.8028     0.4211  1.5414122  14.908818    14.9180    38.0177    28.3193     4.2297    183.696 0.0000e+00
      1.185     20.479    14.9204   4.611964     1.8026     0.4140  1.5413614  14.908137    14.9202    38.0176    28.3188     4.2357    183.958 0.0000e+00
      1.383     21.479    14.9196   4.611873     1.8048     0.4047  1.5413614  14.906775    14.9194    38.0175    28.3188     4.2412    184.194 0.0000e+00
      1.386     22.479    14.9199   4.611913     1.8043     0.3991  1.5411579  14.905414    14.9197    38.0175    28.3188     4.2363    183.981 0.0000e+00
      1.294     23.479    14.9211   4.612052     1.8056     0.3961  1.5414122  14.904052    14.9209    38.0177    28.3186     4.2449    184.356 0.0000e+00
      1.429     24.479    14.9234   4.612314     1.8061     0.3935  1.5411579  14.906775    14.9232    38.0178    28.3182     4.2451    184.367 0.0000e+00
      1.482     25.479    14.9209   4.611998     1.8079     0.3977  1.5413614  14.906094    14.9207    38.0173    28.3185     4.2543    184.763 0.0000e+00
      1.368     26.479    14.9195   4.611864     1.8083     0.3840  1.5417175  14.907456    14.9193    38.0175    28.3189     4.2479    184.487 0.0000e+00
      1.406     27.479    14.9192   4.611858     1.8084     0.3908  1.5410561  14.907456    14.9190    38.0177    28.3191     4.2511    184.627 0.0000e+00
      1.219     28.479    14.9226   4.612220     1.8092     0.3958  1.5413614  14.906775    14.9224    38.0178    28.3184     4.2523    184.680 0.0000e+00
      1.126     29.479    14.9256   4.612482     1.8089     0.4030  1.5412596  14.906775    14.9254    38.0174    28.3174     4.2506    184.605 0.0000e+00
      1.371     30.479    14.9261   4.612546     1.8104     0.3964  1.5416157  14.909499    14.9259    38.0173    28.3173     4.2596    184.997 0.0000e+00
      1.573     31.479    14.9255   4.612507     1.8107     0.3983  1.5414631  14.908137    14.9253    38.0174    28.3175     4.2560    184.840 0.0000e+00
      1.215     32.479    14.9246   4.612381     1.8110     0.3964  1.5413105  14.908818    14.9244    38.0174    28.3176     4.2578    184.915 0.0000e+00
      1.151     33.479    14.9241   4.612343     1.8114     0.3969  1.5411579  14.908818    14.9239    38.0175    28.3179     4.2596    184.994 0.0000e+00
      1.535     34.479    14.9244   4.612401     1.8120     0.3917  1.5413614  14.907456    14.9241    38.0176    28.3179     4.2601    185.017 0.0000e+00
      1.614     35.479    14.9246   4.612400     1.8115     0.3981  1.5417175  14.907456    14.9243    38.0174    28.3177     4.2566    184.867 0.0000e+00
      1.317     36.479    14.9231   4.612258     1.8124     0.3988  1.5414631  14.908818    14.9229    38.0176    28.3182     4.2683    185.372 0.0000e+00
      1.273     37.479    14.9272   4.612670     1.8137     0.4013  1.5413105  14.908137    14.9270    38.0174    28.3171     4.2707    185.476 0.0000e+00
      1.226     38.479    14.9294   4.612901     1.8140     0.4019  1.5414631  14.908137    14.9292    38.0174    28.3166     4.2629    185.139 0.0000e+00
      1.235     39.479    14.9308   4.613016     1.8138     0.3981  1.5414122  14.908137    14.9306    38.0172    28.3161     4.2669    185.314 0.0000e+00
      1.346     40.479    14.9311   4.613034     1.8148     0.3960  1.5414122  14.908818    14.9309    38.0170    28.3159     4.2707    185.477 0.0000e+00
      1.489     41.479    14.9292   4.612853     1.8157     0.3772  1.5413105  14.908818    14.9290    38.0171    28.3164     4.2754    185.683 0.0000e+00
      1.410     42.479    14.9287   4.612787     1.8159     0.3887  1.5415140  14.908137    14.9285    38.0170    28.3164     4.2730    185.579 0.0000e+00
      1.267     43.479    14.9289   4.612824     1.8157     0.3957  1.5410052  14.908818    14.9287    38.0172    28.3165     4.2655    185.250 0.0000e+00
      1.285     44.479    14.9294   4.612858     1.8155     0.3952  1.5414631  14.910180    14.9292    38.0170    28.3163     4.2733    185.592 0.0000e+00
      1.511     45.479    14.9285   4.612802     1.8163     0.3908  1.5414122  14.908818    14.9283    38.0173    28.3167     4.2745    185.642 0.0000e+00
      1.412     46.479    14.9292   4.612870     1.8160     0.3965  1.5417684  14.908818    14.9290    38.0173    28.3166     4.2728    185.569 0.0000e+00
      1.133     47.479    14.9299   4.612928     1.8176     0.4103  1.5416666  14.908818    14.9297    38.0173    28.3164     4.2867    186.173 0.0000e+00
      1.117     48.479    14.9300   4.612931     1.8188     0.4197  1.5414122  14.909499    14.9298    38.0172    28.3162     4.2787    185.824 0.0000e+00
      1.611     49.479    14.9268   4.612652     1.8177     0.4135  1.5412087  14.911541    14.9266    38.0175    28.3172     4.2804    185.898 0.0000e+00
      1.567     50.479    14.9268   4.612602     1.8199     0.3934  1.5415649  14.911541    14.9266    38.0171    28.3169     4.2881    186.234 0.0000e+00
      0.989     51.479    14.9253   4.612421     1.8191     0.3982  1.5414122  14.909499    14.9251    38.0172    28.3173     4.2827    185.997 0.0000e+00
      0.919     52.479    14.9251   4.612437     1.8202     0.3952  1.5414631  14.909499    14.9250    38.0175    28.3176     4.2884    186.246 0.0000e+00
      1.587     53.479    14.9269   4.612658     1.8203     0.4017  1.5416157  14.908818    14.9266    38.0175    28.3172     4.2832    186.022 0.0000e+00
      1.867     54.479    14.9277   4.612707     1.8200     0.3914  1.5414122  14.908818    14.9274    38.0171    28.3167     4.2872    186.195 0.0000e+00
      1.332     55.479    14.9253   4.612448     1.8202     0.3826  1.5416666  14.907456    14.9251    38.0172    28.3173     4.2830    186.011 0.0000e+00
      0.984     56.479    14.9273   4.612626     1.8202     0.3925  1.5415140  14.904052    14.9272    38.0171    28.3168     4.2872    186.193 0.0000e+00
      0.967     57.479    14.9275   4.612691     1.8205     0.3923  1.5415140  14.907456    14.9273    38.0175    28.3171     4.2893    186.283 0.0000e+00
      1.311     58.479    14.9322   4.613134     1.8214     0.4017  1.5412596  14.908137    14.9320    38.0169    28.3156     4.2864    186.158 0.0000e+00
      1.674     59.479    14.9318   4.613123     1.8200     0.3873  1.5415140  14.908137    14.9315    38.0170    28.3157     4.2829    186.009 0.0000e+00
      1.551     60.479    14.9303   4.612952     1.8214     0.3835  1.5415649  14.908818    14.9301    38.0169    28.3160     4.2952    186.541 0.0000e+00
      1.341     61.479    14.9251   4.612429     1.8215     0.3716  1.5415140  14.906775    14.9249    38.0172    28.3174     4.2924    186.420 0.0000e+00
      1.153     62.479    14.9291   4.612853     1.8228     0.3776  1.5414631  14.906775    14.9289    38.0174    28.3166     4.2956    186.560 0.0000e+00
      0.942     63.479    14.9313   4.613053     1.8230     0.3885  1.5415140  14.908818    14.9312    38.0171    28.3159     4.2934    186.465 0.0000e+00
      1.427     64.479    14.9296   4.612890     1.8222     0.3846  1.5416666  14.906094    14.9294    38.0171    28.3163     4.2849    186.096 0.0000e+00
      1.913     65.479    14.9288   4.612845     1.8217     0.3850  1.5413614  14.908818    14.9285    38.0173    28.3166     4.2885    186.252 0.0000e+00
      1.435     66.479    14.9255   4.612438     1.8212     0.3947  1.5416158  14.906775    14.9253    38.0169    28.3171     4.2901    186.319 0.0000e+00
      0.903     67.479    14.9217   4.612043     1.8222     0.3906  1.5412087  14.903371    14.9216    38.0171    28.3181     4.2928    186.439 0.0000e+00
      1.161     68.479    14.9224   4.612163     1.8215     0.3860  1.5410561  14.907456    14.9222    38.0175    28.3182     4.2882    186.236 0.0000e+00
      1.686     69.479    14.9254   4.612497     1.8223     0.3903  1.5413614  14.910180    14.9252    38.0174    28.3175     4.2982    186.673 0.0000e+00
      1.549     70.479    14.9272   4.612648     1.8229     0.3954  1.5414122  14.908818    14.9269    38.0172    28.3169     4.2917    186.388 0.0000e+00
      1.009     71.479    14.9260   4.612479     1.8225     0.4042  1.5414631  14.904052    14.9258    38.0170    28.3170     4.2950    186.533 0.0000e+00
      1.093     72.479    14.9263   4.612575     1.8233     0.4050  1.5416666  14.904733    14.9261    38.0175    28.3174     4.2927    186.432 0.0000e+00
      1.532     73.479    14.9265   4.612599     1.8218     0.3911  1.5411070  14.908818    14.9263    38.0174    28.3172     4.2871    186.191 0.0000e+00
      1.647     74.479    14.9276   4.612721     1.8222     0.3886  1.5411579  14.908818    14.9273    38.0174    28.3170     4.2961    186.582 0.0000e+00
      0.987     75.479    14.9268   4.612565     1.8229     0.3882  1.5410561  14.909499    14.9267    38.0170    28.3168     4.2953    186.545 0.0000e+00
      0.826     76.479    14.9260   4.612500     1.8234     0.3900  1.5410561  14.906775    14.9259    38.0172    28.3172     4.2976    186.644 0.0000e+00
      1.394     77.479    14.9298   4.612934     1.8237     0.3873  1.5410561  14.908818    14.9296    38.0173    28.3164     4.2966    186.600 0.0000e+00
      1.755     78.479    14.9295   4.612883     1.8236     0.3886  1.5412596  14.908818    14.9292    38.0170    28.3162     4.2933    186.460 0.0000e+00
      1.280     79.479    14.9283   4.612732     1.8232     0.3927  1.5413105  14.906094    14.9281    38.0169    28.3164     4.2976    186.648 0.0000e+00
      1.086     80.479    14.9256   4.612451     1.8246     0.3997  1.5410052  14.906775    14.9254    38.0170    28.3171     4.3040    186.924 0.0000e+00
      1.418     81.479    14.9288   4.612814     1.8246     0.3939  1.5409035  14.908818    14.9286    38.0171    28.3165     4.2986    186.688 0.0000e+00
      1.862     82.479    14.9292   4.612880     1.8248     0.3921  1.5407509  14.908818    14.9289    38.0172    28.3164     4.3033    186.891 0.0000e+00
      2.184     83.479    14.9275   4.612722     1.8258     0.3847  1.5411070  14.910180    14.9271    38.0173    28.3169     4.3034    186.900 0.0000e+00
      2.544     84.479    14.9263   4.612629     1.8251     0.3858  1.5413105  14.909499    14.9259    38.0174    28.3173     4.3011    186.798 0.0000e+00
      2.825     85.479    14.9261   4.612607     1.8255     0.3817  1.5410561  14.908818    14.9257    38.0173    28.3172     4.3082    187.105 0.0000e+00
      3.098     86.479    14.9260   4.612629     1.8267     0.3772  1.5413614  14.910180    14.9255    38.0174    28.3174     4.3099    187.178 0.0000e+00
      3.439     87.479    14.9287   4.612923     1.8275     0.3948  1.5412087  14.908818    14.9282    38.0174    28.3168     4.3208    187.652 0.0000e+00
      3.710     88.479    14.9288   4.612944     1.8300     0.4139  1.5413105  14.911541    14.9282    38.0173    28.3167     4.3248    187.827 0.0000e+00
      4.076     89.479    14.9275   4.612821     1.8313     0.4054  1.5413614  14.910861    14.9268    38.0174    28.3171     4.3288    187.999 0.0000e+00
      4.702     90.479    14.9270   4.612818     1.8316     0.3960  1.5415649  14.912903    14.9263    38.0175    28.3173     4.3228    187.741 0.0000e+00
      5.410     91.479    14.9289   4.613041     1.8317     0.3955  1.5418192  14.910180    14.9281    38.0174    28.3168     4.3295    188.032 0.0000e+00
      5.874     92.479    14.9296   4.613115     1.8336     0.4033  1.5415140  14.912222    14.9287    38.0172    28.3166     4.3423    188.587 0.0000e+00
      6.025     93.479    14.9297   4.613118     1.8358     0.4001  1.5414631  14.909499    14.9287    38.0171    28.3165     4.3379    188.396 0.0000e+00
      6.050     94.479    14.9295   4.613082     1.8346     0.4059  1.5412596  14.909499    14.9286    38.0169    28.3163     4.3342    188.233 0.0000e+00
      6.468     95.479    14.9289   4.613041     1.8360     0.4283  1.5417175  14.912903    14.9279    38.0170    28.3165     4.3512    188.974 0.0000e+00
      7.392     96.479    14.9280   4.612961     1.8392     0.4138  1.5414122  14.910861    14.9269    38.0167    28.3165     4.3582    189.277 0.0000e+00
      8.274     97.479    14.9281   4.613022     1.8392     0.3962  1.5418192  14.910861    14.9268    38.0168    28.3166     4.3476    188.819 0.0000e+00
      8.886     98.479    14.9285   4.613087     1.8390     0.4062  1.5418701  14.910861    14.9271    38.0167    28.3165     4.3482    188.842 0.0000e+00
      9.498     99.479    14.9281   4.613089     1.8394     0.4174  1.5412596  14.912222    14.9266    38.0168    28.3167     4.3538    189.088 0.0000e+00
      9.924    100.479    14.9281   4.613113     1.8392     0.4176  1.5416666  14.911542    14.9266    38.0168    28.3167     4.3489    188.874 0.0000e+00
     10.279    101.479    14.9266   4.612990     1.8394     0.4122  1.5416666  14.910180    14.9250    38.0171    28.3173     4.3512    188.975 0.0000e+00
     10.763    102.479    14.9241   4.612782     1.8393     0.4077  1.5419719  14.913584    14.9225    38.0173    28.3180     4.3551    189.142 0.0000e+00
