Boussole/Data/SBEMOOSE/Work/cnv/bous235_01.cnv
* Sea-Bird SBE 9 Data File:
* FileName = C:\boussole\202110\bous235_01.hdr
* Software Version Seasave V 7.23.2
* Temperature SN = 1378
* Conductivity SN = 2929
* Number of Bytes Per Scan = 34
* Number of Voltage Words = 3
* Number of Scans Averaged by the Deck Unit = 1
* NMEA Latitude = 43 22.09 N
* NMEA Longitude = 007 53.89 E
* NMEA UTC (Time) = Oct 12 2021  09:37:41
* NMEA baud rate = 4800
** Campagne = BOUSSOLE 235
** Navire = Tethys II
** Station = BOUS235_01
** Date = 12/10/2021
** Heure debut [TU] = 09:37
** Heure fin [TU] = 10:16
** Heure locale / TU = +2
** Latitude = 43 22.019 N
** Longitude = 007 53.900 E
** Heure meteo [TU] = 09:36
** T air sec [deg C] = 19.7
** T mer [deg C] = 19.17
** Vent [noeuds, degres] = 3.8, 170
** Pression atm [hpa] = 1014.6
** Humidite [%] = 68.6
** Nebulosite [octas] = 1
** Etat de la mer [code S] = 2
# nquan = 14
# nvalues = 2350                        
# units = specified
# name 0 = prDM: Pressure, Digiquartz [db]
# name 1 = timeS: Time, Elapsed [seconds]
# name 2 = t090C: Temperature [ITS-90, deg C]
# name 3 = c0S/m: Conductivity [S/m]
# name 4 = sbeox0V: Oxygen raw, SBE 43 [V]
# name 5 = flC: Fluorescence, Chelsea Aqua 3 Chl Con [ug/l]
# name 6 = upoly0: Upoly 0, RINKOIII_DO
# name 7 = upoly1: Upoly 1, RINKOIII_Temp
# name 8 = potemp090C: Potential Temperature [ITS-90, deg C]
# name 9 = sal00: Salinity, Practical [PSU]
# name 10 = sigma-é00: Density [sigma-theta, kg/m^3]
# name 11 = sbeox0ML/L: Oxygen, SBE 43 [ml/l], WS = 2
# name 12 = sbox0Mm/Kg: Oxygen, SBE 43 [umol/kg], WS = 2
# name 13 = flag: flag
# span 0 =      0.079,    405.155       
# span 1 =      0.479,   2349.167       
# span 2 =    13.6924,    19.5523       
# span 3 =   0.070848,   5.147970       
# span 4 =     2.4078,     3.5988       
# span 5 =    -0.2893,     0.6756       
# span 6 =  1.3902116,  1.8201567       
# span 7 =  13.679526,  19.440129       
# span 8 =    13.6324,    19.5522       
# span 9 =     0.4004,    38.6445       
# span 10 =    -1.1532,    29.0821      
# span 11 =     3.6676,     5.6821      
# span 12 =    159.164,    246.722      
# span 13 = 0.0000e+00, 0.0000e+00      
# interval = seconds: 1                 
# start_time = Oct 12 2021 09:37:41 [NMEA time, header]
# bad_flag = -9.990e-29
*END*
[from data line 104]
     49.600    104.479    13.9638   4.554431     3.1024     0.5836  1.5870981  14.173366    13.9565    38.4041    28.8302     4.8792    211.799 0.0000e+00
     50.302    105.479    13.9633   4.554453     3.1012     0.5882  1.5876069  14.173366    13.9558    38.4046    28.8307     4.8670    211.269 0.0000e+00
     50.918    106.479    13.9625   4.554502     3.0914     0.5871  1.5878104  14.145384    13.9550    38.4055    28.8316     4.8126    208.908 0.0000e+00
     51.394    107.479    13.9504   4.553358     3.0718     0.5778  1.5876577  14.171997    13.9428    38.4066    28.8351     4.7679    206.965 0.0000e+00
     51.981    108.479    13.9153   4.550388     3.0574     0.5803  1.5889805  14.148113    13.9076    38.4134    28.8480     4.7636    206.778 0.0000e+00
     52.706    109.479    13.9083   4.549758     3.0479     0.5903  1.5914225  14.082589    13.9005    38.4141    28.8500     4.7507    206.215 0.0000e+00
     53.243    110.479    13.9079   4.549720     3.0383     0.5941  1.5938136  14.030021    13.9000    38.4139    28.8500     4.7346    205.516 0.0000e+00
     53.719    111.479    13.9008   4.549022     3.0295     0.5898  1.5969170  14.058013    13.8928    38.4142    28.8518     4.7141    204.627 0.0000e+00
     54.364    112.479    13.8908   4.548122     3.0186     0.5869  1.6016992  14.062792    13.8828    38.4153    28.8548     4.6977    203.914 0.0000e+00
     55.046    113.479    13.8849   4.547680     3.0126     0.5920  1.6053113  14.016366    13.8768    38.4167    28.8572     4.7024    204.118 0.0000e+00
     55.548    114.479    13.8829   4.547562     3.0094     0.5929  1.6072955  14.009537    13.8747    38.4175    28.8582     4.6933    203.725 0.0000e+00
     56.015    115.479    13.8814   4.547542     3.0029     0.5994  1.6107550  14.045040    13.8732    38.4185    28.8593     4.6776    203.041 0.0000e+00
     56.674    116.479    13.8773   4.547222     2.9975     0.6058  1.6141127  14.029337    13.8689    38.4193    28.8609     4.6571    202.151 0.0000e+00
     57.413    117.479    13.8685   4.546400     2.9831     0.5989  1.6161477  13.990417    13.8600    38.4200    28.8633     4.6040    199.846 0.0000e+00
     57.911    118.479    13.8568   4.545166     2.9656     0.5959  1.6175722  13.989734    13.8483    38.4198    28.8657     4.5695    198.350 0.0000e+00
     58.412    119.479    13.8418   4.543562     2.9479     0.5984  1.6189967  14.011586    13.8332    38.4194    28.8687     4.5320    196.718 0.0000e+00
     59.144    120.479    13.8231   4.541810     2.9295     0.6062  1.6232702  13.993149    13.8144    38.4213    28.8741     4.5075    195.654 0.0000e+00
     59.724    121.479    13.8081   4.540576     2.9184     0.6114  1.6264754  13.949441    13.7993    38.4243    28.8798     4.5139    195.934 0.0000e+00
     60.055    122.479    13.8060   4.540457     2.9142     0.6358  1.6289173  13.924854    13.7971    38.4252    28.8809     4.5102    195.770 0.0000e+00
     60.661    123.479    13.8038   4.540444     2.9066     0.6565  1.6335979  13.934416    13.7949    38.4269    28.8827     4.4878    194.800 0.0000e+00
     61.480    124.479    13.7953   4.539752     2.8984     0.6539  1.6396520  13.898214    13.7863    38.4285    28.8858     4.4741    194.202 0.0000e+00
     62.141    125.479    13.7905   4.539378     2.8924     0.6580  1.6438237  13.909143    13.7814    38.4295    28.8876     4.4738    194.189 0.0000e+00
     62.623    126.479    13.7894   4.539290     2.8895     0.6532  1.6463675  13.905728    13.7802    38.4296    28.8880     4.4777    194.360 0.0000e+00
     63.141    127.479    13.7888   4.539290     2.8899     0.6503  1.6494200  13.916656    13.7795    38.4299    28.8884     4.4855    194.699 0.0000e+00
     63.774    128.479    13.7891   4.539389     2.8902     0.6624  1.6523200  13.937831    13.7798    38.4303    28.8886     4.4837    194.621 0.0000e+00
     64.431    129.479    13.7889   4.539441     2.8899     0.6598  1.6553724  13.924170    13.7795    38.4307    28.8889     4.4794    194.434 0.0000e+00
     65.019    130.479    13.7887   4.539442     2.8874     0.6655  1.6570513  13.903679    13.7791    38.4307    28.8890     4.4714    194.086 0.0000e+00
     65.559    131.479    13.7882   4.539441     2.8851     0.6756  1.6575601  13.925537    13.7786    38.4308    28.8892     4.4649    193.804 0.0000e+00
     66.143    132.479    13.7874   4.539384     2.8813     0.6635  1.6585776  13.931684    13.7777    38.4309    28.8895     4.4530    193.286 0.0000e+00
     66.770    133.479    13.7808   4.538895     2.8754     0.6333  1.6585776  13.900263    13.7710    38.4326    28.8922     4.4314    192.350 0.0000e+00
     67.387    134.479    13.7769   4.538611     2.8669     0.6421  1.6589846  13.890016    13.7670    38.4335    28.8938     4.4170    191.725 0.0000e+00
     67.881    135.479    13.7708   4.538169     2.8606     0.6382  1.6597477  13.896164    13.7608    38.4353    28.8965     4.4091    191.379 0.0000e+00
     68.424    136.479    13.7688   4.538014     2.8554     0.6347  1.6610705  13.870888    13.7587    38.4355    28.8971     4.4055    191.223 0.0000e+00
     69.125    137.479    13.7683   4.538029     2.8523     0.6224  1.6642247  13.857224    13.7582    38.4358    28.8975     4.4032    191.125 0.0000e+00
     69.764    138.479    13.7673   4.538000     2.8491     0.6030  1.6663615  13.841510    13.7571    38.4363    28.8981     4.3945    190.746 0.0000e+00
     70.276    139.479    13.7660   4.537903     2.8450     0.5968  1.6677351  13.842193    13.7557    38.4365    28.8985     4.3866    190.405 0.0000e+00
     70.824    140.479    13.7653   4.537867     2.8409     0.5810  1.6698718  13.869522    13.7549    38.4366    28.8988     4.3713    189.739 0.0000e+00
     71.462    141.479    13.7616   4.537639     2.8332     0.5965  1.6710420  13.859957    13.7511    38.4378    28.9006     4.3504    188.831 0.0000e+00
     72.066    142.479    13.7516   4.537006     2.8256     0.6019  1.6716524  13.849709    13.7410    38.4416    28.9056     4.3414    188.441 0.0000e+00
     72.626    143.479    13.7406   4.536316     2.8201     0.5779  1.6731787  13.865423    13.7299    38.4458    28.9113     4.3371    188.251 0.0000e+00
     73.233    144.479    13.7395   4.536253     2.8164     0.5631  1.6750611  13.862006    13.7288    38.4460    28.9117     4.3312    187.998 0.0000e+00
     73.792    145.479    13.7390   4.536236     2.8116     0.5461  1.6773505  13.829210    13.7282    38.4461    28.9119     4.3268    187.806 0.0000e+00
     74.373    146.479    13.7383   4.536192     2.8107     0.5452  1.6797416  13.840826    13.7274    38.4461    28.9121     4.3322    188.039 0.0000e+00
     75.097    147.479    13.7377   4.536168     2.8100     0.5506  1.6813696  13.818961    13.7266    38.4462    28.9124     4.3332    188.082 0.0000e+00
     75.728    148.479    13.7349   4.535987     2.8101     0.5611  1.6824379  13.795727    13.7238    38.4471    28.9136     4.3293    187.914 0.0000e+00
     76.208    149.479    13.7334   4.535928     2.8068     0.5509  1.6833028  13.794360    13.7222    38.4477    28.9145     4.3229    187.634 0.0000e+00
     76.809    150.479    13.7331   4.535935     2.8070     0.5490  1.6846765  13.825794    13.7219    38.4478    28.9146     4.3294    187.919 0.0000e+00
     77.477    151.479    13.7326   4.535976     2.8069     0.5473  1.6851852  13.807344    13.7212    38.4484    28.9152     4.3293    187.913 0.0000e+00
     78.077    152.479    13.7309   4.535934     2.8068     0.5380  1.6855413  13.807344    13.7195    38.4494    28.9163     4.3246    187.711 0.0000e+00
     78.609    153.479    13.7275   4.535810     2.8037     0.5327  1.6859483  13.806661    13.7160    38.4514    28.9186     4.3134    187.220 0.0000e+00
     79.200    154.479    13.7255   4.535743     2.8011     0.5174  1.6864062  13.805294    13.7139    38.4525    28.9199     4.3129    187.203 0.0000e+00
     79.847    155.479    13.7244   4.535766     2.7999     0.5076  1.6871184  13.803244    13.7127    38.4536    28.9211     4.3115    187.139 0.0000e+00
     80.403    156.479    13.7239   4.535831     2.7973     0.4958  1.6871184  13.790260    13.7121    38.4545    28.9219     4.3051    186.862 0.0000e+00
     80.945    157.479    13.7231   4.535872     2.7964     0.4716  1.6882377  13.795044    13.7113    38.4554    28.9227     4.3090    187.030 0.0000e+00
     81.592    158.479    13.7231   4.535911     2.7955     0.4616  1.6894078  13.806661    13.7111    38.4555    28.9229     4.3008    186.677 0.0000e+00
     82.204    159.479    13.7228   4.535981     2.7918     0.4697  1.6896622  13.777275    13.7107    38.4562    28.9235     4.2940    186.379 0.0000e+00
     82.735    160.479    13.7219   4.535969     2.7908     0.4796  1.6898657  13.779326    13.7098    38.4567    28.9241     4.3015    186.705 0.0000e+00
     83.324    161.479    13.7212   4.536059     2.7920     0.4719  1.6904762  13.790260    13.7090    38.4580    28.9253     4.3031    186.773 0.0000e+00
     83.917    162.479    13.7205   4.536108     2.7903     0.4736  1.6911376  13.779326    13.7082    38.4589    28.9261     4.2909    186.243 0.0000e+00
     84.514    163.479    13.7181   4.536130     2.7868     0.4590  1.6914937  13.782743    13.7057    38.4613    28.9285     4.2887    186.148 0.0000e+00
     85.139    164.479    13.7165   4.536286     2.7878     0.4686  1.6916972  13.776592    13.7040    38.4641    28.9311     4.3013    186.696 0.0000e+00
     85.774    165.479    13.7142   4.536461     2.7893     0.4682  1.6917481  13.780009    13.7016    38.4678    28.9345     4.3044    186.831 0.0000e+00
     86.252    166.479    13.7137   4.536497     2.7909     0.4428  1.6923077  13.762923    13.7010    38.4685    28.9351     4.3038    186.801 0.0000e+00
     86.781    167.479    13.7128   4.536523     2.7900     0.4055  1.6929182  13.765657    13.7001    38.4693    28.9359     4.3035    186.788 0.0000e+00
     87.484    168.479    13.7113   4.536545     2.7920     0.3847  1.6929182  13.749936    13.6985    38.4708    28.9374     4.3100    187.070 0.0000e+00
     88.198    169.479    13.7075   4.536322     2.7919     0.3787  1.6926130  13.750620    13.6946    38.4721    28.9392     4.3047    186.839 0.0000e+00
     88.704    170.479    13.7039   4.536021     2.7913     0.3724  1.6914937  13.749253    13.6909    38.4727    28.9405     4.3052    186.861 0.0000e+00
     89.216    171.479    13.7026   4.535977     2.7913     0.3546  1.6915955  13.770441    13.6895    38.4733    28.9413     4.3036    186.793 0.0000e+00
     89.850    172.479    13.7021   4.536074     2.7893     0.3466  1.6915446  13.759505    13.6890    38.4744    28.9423     4.2940    186.376 0.0000e+00
     90.491    173.479    13.7011   4.536047     2.7867     0.3391  1.6914937  13.756088    13.6879    38.4749    28.9428     4.2896    186.186 0.0000e+00
     91.067    174.479    13.7006   4.536131     2.7842     0.3447  1.6917990  13.754721    13.6872    38.4760    28.9438     4.2846    185.967 0.0000e+00
     91.689    175.479    13.6995   4.536107     2.7811     0.3430  1.6916972  13.743785    13.6860    38.4766    28.9446     4.2743    185.519 0.0000e+00
     92.252    176.479    13.7012   4.536583     2.7769     0.3372  1.6920533  13.739684    13.6877    38.4791    28.9461     4.2638    185.063 0.0000e+00
     92.725    177.479    13.7070   4.537655     2.7724     0.3378  1.6924095  13.740367    13.6934    38.4832    28.9481     4.2596    184.882 0.0000e+00
     93.326    178.479    13.7088   4.538128     2.7711     0.3301  1.6928673  13.733532    13.6951    38.4857    28.9497     4.2663    185.172 0.0000e+00
     94.074    179.479    13.7099   4.538409     2.7715     0.3024  1.6940375  13.734215    13.6961    38.4869    28.9504     4.2691    185.293 0.0000e+00
     94.680    180.479    13.7100   4.538505     2.7719     0.2889  1.6953093  13.738317    13.6961    38.4875    28.9508     4.2699    185.329 0.0000e+00
     95.120    181.479    13.7105   4.538609     2.7718     0.2910  1.6957163  13.746519    13.6966    38.4877    28.9510     4.2668    185.194 0.0000e+00
     95.701    182.479    13.7112   4.538800     2.7706     0.2885  1.6967847  13.747886    13.6972    38.4886    28.9515     4.2626    185.011 0.0000e+00
     96.389    183.479    13.7124   4.539073     2.7693     0.2891  1.6976496  13.738317    13.6983    38.4896    28.9520     4.2594    184.871 0.0000e+00
     96.994    184.479    13.7134   4.539312     2.7674     0.2764  1.6979039  13.730114    13.6992    38.4906    28.9526     4.2536    184.620 0.0000e+00
     97.512    185.479    13.7138   4.539462     2.7651     0.2652  1.6982601  13.743101    13.6995    38.4914    28.9532     4.2509    184.504 0.0000e+00
     98.048    186.479    13.7148   4.539678     2.7641     0.2680  1.6990741  13.743785    13.7004    38.4922    28.9536     4.2508    184.498 0.0000e+00
     98.687    187.479    13.7167   4.540027     2.7627     0.2662  1.6989723  13.735582    13.7022    38.4934    28.9541     4.2481    184.380 0.0000e+00
     99.355    188.479    13.7190   4.540518     2.7616     0.2654  1.6991758  13.732165    13.7044    38.4954    28.9552     4.2408    184.062 0.0000e+00
     99.996    189.479    13.7220   4.541118     2.7567     0.2630  1.6997355  13.730798    13.7074    38.4978    28.9564     4.2213    183.219 0.0000e+00
    100.535    190.479    13.7263   4.541897     2.7517     0.2512  1.7000916  13.736949    13.7115    38.5007    28.9578     4.2199    183.159 0.0000e+00
    101.005    191.479    13.7303   4.542618     2.7498     0.2484  1.7003460  13.746519    13.7155    38.5033    28.9590     4.2165    183.008 0.0000e+00
    101.576    192.479    13.7323   4.543003     2.7464     0.2504  1.7005495  13.746519    13.7174    38.5046    28.9596     4.2103    182.742 0.0000e+00
    102.280    193.479    13.7347   4.543512     2.7446     0.2572  1.7018213  13.748569    13.7197    38.5067    28.9607     4.2070    182.595 0.0000e+00
    102.873    194.479    13.7373   4.543994     2.7417     0.2567  1.7027880  13.745835    13.7222    38.5085    28.9616     4.2087    182.671 0.0000e+00
    103.348    195.479    13.7384   4.544238     2.7441     0.2413  1.7032458  13.747203    13.7232    38.5095    28.9621     4.2188    183.106 0.0000e+00
    103.939    196.479    13.7379   4.544262     2.7430     0.2447  1.7044668  13.750620    13.7226    38.5100    28.9626     4.2040    182.467 0.0000e+00
    104.627    197.479    13.7430   4.545096     2.7400     0.2472  1.7053826  13.749936    13.7276    38.5125    28.9635     4.1976    182.189 0.0000e+00
    105.229    198.479    13.7523   4.546687     2.7371     0.2422  1.7060440  13.750620    13.7369    38.5179    28.9657     4.1896    181.839 0.0000e+00
    105.803    199.479    13.7581   4.547646     2.7342     0.2336  1.7070615  13.757455    13.7426    38.5209    28.9668     4.1840    181.598 0.0000e+00
    106.272    200.479    13.7586   4.547813     2.7307     0.2388  1.7071123  13.763606    13.7430    38.5218    28.9674     4.1737    181.150 0.0000e+00
    106.835    201.479    13.7610   4.548298     2.7261     0.2356  1.7076211  13.761556    13.7453    38.5237    28.9684     4.1639    180.725 0.0000e+00
    107.617    202.479    13.7639   4.548902     2.7230     0.2379  1.7084860  13.762923    13.7480    38.5263    28.9698     4.1650    180.772 0.0000e+00
    108.189    203.479    13.7641   4.549099     2.7215     0.2340  1.7099613  13.764973    13.7482    38.5277    28.9708     4.1628    180.677 0.0000e+00
    108.526    204.479    13.7648   4.549194     2.7194     0.2136  1.7112332  13.765657    13.7488    38.5277    28.9708     4.1575    180.445 0.0000e+00
    109.127    205.479    13.7657   4.549420     2.7169     0.2250  1.7117420  13.768391    13.7497    38.5286    28.9713     4.1518    180.197 0.0000e+00
