Boussole/Data/SBEMOOSE/Work/cnv/bous233_03.cnv
* Sea-Bird SBE 9 Data File:
* FileName = C:\boussole\202108\bous233_03.hdr
* Software Version Seasave V 7.23.2
* Temperature SN = 1378
* Conductivity SN = 2929
* Number of Bytes Per Scan = 34
* Number of Voltage Words = 3
* Number of Scans Averaged by the Deck Unit = 1
* NMEA Latitude = 43 22.10 N
* NMEA Longitude = 007 53.72 E
* NMEA UTC (Time) = Aug 18 2021  10:31:27
* NMEA baud rate = 4800
** Campagne = BOUSSOLE 233
** Navire = Tethys II
** Station = BOUS233_03
** Date = 18/08/2021
** Heure debut [TU] = 10:31
** Heure fin [TU] = 10:51
** Heure locale / TU = +2
** Latitude = 43 22.087 N
** Longitude = 007 53.744 E
** Heure meteo [TU] = 10:26
** T air sec [deg C] = 24.6
** T mer [deg C] = 24.433
** Vent [noeuds, degres] = 8, 120
** Pression atm [hpa] = 1012.5
** Humidite [%] = 78.5
** Nebulosite [octas] = 1
** Etat de la mer [code S] = 3
# nquan = 14
# nvalues = 1248                        
# units = specified
# name 0 = prDM: Pressure, Digiquartz [db]
# name 1 = timeS: Time, Elapsed [seconds]
# name 2 = t090C: Temperature [ITS-90, deg C]
# name 3 = c0S/m: Conductivity [S/m]
# name 4 = sbeox0V: Oxygen raw, SBE 43 [V]
# name 5 = flC: Fluorescence, Chelsea Aqua 3 Chl Con [ug/l]
# name 6 = upoly0: Upoly 0, RINKOIII_DO
# name 7 = upoly1: Upoly 1, RINKOIII_Temp
# name 8 = potemp090C: Potential Temperature [ITS-90, deg C]
# name 9 = sal00: Salinity, Practical [PSU]
# name 10 = sigma-é00: Density [sigma-theta, kg/m^3]
# name 11 = sbeox0ML/L: Oxygen, SBE 43 [ml/l], WS = 2
# name 12 = sbox0Mm/Kg: Oxygen, SBE 43 [umol/kg], WS = 2
# name 13 = flag: flag
# span 0 =     -0.009,    301.212       
# span 1 =      0.479,   1247.375       
# span 2 =    13.6326,    24.5530       
# span 3 =   4.527205,   5.716472       
# span 4 =     2.4557,     4.0486       
# span 5 =    -0.0629,     1.3443       
# span 6 =  1.3093203,  2.3514449       
# span 7 =  13.617301,  24.508739       
# span 8 =    13.6204,    24.5528       
# span 9 =    38.2422,    38.6660       
# span 10 =    26.0793,    29.0763      
# span 11 =     3.7007,     6.5677      
# span 12 =    160.605,    285.202      
# span 13 = 0.0000e+00, 0.0000e+00      
# interval = seconds: 1                 
# start_time = Aug 18 2021 10:31:27 [NMEA time, header]
# bad_flag = -9.990e-29
*END*
[from data line 104]
     40.286    104.479    13.7099   4.532979     3.0085     1.2853  1.5708181  13.863373    13.7040    38.4596    28.9276     4.7124    204.539 0.0000e+00
     41.086    105.479    13.7254   4.534636     3.0172     1.2954  1.5875051  13.846292    13.7194    38.4594    28.9241     4.7565    206.456 0.0000e+00
     41.130    106.479    13.7642   4.538275     3.0234     1.3048  1.5978327  13.846292    13.7582    38.4550    28.9124     4.7657    206.855 0.0000e+00
     40.944    107.479    13.7659   4.538644     3.0338     1.2957  1.5965609  13.908458    13.7599    38.4569    28.9135     4.7871    207.783 0.0000e+00
     40.847    108.479    13.8041   4.542483     3.0382     1.2871  1.5895910  13.992466    13.7981    38.4550    28.9038     4.7510    206.219 0.0000e+00
     41.172    109.479    13.7934   4.541377     3.0244     1.2818  1.5876577  13.941246    13.7874    38.4551    28.9062     4.6648    202.479 0.0000e+00
     41.954    110.479    13.7518   4.537307     2.9942     1.3016  1.5913716  13.895481    13.7456    38.4579    28.9173     4.5742    198.542 0.0000e+00
     42.860    111.479    13.7099   4.533196     2.9599     1.2683  1.5991046  13.842192    13.7036    38.4606    28.9284     4.5302    196.631 0.0000e+00
     43.720    112.479    13.6832   4.530436     2.9429     1.1932  1.6075499  13.820327    13.6769    38.4607    28.9342     4.5760    198.616 0.0000e+00
     44.409    113.479    13.6819   4.530379     2.9515     1.0936  1.6165547  13.833310    13.6754    38.4612    28.9349     4.6319    201.045 0.0000e+00
     44.706    114.479    13.7549   4.537785     2.9545     1.0277  1.6212861  13.835360    13.7483    38.4582    28.9169     4.5881    199.148 0.0000e+00
     44.943    115.479    13.7316   4.535172     2.9443     1.0669  1.6191494  13.840826    13.7250    38.4566    28.9207     4.5781    198.711 0.0000e+00
     45.279    116.479    13.6905   4.531426     2.9525     1.0819  1.6180301  13.866106    13.6839    38.4622    28.9339     4.6468    201.691 0.0000e+00
     45.331    117.479    13.7524   4.537692     2.9618     1.0138  1.6194546  13.842189    13.7458    38.4595    28.9185     4.5972    199.542 0.0000e+00
     45.413    118.479    13.7697   4.539363     2.9399     0.9662  1.6226597  13.812811    13.7630    38.4579    28.9136     4.4906    194.916 0.0000e+00
     46.175    119.479    13.6764   4.529991     2.9139     0.9222  1.6274928  13.782059    13.6697    38.4623    28.9370     4.4698    194.006 0.0000e+00
     47.252    120.479    13.6557   4.527907     2.9039     0.8838  1.6352767  13.743101    13.6489    38.4627    28.9418     4.5003    195.330 0.0000e+00
     47.755    121.479    13.6880   4.531170     2.9024     0.8569  1.6416361  13.745835    13.6810    38.4611    28.9336     4.4922    194.981 0.0000e+00
     47.977    122.479    13.6887   4.531191     2.8941     0.8757  1.6458587  13.734215    13.6817    38.4605    28.9330     4.4602    193.593 0.0000e+00
     48.510    123.479    13.6606   4.528474     2.8846     0.8959  1.6479955  13.756088    13.6535    38.4627    28.9407     4.4613    193.639 0.0000e+00
     49.123    124.479    13.6551   4.527985     2.8866     0.8689  1.6492165  13.754721    13.6479    38.4633    28.9424     4.5011    195.366 0.0000e+00
     49.307    125.479    13.6791   4.530388     2.8945     0.8615  1.6506410  13.734899    13.6719    38.4619    28.9362     4.5003    195.329 0.0000e+00
     49.376    126.479    13.7050   4.532903     2.8889     0.8566  1.6495217  13.747886    13.6978    38.4597    28.9290     4.4476    193.044 0.0000e+00
     49.928    127.479    13.6664   4.529316     2.8774     0.8535  1.6481990  13.758139    13.6591    38.4642    28.9407     4.4370    192.584 0.0000e+00
     50.771    128.479    13.6514   4.528229     2.8746     0.8134  1.6508954  13.747886    13.6440    38.4686    28.9474     4.4567    193.435 0.0000e+00
     51.399    129.479    13.6521   4.528473     2.8755     0.7774  1.6527778  13.759504    13.6446    38.4699    28.9483     4.4567    193.439 0.0000e+00
     51.879    130.479    13.6505   4.528498     2.8735     0.7877  1.6546093  13.748569    13.6429    38.4715    28.9499     4.4535    193.295 0.0000e+00
     52.484    131.479    13.6496   4.528480     2.8748     0.7706  1.6558303  13.741051    13.6420    38.4720    28.9504     4.4689    193.966 0.0000e+00
     53.207    132.479    13.6486   4.528490     2.8788     0.6856  1.6565934  13.762923    13.6408    38.4728    28.9513     4.4756    194.257 0.0000e+00
     53.687    133.479    13.6513   4.528760     2.8793     0.6195  1.6584758  13.735582    13.6435    38.4724    28.9504     4.4669    193.879 0.0000e+00
     53.604    134.479    13.6756   4.530636     2.8787     0.5933  1.6589337  13.697301    13.6678    38.4658    28.9401     4.4646    193.780 0.0000e+00
     53.390    135.479    13.6710   4.530254     2.8788     0.6318  1.6588828  13.705504    13.6632    38.4669    28.9420     4.4628    193.703 0.0000e+00
     53.966    136.479    13.6631   4.529662     2.8762     0.6353  1.6590355  13.702770    13.6552    38.4690    28.9453     4.4445    192.909 0.0000e+00
     55.477    137.479    13.6444   4.528383     2.8702     0.5797  1.6599003  13.684995    13.6363    38.4749    28.9539     4.4449    192.921 0.0000e+00
     56.764    138.479    13.6433   4.528442     2.8719     0.5028  1.6601038  13.681577    13.6350    38.4760    28.9550     4.4620    193.666 0.0000e+00
     56.790    139.479    13.6566   4.529432     2.8733     0.5005  1.6604600  13.667903    13.6483    38.4721    28.9491     4.4601    193.585 0.0000e+00
     56.609    140.479    13.6537   4.529256     2.8731     0.5220  1.6593407  13.689781    13.6454    38.4734    28.9508     4.4525    193.254 0.0000e+00
     56.880    141.479    13.6558   4.529429     2.8708     0.5092  1.6593407  13.693199    13.6475    38.4728    28.9498     4.4479    193.055 0.0000e+00
     57.387    142.479    13.6506   4.529059     2.8701     0.4649  1.6591881  13.704137    13.6422    38.4743    28.9522     4.4442    192.894 0.0000e+00
     57.959    143.479    13.6493   4.529047     2.8658     0.4237  1.6591881  13.708923    13.6408    38.4752    28.9532     4.4290    192.232 0.0000e+00
     58.661    144.479    13.6430   4.528729     2.8616     0.3919  1.6593916  13.706872    13.6345    38.4782    28.9568     4.4242    192.023 0.0000e+00
     59.640    145.479    13.6374   4.528547     2.8587     0.3712  1.6611213  13.676107    13.6287    38.4817    28.9608     4.4281    192.191 0.0000e+00
     60.501    146.479    13.6384   4.528814     2.8600     0.3506  1.6626984  13.684995    13.6296    38.4828    28.9615     4.4404    192.728 0.0000e+00
     60.629    147.479    13.6457   4.529149     2.8612     0.3262  1.6639194  13.664484    13.6368    38.4786    28.9567     4.4343    192.464 0.0000e+00
     60.665    148.479    13.6439   4.529166     2.8591     0.3388  1.6637159  13.674740    13.6351    38.4805    28.9585     4.4215    191.905 0.0000e+00
     61.053    149.479    13.6459   4.529308     2.8550     0.3561  1.6635124  13.681577    13.6370    38.4797    28.9575     4.4111    191.454 0.0000e+00
     61.569    150.479    13.6420   4.529257     2.8513     0.3287  1.6639703  13.691148    13.6330    38.4829    28.9608     4.4029    191.098 0.0000e+00
     62.323    151.479    13.6427   4.529586     2.8462     0.3109  1.6645808  13.686362    13.6336    38.4851    28.9624     4.3908    190.574 0.0000e+00
     63.126    152.479    13.6445   4.530043     2.8426     0.3074  1.6656492  13.678842    13.6352    38.4872    28.9637     4.3951    190.760 0.0000e+00
     63.652    153.479    13.6459   4.530159     2.8417     0.3063  1.6665650  13.691831    13.6366    38.4866    28.9629     4.3919    190.622 0.0000e+00
     64.020    154.479    13.6473   4.530330     2.8393     0.3167  1.6670228  13.679526    13.6379    38.4867    28.9627     4.3864    190.385 0.0000e+00
     64.379    155.479    13.6470   4.530553     2.8375     0.3116  1.6674298  13.697301    13.6376    38.4890    28.9646     4.3902    190.549 0.0000e+00
     64.888    156.479    13.6477   4.530665     2.8394     0.2977  1.6676333  13.685679    13.6382    38.4891    28.9645     4.4018    191.051 0.0000e+00
     65.489    157.479    13.6473   4.530657     2.8413     0.2997  1.6684982  13.703453    13.6377    38.4892    28.9646     4.4012    191.024 0.0000e+00
     66.066    158.479    13.6460   4.530530     2.8412     0.3035  1.6687017  13.717809    13.6364    38.4889    28.9648     4.3954    190.773 0.0000e+00
     66.628    159.479    13.6443   4.530377     2.8388     0.3064  1.6692104  13.700036    13.6345    38.4890    28.9652     4.3845    190.298 0.0000e+00
     67.006    160.479    13.6462   4.530587     2.8358     0.2997  1.6705332  13.685679    13.6364    38.4889    28.9647     4.3805    190.126 0.0000e+00
     67.398    161.479    13.6438   4.530459     2.8338     0.2835  1.6709911  13.682260    13.6340    38.4899    28.9660     4.3768    189.964 0.0000e+00
     68.031    162.479    13.6418   4.530378     2.8314     0.2689  1.6709911  13.686362    13.6319    38.4909    28.9672     4.3799    190.100 0.0000e+00
     68.567    163.479    13.6431   4.530612     2.8335     0.2680  1.6714489  13.683628    13.6331    38.4915    28.9675     4.3921    190.631 0.0000e+00
     69.185    164.479    13.6424   4.530711     2.8350     0.2728  1.6716016  13.680893    13.6323    38.4930    28.9688     4.3918    190.614 0.0000e+00
     70.061    165.479    13.6391   4.530467     2.8364     0.2807  1.6721612  13.665851    13.6289    38.4935    28.9699     4.3970    190.841 0.0000e+00
     70.518    166.479    13.6427   4.530767     2.8371     0.2728  1.6725682  13.662433    13.6324    38.4926    28.9684     4.3941    190.717 0.0000e+00
     70.419    167.479    13.6475   4.531016     2.8378     0.2759  1.6727208  13.657646    13.6372    38.4902    28.9655     4.3953    190.767 0.0000e+00
     70.561    168.479    13.6446   4.530876     2.8371     0.2693  1.6724664  13.668586    13.6343    38.4916    28.9673     4.3869    190.405 0.0000e+00
     71.382    169.479    13.6419   4.530910     2.8347     0.2738  1.6728734  13.665168    13.6314    38.4943    28.9700     4.3860    190.366 0.0000e+00
     72.445    170.479    13.6420   4.531427     2.8353     0.2623  1.6727717  13.665168    13.6314    38.4987    28.9734     4.3902    190.544 0.0000e+00
     73.005    171.479    13.6437   4.531548     2.8339     0.2531  1.6728226  13.660381    13.6331    38.4978    28.9723     4.3809    190.141 0.0000e+00
     73.379    172.479    13.6441   4.531882     2.8317     0.2394  1.6729243  13.653543    13.6334    38.5004    28.9743     4.3775    189.994 0.0000e+00
     73.841    173.479    13.6441   4.532114     2.8302     0.2264  1.6728734  13.664484    13.6333    38.5025    28.9759     4.3773    189.983 0.0000e+00
     74.104    174.479    13.6447   4.532100     2.8291     0.2263  1.6729243  13.665168    13.6339    38.5016    28.9750     4.3714    189.730 0.0000e+00
     74.425    175.479    13.6453   4.532177     2.8260     0.2295  1.6731787  13.663800    13.6345    38.5015    28.9749     4.3631    189.367 0.0000e+00
     75.124    176.479    13.6461   4.532614     2.8238     0.2237  1.6731787  13.661065    13.6351    38.5046    28.9772     4.3600    189.235 0.0000e+00
     75.905    177.479    13.6472   4.532819     2.8210     0.2197  1.6736874  13.667902    13.6361    38.5051    28.9774     4.3580    189.145 0.0000e+00
     76.462    178.479    13.6472   4.532871     2.8207     0.2244  1.6741453  13.679526    13.6360    38.5054    28.9776     4.3606    189.259 0.0000e+00
     76.944    179.479    13.6477   4.532978     2.8197     0.2334  1.6749085  13.678158    13.6365    38.5057    28.9777     4.3606    189.259 0.0000e+00
     77.442    180.479    13.6483   4.533126     2.8202     0.2282  1.6750611  13.682944    13.6370    38.5062    28.9780     4.3616    189.302 0.0000e+00
     77.852    181.479    13.6489   4.533190     2.8194     0.2103  1.6753663  13.672005    13.6375    38.5060    28.9778     4.3554    189.037 0.0000e+00
     78.286    182.479    13.6495   4.533330     2.8171     0.2141  1.6755698  13.673372    13.6381    38.5066    28.9781     4.3500    188.799 0.0000e+00
     78.879    183.479    13.6503   4.533518     2.8160     0.2034  1.6763330  13.668586    13.6388    38.5073    28.9785     4.3542    188.983 0.0000e+00
     79.488    184.479    13.6501   4.533618     2.8172     0.2067  1.6767400  13.665851    13.6385    38.5082    28.9793     4.3616    189.303 0.0000e+00
     79.871    185.479    13.6505   4.533627     2.8177     0.2068  1.6772996  13.672688    13.6388    38.5077    28.9788     4.3548    189.007 0.0000e+00
     80.167    186.479    13.6496   4.533617     2.8164     0.2115  1.6777575  13.663800    13.6379    38.5084    28.9795     4.3560    189.058 0.0000e+00
     80.857    187.479    13.6455   4.533255     2.8167     0.2099  1.6783680  13.664484    13.6337    38.5087    28.9807     4.3533    188.945 0.0000e+00
     81.742    188.479    13.6430   4.532976     2.8150     0.2188  1.6782153  13.665168    13.6310    38.5083    28.9809     4.3534    188.946 0.0000e+00
     81.938    189.479    13.6487   4.533483     2.8161     0.2273  1.6791311  13.653543    13.6367    38.5072    28.9789     4.3624    189.337 0.0000e+00
     82.048    190.479    13.6474   4.533387     2.8184     0.2332  1.6792837  13.659014    13.6354    38.5076    28.9794     4.3665    189.515 0.0000e+00
     82.872    191.479    13.6423   4.532938     2.8188     0.2129  1.6796907  13.652860    13.6302    38.5080    28.9809     4.3595    189.210 0.0000e+00
     83.736    192.479    13.6390   4.532698     2.8173     0.1989  1.6790802  13.652860    13.6268    38.5087    28.9821     4.3594    189.208 0.0000e+00
     83.981    193.479    13.6453   4.533264     2.8180     0.2144  1.6790802  13.648073    13.6330    38.5076    28.9800     4.3656    189.477 0.0000e+00
     84.250    194.479    13.6423   4.533036     2.8195     0.2118  1.6791311  13.653543    13.6300    38.5083    28.9811     4.3695    189.644 0.0000e+00
     84.926    195.479    13.6387   4.532732     2.8209     0.2318  1.6795890  13.656962    13.6263    38.5087    28.9822     4.3721    189.759 0.0000e+00
     85.724    196.479    13.6363   4.532594     2.8213     0.2188  1.6790802  13.654227    13.6238    38.5095    28.9834     4.3681    189.583 0.0000e+00
     86.315    197.479    13.6360   4.532642     2.8200     0.2045  1.6789784  13.656279    13.6234    38.5100    28.9839     4.3581    189.153 0.0000e+00
     86.669    198.479    13.6368   4.532776     2.8156     0.1956  1.6789276  13.648757    13.6241    38.5103    28.9840     4.3463    188.640 0.0000e+00
     87.199    199.479    13.6340   4.532715     2.8131     0.1936  1.6789276  13.646705    13.6213    38.5123    28.9861     4.3507    188.829 0.0000e+00
     87.892    200.479    13.6349   4.532902     2.8130     0.1988  1.6787750  13.657646    13.6221    38.5128    28.9863     4.3514    188.857 0.0000e+00
     88.458    201.479    13.6355   4.533043     2.8111     0.2023  1.6783680  13.661065    13.6226    38.5133    28.9866     4.3445    188.557 0.0000e+00
     89.074    202.479    13.6363   4.533223     2.8096     0.1952  1.6787750  13.659014    13.6232    38.5140    28.9870     4.3447    188.571 0.0000e+00
     89.715    203.479    13.6377   4.533499     2.8087     0.1890  1.6790293  13.665168    13.6246    38.5149    28.9874     4.3389    188.318 0.0000e+00
     90.212    204.479    13.6386   4.533677     2.8057     0.1962  1.6795889  13.656279    13.6254    38.5155    28.9877     4.3370    188.235 0.0000e+00
     90.655    205.479    13.6389   4.533763     2.8062     0.1930  1.6794363  13.661065    13.6257    38.5157    28.9878     4.3365    188.212 0.0000e+00
