Boussole/Data/SBEMOOSE/Work/cnv/bous234_01.cnv
* Sea-Bird SBE 9 Data File:
* FileName = C:\boussole\202109\bous234_01.hdr
* Software Version Seasave V 7.23.2
* Temperature SN = 1378
* Conductivity SN = 2929
* Number of Bytes Per Scan = 34
* Number of Voltage Words = 3
* Number of Scans Averaged by the Deck Unit = 1
* NMEA Latitude = 43 22.06 N
* NMEA Longitude = 007 54.22 E
* NMEA UTC (Time) = Sep 13 2021  12:07:04
* NMEA baud rate = 4800
** Campagne = BOUSSOLE 234
** Navire = Tethys II
** Station = BOUS234_01
** Date = 13/09/2021
** Heure debut [TU] = 12:07
** Heure fin [TU] = 12:35
** Heure locale / TU = +2
** Latitude = 43 22.057 N
** Longitude = 007 54.203 E
** Heure meteo [TU] = 12:05
** T air sec [deg C] = 23.9
** T mer [deg C] = 24.0
** Vent [noeuds, degres] = 12.2, 214
** Pression atm [hpa] = 1016.6
** Humidite [%] = 82
** Nebulosite [octas] = 1
** Etat de la mer [code S] = 2
# nquan = 14
# nvalues = 1730                        
# units = specified
# name 0 = prDM: Pressure, Digiquartz [db]
# name 1 = timeS: Time, Elapsed [seconds]
# name 2 = t090C: Temperature [ITS-90, deg C]
# name 3 = c0S/m: Conductivity [S/m]
# name 4 = sbeox0V: Oxygen raw, SBE 43 [V]
# name 5 = flC: Fluorescence, Chelsea Aqua 3 Chl Con [ug/l]
# name 6 = upoly0: Upoly 0, RINKOIII_DO
# name 7 = upoly1: Upoly 1, RINKOIII_Temp
# name 8 = potemp090C: Potential Temperature [ITS-90, deg C]
# name 9 = sal00: Salinity, Practical [PSU]
# name 10 = sigma-é00: Density [sigma-theta, kg/m^3]
# name 11 = sbeox0ML/L: Oxygen, SBE 43 [ml/l], WS = 2
# name 12 = sbox0Mm/Kg: Oxygen, SBE 43 [umol/kg], WS = 2
# name 13 = flag: flag
# span 0 =     -0.067,    404.847       
# span 1 =      0.479,   1729.417       
# span 2 =    13.5690,    23.9324       
# span 3 =   0.591006,   5.644617       
# span 4 =     2.4274,     4.0958       
# span 5 =    -0.2893,     9.6497       
# span 6 =  1.2892247,  1.8141534       
# span 7 =  13.557797,  23.884130       
# span 8 =    13.5094,    23.9323       
# span 9 =     3.2851,    38.6625       
# span 10 =    -0.2020,    29.0905      
# span 11 =     3.7093,     6.4356      
# span 12 =    160.976,    279.562      
# span 13 = 0.0000e+00, 0.0000e+00      
# interval = seconds: 1                 
# start_time = Sep 13 2021 12:07:04 [NMEA time, header]
# bad_flag = -9.990e-29
*END*
[from data line 930]
    200.323    930.479    13.8378   4.574505     2.5003     0.1555  1.7985348  13.825111    13.8081    38.6532    29.0552     3.7584    163.112 0.0000e+00
    200.325    931.479    13.8377   4.574510     2.5014     0.1504  1.7986365  13.821011    13.8080    38.6533    29.0553     3.7636    163.336 0.0000e+00
    200.479    932.479    13.8373   4.574458     2.5028     0.1332  1.7985348  13.821011    13.8076    38.6531    29.0552     3.7672    163.493 0.0000e+00
    200.450    933.479    13.8360   4.574306     2.5037     0.1441  1.7985348  13.821694    13.8063    38.6530    29.0555     3.7660    163.441 0.0000e+00
    200.242    934.479    13.8370   4.574441     2.5034     0.1626  1.7981278  13.821011    13.8073    38.6534    29.0555     3.7625    163.291 0.0000e+00
    200.218    935.479    13.8378   4.574510     2.5033     0.1599  1.7985348  13.818278    13.8081    38.6533    29.0553     3.7647    163.384 0.0000e+00
    200.498    936.479    13.8349   4.574203     2.5040     0.1573  1.7984839  13.818278    13.8052    38.6531    29.0558     3.7674    163.501 0.0000e+00
    200.481    937.479    13.8354   4.574260     2.5040     0.1555  1.7984839  13.815544    13.8057    38.6531    29.0556     3.7627    163.296 0.0000e+00
    200.328    938.479    13.8362   4.574347     2.5029     0.1622  1.7982804  13.817594    13.8065    38.6533    29.0556     3.7612    163.231 0.0000e+00
    200.299    939.479    13.8372   4.574437     2.5028     0.1530  1.7984330  13.821694    13.8075    38.6531    29.0552     3.7639    163.349 0.0000e+00
    200.349    940.479    13.8369   4.574418     2.5034     0.1384  1.7985348  13.822377    13.8072    38.6532    29.0554     3.7657    163.427 0.0000e+00
    200.451    941.479    13.8363   4.574373     2.5040     0.1363  1.7982804  13.823061    13.8066    38.6534    29.0556     3.7685    163.550 0.0000e+00
    200.460    942.479    13.8364   4.574374     2.5050     0.1412  1.7984330  13.821011    13.8067    38.6533    29.0556     3.7677    163.515 0.0000e+00
    200.345    943.479    13.8367   4.574410     2.5039     0.1496  1.7983313  13.824427    13.8070    38.6533    29.0555     3.7604    163.199 0.0000e+00
    200.338    944.479    13.8370   4.574426     2.5029     0.1599  1.7985348  13.821694    13.8073    38.6531    29.0553     3.7627    163.300 0.0000e+00
    200.417    945.479    13.8365   4.574387     2.5038     0.1581  1.7984839  13.827160    13.8068    38.6533    29.0556     3.7689    163.568 0.0000e+00
    200.397    946.479    13.8366   4.574393     2.5048     0.1592  1.7984839  13.820327    13.8069    38.6532    29.0555     3.7661    163.444 0.0000e+00
    200.311    947.479    13.8370   4.574442     2.5036     0.1484  1.7984330  13.821694    13.8073    38.6534    29.0555     3.7607    163.212 0.0000e+00
    200.374    948.479    13.8369   4.574435     2.5029     0.1529  1.7986365  13.825111    13.8072    38.6533    29.0555     3.7633    163.325 0.0000e+00
    200.358    949.479    13.8369   4.574422     2.5033     0.1541  1.7982295  13.823744    13.8072    38.6532    29.0554     3.7634    163.328 0.0000e+00
    200.072    950.479    13.8378   4.574478     2.5032     0.1582  1.7985348  13.822377    13.8081    38.6530    29.0550     3.7646    163.379 0.0000e+00
    199.550    951.479    13.8390   4.574600     2.5034     0.1514  1.7985348  13.819644    13.8094    38.6532    29.0549     3.7598    163.172 0.0000e+00
    199.096    952.479    13.8389   4.574593     2.5018     0.1437  1.7988400  13.818278    13.8095    38.6534    29.0550     3.7582    163.101 0.0000e+00
    198.685    953.479    13.8394   4.574606     2.5020     0.1615  1.7983822  13.819644    13.8100    38.6532    29.0548     3.7622    163.276 0.0000e+00
    197.755    954.479    13.8405   4.574678     2.5030     0.1606  1.7980260  13.821694    13.8112    38.6533    29.0546     3.7663    163.455 0.0000e+00
    196.793    955.479    13.8405   4.574640     2.5049     0.1582  1.7980769  13.822377    13.8113    38.6533    29.0546     3.7722    163.711 0.0000e+00
    195.872    956.479    13.8413   4.574692     2.5070     0.1498  1.7979752  13.823061    13.8123    38.6534    29.0544     3.7732    163.752 0.0000e+00
    194.982    957.479    13.8418   4.574698     2.5070     0.1548  1.7982804  13.825111    13.8129    38.6533    29.0543     3.7679    163.524 0.0000e+00
    194.214    958.479    13.8418   4.574683     2.5069     0.1600  1.7980260  13.827160    13.8131    38.6535    29.0544     3.7662    163.451 0.0000e+00
    193.145    959.479    13.8422   4.574657     2.5060     0.1611  1.7979752  13.819644    13.8136    38.6534    29.0542     3.7634    163.328 0.0000e+00
    191.863    960.479    13.8432   4.574691     2.5060     0.1597  1.7980769  13.821694    13.8148    38.6533    29.0538     3.7664    163.460 0.0000e+00
    190.969    961.479    13.8433   4.574639     2.5067     0.1537  1.7980769  13.827844    13.8150    38.6531    29.0536     3.7679    163.521 0.0000e+00
    190.225    962.479    13.8431   4.574563     2.5075     0.1496  1.7977208  13.827160    13.8149    38.6529    29.0535     3.7711    163.663 0.0000e+00
    189.233    963.479    13.8434   4.574522     2.5088     0.1419  1.7979243  13.827160    13.8153    38.6527    29.0532     3.7731    163.750 0.0000e+00
    188.164    964.479    13.8430   4.574426     2.5097     0.1377  1.7977208  13.827160    13.8152    38.6526    29.0532     3.7745    163.810 0.0000e+00
    187.024    965.479    13.8435   4.574369     2.5112     0.1443  1.7976190  13.827844    13.8158    38.6521    29.0527     3.7753    163.846 0.0000e+00
    186.030    966.479    13.8434   4.574305     2.5106     0.1344  1.7973647  13.827844    13.8158    38.6521    29.0527     3.7695    163.594 0.0000e+00
    185.357    967.479    13.8432   4.574244     2.5106     0.1331  1.7971612  13.828527    13.8158    38.6519    29.0526     3.7743    163.800 0.0000e+00
    184.444    968.479    13.8430   4.574130     2.5122     0.1376  1.7969068  13.827844    13.8156    38.6515    29.0523     3.7761    163.880 0.0000e+00
    183.129    969.479    13.8406   4.573675     2.5116     0.1468  1.7970085  13.827844    13.8135    38.6502    29.0517     3.7733    163.758 0.0000e+00
    182.215    970.479    13.8389   4.573378     2.5134     0.1600  1.7970085  13.825794    13.8119    38.6495    29.0515     3.7836    164.208 0.0000e+00
    181.425    971.479    13.8381   4.573170     2.5156     0.1516  1.7961946  13.821694    13.8113    38.6486    29.0510     3.7856    164.290 0.0000e+00
    180.292    972.479    13.8372   4.572982     2.5166     0.1446  1.7955841  13.824427    13.8105    38.6483    29.0509     3.7836    164.204 0.0000e+00
    179.296    973.479    13.8352   4.572600     2.5176     0.1423  1.7953806  13.820327    13.8087    38.6472    29.0504     3.7888    164.432 0.0000e+00
    178.380    974.479    13.8336   4.572233     2.5191     0.1426  1.7953297  13.817594    13.8072    38.6457    29.0496     3.7884    164.414 0.0000e+00
    177.497    975.479    13.8324   4.571953     2.5195     0.1552  1.7945157  13.816228    13.8061    38.6447    29.0490     3.7913    164.538 0.0000e+00
    176.480    976.479    13.8327   4.571893     2.5220     0.1515  1.7942104  13.814178    13.8066    38.6442    29.0486     3.7992    164.883 0.0000e+00
    175.345    977.479    13.8320   4.571623     2.5237     0.1477  1.7935491  13.815544    13.8061    38.6429    29.0477     3.7978    164.824 0.0000e+00
    174.419    978.479    13.8305   4.571278     2.5251     0.1520  1.7934982  13.812811    13.8047    38.6416    29.0469     3.8032    165.056 0.0000e+00
    173.416    979.479    13.8297   4.571075     2.5267     0.1567  1.7927351  13.812811    13.8041    38.6409    29.0465     3.8006    164.942 0.0000e+00
    172.382    980.479    13.8295   4.571001     2.5265     0.1537  1.7921754  13.812128    13.8040    38.6409    29.0465     3.8050    165.133 0.0000e+00
    171.473    981.479    13.8291   4.570818     2.5302     0.1538  1.7917684  13.812811    13.8038    38.6399    29.0458     3.8171    165.659 0.0000e+00
    170.477    982.479    13.8280   4.570538     2.5332     0.1538  1.7916158  13.812128    13.8028    38.6388    29.0452     3.8197    165.774 0.0000e+00
    169.483    983.479    13.8261   4.570178     2.5355     0.1553  1.7907000  13.813495    13.8010    38.6378    29.0448     3.8263    166.058 0.0000e+00
    168.470    984.479    13.8224   4.569498     2.5392     0.1434  1.7902930  13.812128    13.7975    38.6355    29.0438     3.8346    166.418 0.0000e+00
    167.457    985.479    13.8217   4.569334     2.5418     0.1461  1.7900895  13.811445    13.7969    38.6352    29.0436     3.8315    166.287 0.0000e+00
    166.434    986.479    13.8230   4.569409     2.5418     0.1525  1.7892755  13.808711    13.7984    38.6350    29.0431     3.8281    166.137 0.0000e+00
    165.398    987.479    13.8233   4.569367     2.5424     0.1484  1.7889703  13.810761    13.7988    38.6348    29.0429     3.8315    166.285 0.0000e+00
    164.474    988.479    13.8197   4.568676     2.5438     0.1476  1.7883089  13.809394    13.7954    38.6322    29.0416     3.8384    166.584 0.0000e+00
    163.596    989.479    13.8170   4.568152     2.5468     0.1589  1.7877493  13.808711    13.7928    38.6304    29.0408     3.8467    166.944 0.0000e+00
    162.530    990.479    13.8141   4.567700     2.5493     0.1538  1.7873423  13.806661    13.7901    38.6294    29.0407     3.8497    167.074 0.0000e+00
    161.428    991.479    13.8090   4.566804     2.5517     0.1659  1.7871388  13.803927    13.7851    38.6266    29.0396     3.8489    167.041 0.0000e+00
    160.501    992.479    13.8076   4.566527     2.5509     0.1670  1.7865792  13.795727    13.7839    38.6258    29.0392     3.8456    166.897 0.0000e+00
    159.485    993.479    13.8035   4.565855     2.5532     0.1606  1.7850021  13.795727    13.7799    38.6240    29.0387     3.8604    167.542 0.0000e+00
    158.479    994.479    13.8019   4.565620     2.5568     0.1512  1.7838828  13.795727    13.7785    38.6239    29.0389     3.8688    167.903 0.0000e+00
    157.569    995.479    13.7925   4.564124     2.5608     0.1513  1.7829162  13.791627    13.7692    38.6196    29.0375     3.8744    168.148 0.0000e+00
    156.459    996.479    13.7922   4.564029     2.5627     0.1494  1.7823565  13.786843    13.7692    38.6194    29.0374     3.8713    168.014 0.0000e+00
    155.364    997.479    13.7919   4.563872     2.5632     0.1588  1.7815425  13.781376    13.7689    38.6188    29.0369     3.8711    168.005 0.0000e+00
    154.444    998.479    13.7908   4.563668     2.5648     0.1592  1.7809829  13.779326    13.7680    38.6183    29.0368     3.8783    168.320 0.0000e+00
    153.629    999.479    13.7906   4.563592     2.5665     0.1512  1.7800163  13.777959    13.7679    38.6182    29.0367     3.8766    168.242 0.0000e+00
    152.507   1000.479    13.7924   4.563802     2.5666     0.1510  1.7789479  13.780009    13.7699    38.6189    29.0368     3.8762    168.224 0.0000e+00
    151.647   1001.479    13.7929   4.563795     2.5680     0.1526  1.7789479  13.779326    13.7705    38.6187    29.0366     3.8776    168.286 0.0000e+00
    151.042   1002.479    13.7927   4.563736     2.5669     0.1616  1.7784900  13.777959    13.7704    38.6186    29.0365     3.8664    167.800 0.0000e+00
    150.321   1003.479    13.7929   4.563711     2.5644     0.1620  1.7778287  13.779326    13.7707    38.6185    29.0364     3.8630    167.653 0.0000e+00
    149.821   1004.479    13.7937   4.563842     2.5637     0.1615  1.7779813  13.778643    13.7716    38.6191    29.0366     3.8657    167.772 0.0000e+00
    149.930   1005.479    13.7943   4.563991     2.5639     0.1594  1.7777269  13.779326    13.7722    38.6199    29.0371     3.8655    167.761 0.0000e+00
    150.032   1006.479    13.7947   4.564066     2.5627     0.1586  1.7778287  13.780009    13.7725    38.6202    29.0373     3.8607    167.551 0.0000e+00
    150.112   1007.479    13.7943   4.564027     2.5622     0.1471  1.7782865  13.779326    13.7722    38.6201    29.0373     3.8655    167.761 0.0000e+00
    149.984   1008.479    13.7950   4.564137     2.5636     0.1391  1.7784900  13.780693    13.7729    38.6206    29.0375     3.8709    167.995 0.0000e+00
    149.959   1009.479    13.7942   4.563980     2.5648     0.1446  1.7782357  13.780009    13.7721    38.6199    29.0372     3.8721    168.050 0.0000e+00
    149.957   1010.479    13.7940   4.563903     2.5656     0.1493  1.7784392  13.779326    13.7719    38.6194    29.0368     3.8691    167.919 0.0000e+00
    150.171   1011.479    13.7936   4.563863     2.5641     0.1387  1.7783883  13.780009    13.7714    38.6193    29.0368     3.8637    167.683 0.0000e+00
    150.053   1012.479    13.7939   4.563901     2.5638     0.1346  1.7778796  13.779326    13.7718    38.6194    29.0368     3.8679    167.868 0.0000e+00
    149.833   1013.479    13.7939   4.563880     2.5649     0.1517  1.7775743  13.779326    13.7718    38.6193    29.0367     3.8722    168.053 0.0000e+00
    150.104   1014.479    13.7941   4.563915     2.5654     0.1562  1.7776761  13.779326    13.7719    38.6194    29.0367     3.8713    168.013 0.0000e+00
    150.103   1015.479    13.7941   4.563904     2.5659     0.1616  1.7773708  13.779326    13.7720    38.6192    29.0366     3.8735    168.110 0.0000e+00
    149.968   1016.479    13.7942   4.563889     2.5663     0.1702  1.7776761  13.778643    13.7721    38.6190    29.0365     3.8691    167.917 0.0000e+00
    150.000   1017.479    13.7944   4.563927     2.5645     0.1606  1.7774726  13.779326    13.7723    38.6191    29.0365     3.8634    167.670 0.0000e+00
    150.027   1018.479    13.7948   4.563967     2.5640     0.1633  1.7772182  13.781376    13.7727    38.6192    29.0365     3.8683    167.884 0.0000e+00
    150.106   1019.479    13.7948   4.563969     2.5648     0.1645  1.7771164  13.781376    13.7726    38.6192    29.0365     3.8708    167.993 0.0000e+00
    150.177   1020.479    13.7949   4.563983     2.5655     0.1656  1.7772182  13.782060    13.7727    38.6191    29.0364     3.8747    168.160 0.0000e+00
    150.001   1021.479    13.7947   4.563936     2.5672     0.1612  1.7769129  13.780009    13.7726    38.6190    29.0363     3.8748    168.164 0.0000e+00
    149.895   1022.479    13.7940   4.563865     2.5660     0.1663  1.7770147  13.779326    13.7719    38.6191    29.0365     3.8675    167.848 0.0000e+00
    150.051   1023.479    13.7938   4.563815     2.5656     0.1774  1.7770655  13.779326    13.7717    38.6187    29.0363     3.8709    167.995 0.0000e+00
    150.053   1024.479    13.7940   4.563861     2.5657     0.1706  1.7769638  13.779326    13.7719    38.6189    29.0364     3.8706    167.982 0.0000e+00
    150.137   1025.479    13.7939   4.563841     2.5662     0.1587  1.7771164  13.779326    13.7717    38.6189    29.0364     3.8765    168.238 0.0000e+00
    150.189   1026.479    13.7938   4.563846     2.5681     0.1559  1.7768112  13.779326    13.7716    38.6189    29.0365     3.8791    168.353 0.0000e+00
    149.957   1027.479    13.7936   4.563803     2.5686     0.1540  1.7769129  13.779326    13.7715    38.6188    29.0364     3.8788    168.339 0.0000e+00
    149.643   1028.479    13.7939   4.563820     2.5693     0.1521  1.7768621  13.779326    13.7718    38.6189    29.0364     3.8758    168.207 0.0000e+00
    149.174   1029.479    13.7947   4.563891     2.5674     0.1542  1.7767094  13.780009    13.7727    38.6189    29.0362     3.8685    167.891 0.0000e+00
    148.273   1030.479    13.7958   4.563994     2.5667     0.1529  1.7767603  13.777959    13.7739    38.6192    29.0362     3.8703    167.970 0.0000e+00
    147.169   1031.479    13.8009   4.564599     2.5661     0.1432  1.7769129  13.780009    13.7791    38.6203    29.0360     3.8670    167.826 0.0000e+00
