Boussole/Data/SBEMOOSE/Work/cnv/bous234_04.cnv
* Sea-Bird SBE 9 Data File:
* FileName = C:\boussole\202109\bous234_04.hdr
* Software Version Seasave V 7.23.2
* Temperature SN = 1378
* Conductivity SN = 2929
* Number of Bytes Per Scan = 34
* Number of Voltage Words = 3
* Number of Scans Averaged by the Deck Unit = 1
* NMEA Latitude = 43 21.98 N
* NMEA Longitude = 007 54.39 E
* NMEA UTC (Time) = Sep 14 2021  11:13:26
* NMEA baud rate = 4800
** Campagne = BOUSSOLE 234
** Navire = Tethys II
** Station = BOUS234_04
** Date = 14/09/2021
** Heure debut [TU] = 11:12
** Heure fin [TU] = 11:53
** Heure locale / TU = +2
** Latitude = 43 21.975 N
** Longitude = 007 54.367 E
** Heure meteo [TU] = 11:09
** T air sec [deg C] = 23.7
** T mer [deg C] =
** Vent [noeuds, degres] = 5.8, 235
** Pression atm [hpa] = 1017.7
** Humidite [%] = 87.6
** Nebulosite [octas] = 8
** Etat de la mer [code S] = 2
# nquan = 14
# nvalues = 2375                        
# units = specified
# name 0 = prDM: Pressure, Digiquartz [db]
# name 1 = timeS: Time, Elapsed [seconds]
# name 2 = t090C: Temperature [ITS-90, deg C]
# name 3 = c0S/m: Conductivity [S/m]
# name 4 = sbeox0V: Oxygen raw, SBE 43 [V]
# name 5 = flC: Fluorescence, Chelsea Aqua 3 Chl Con [ug/l]
# name 6 = upoly0: Upoly 0, RINKOIII_DO
# name 7 = upoly1: Upoly 1, RINKOIII_Temp
# name 8 = potemp090C: Potential Temperature [ITS-90, deg C]
# name 9 = sal00: Salinity, Practical [PSU]
# name 10 = sigma-é00: Density [sigma-theta, kg/m^3]
# name 11 = sbeox0ML/L: Oxygen, SBE 43 [ml/l], WS = 2
# name 12 = sbox0Mm/Kg: Oxygen, SBE 43 [umol/kg], WS = 2
# name 13 = flag: flag
# span 0 =      0.061,    405.641       
# span 1 =      0.479,   2374.479       
# span 2 =    13.5717,    23.8026       
# span 3 =   0.309694,   5.635423       
# span 4 =     2.4252,     4.1437       
# span 5 =     0.1505,     0.9566       
# span 6 =  1.2960928,  1.8152727       
# span 7 =  13.557796,  23.742319       
# span 8 =    13.5119,    23.8025       
# span 9 =     1.6598,    38.6581       
# span 10 =    -1.3631,    29.0906      
# span 11 =     3.5988,     6.5849      
# span 12 =    160.406,    286.077      
# span 13 = 0.0000e+00, 0.0000e+00      
# interval = seconds: 1                 
# start_time = Sep 14 2021 11:13:26 [NMEA time, header]
# bad_flag = -9.990e-29
*END*
[from data line 826]
    385.275    826.479    13.6034   4.555324     2.4291     0.1811  1.8147639  13.582421    13.5465    38.6242    29.0888     3.7188    161.385 0.0000e+00
    384.756    827.479    13.6037   4.555320     2.4299     0.1715  1.8149674  13.582421    13.5469    38.6241    29.0886     3.7171    161.314 0.0000e+00
    383.972    828.479    13.6045   4.555393     2.4289     0.1819  1.8149674  13.584473    13.5479    38.6243    29.0886     3.7147    161.211 0.0000e+00
    383.321    829.479    13.6053   4.555480     2.4299     0.1827  1.8147639  13.583105    13.5488    38.6246    29.0886     3.7230    161.568 0.0000e+00
    383.034    830.479    13.6048   4.555409     2.4313     0.1873  1.8145604  13.583105    13.5483    38.6246    29.0887     3.7217    161.511 0.0000e+00
    382.339    831.479    13.6062   4.555541     2.4310     0.1886  1.8149165  13.583105    13.5499    38.6247    29.0885     3.7183    161.364 0.0000e+00
    381.456    832.479    13.6089   4.555842     2.4308     0.1937  1.8147130  13.585157    13.5526    38.6253    29.0884     3.7173    161.321 0.0000e+00
    381.012    833.479    13.6085   4.555806     2.4306     0.1919  1.8147130  13.588577    13.5523    38.6255    29.0885     3.7155    161.245 0.0000e+00
    380.554    834.479    13.6088   4.555818     2.4300     0.1846  1.8148657  13.591996    13.5527    38.6256    29.0885     3.7153    161.237 0.0000e+00
    379.890    835.479    13.6102   4.555946     2.4305     0.1862  1.8148148  13.591996    13.5542    38.6257    29.0883     3.7193    161.408 0.0000e+00
    379.166    836.479    13.6110   4.556016     2.4312     0.1871  1.8149165  13.588577    13.5550    38.6259    29.0883     3.7215    161.506 0.0000e+00
    378.441    837.479    13.6114   4.556026     2.4330     0.1760  1.8148148  13.592680    13.5556    38.6258    29.0881     3.7240    161.614 0.0000e+00
    378.019    838.479    13.6112   4.555992     2.4320     0.1712  1.8146622  13.594732    13.5554    38.6260    29.0883     3.7109    161.045 0.0000e+00
    377.514    839.479    13.6111   4.555955     2.4300     0.1767  1.8146113  13.595416    13.5555    38.6259    29.0881     3.7129    161.132 0.0000e+00
    376.778    840.479    13.6118   4.556019     2.4307     0.1747  1.8148148  13.593364    13.5562    38.6262    29.0882     3.7155    161.242 0.0000e+00
    376.058    841.479    13.6125   4.556064     2.4303     0.1775  1.8148657  13.597468    13.5570    38.6262    29.0881     3.7147    161.210 0.0000e+00
    375.498    842.479    13.6130   4.556113     2.4309     0.1778  1.8150183  13.594048    13.5576    38.6264    29.0882     3.7166    161.292 0.0000e+00
    375.037    843.479    13.6136   4.556170     2.4311     0.1737  1.8149166  13.594732    13.5583    38.6265    29.0881     3.7170    161.308 0.0000e+00
    374.345    844.479    13.6143   4.556221     2.4323     0.1770  1.8146113  13.598836    13.5591    38.6266    29.0880     3.7234    161.588 0.0000e+00
    373.571    845.479    13.6146   4.556229     2.4339     0.1736  1.8146622  13.598836    13.5595    38.6268    29.0880     3.7198    161.429 0.0000e+00
    373.044    846.479    13.6144   4.556203     2.4323     0.1642  1.8148148  13.598152    13.5594    38.6269    29.0881     3.7113    161.061 0.0000e+00
    372.541    847.479    13.6146   4.556204     2.4310     0.1788  1.8151709  13.598152    13.5597    38.6269    29.0881     3.7121    161.098 0.0000e+00
    371.840    848.479    13.6153   4.556248     2.4318     0.1857  1.8150183  13.598152    13.5605    38.6269    29.0879     3.7152    161.233 0.0000e+00
    371.217    849.479    13.6157   4.556271     2.4306     0.1845  1.8149166  13.598836    13.5609    38.6271    29.0880     3.7086    160.943 0.0000e+00
    370.815    850.479    13.6161   4.556305     2.4303     0.1826  1.8151201  13.598836    13.5614    38.6272    29.0880     3.7115    161.068 0.0000e+00
    370.265    851.479    13.6179   4.556526     2.4306     0.1818  1.8150692  13.600204    13.5633    38.6278    29.0880     3.7131    161.140 0.0000e+00
    369.648    852.479    13.6198   4.556731     2.4313     0.1814  1.8146113  13.598836    13.5653    38.6280    29.0877     3.7185    161.373 0.0000e+00
    369.158    853.479    13.6204   4.556784     2.4335     0.1745  1.8151200  13.598836    13.5660    38.6281    29.0877     3.7212    161.491 0.0000e+00
    368.773    854.479    13.6203   4.556748     2.4337     0.1788  1.8147130  13.599520    13.5659    38.6281    29.0877     3.7160    161.266 0.0000e+00
    368.183    855.479    13.6222   4.556976     2.4333     0.1783  1.8150692  13.598836    13.5679    38.6286    29.0876     3.7164    161.283 0.0000e+00
    367.553    856.479    13.6242   4.557204     2.4340     0.1732  1.8151200  13.602255    13.5700    38.6290    29.0875     3.7192    161.403 0.0000e+00
    367.240    857.479    13.6239   4.557138     2.4346     0.1721  1.8150692  13.601572    13.5697    38.6289    29.0875     3.7164    161.282 0.0000e+00
    366.764    858.479    13.6257   4.557360     2.4329     0.1839  1.8148657  13.604307    13.5716    38.6294    29.0875     3.7087    160.947 0.0000e+00
    366.028    859.479    13.6300   4.557863     2.4320     0.1771  1.8148148  13.607043    13.5760    38.6301    29.0871     3.7117    161.080 0.0000e+00
    365.481    860.479    13.6302   4.557863     2.4324     0.1734  1.8149674  13.604991    13.5763    38.6302    29.0871     3.7053    160.804 0.0000e+00
    365.236    861.479    13.6294   4.557746     2.4291     0.1709  1.8148148  13.608410    13.5755    38.6300    29.0871     3.7003    160.585 0.0000e+00
    364.786    862.479    13.6299   4.557797     2.4299     0.1745  1.8146622  13.612514    13.5761    38.6302    29.0871     3.7142    161.186 0.0000e+00
    364.075    863.479    13.6310   4.557898     2.4330     0.1742  1.8146622  13.611830    13.5773    38.6303    29.0870     3.7193    161.409 0.0000e+00
    363.314    864.479    13.6306   4.557828     2.4333     0.1823  1.8147639  13.605675    13.5770    38.6304    29.0871     3.7116    161.075 0.0000e+00
    362.865    865.479    13.6302   4.557738     2.4327     0.1838  1.8148657  13.611830    13.5767    38.6302    29.0870     3.7116    161.076 0.0000e+00
    362.476    866.479    13.6302   4.557733     2.4334     0.1905  1.8151200  13.610462    13.5767    38.6303    29.0871     3.7161    161.270 0.0000e+00
    361.675    867.479    13.6323   4.557955     2.4347     0.1765  1.8149674  13.612514    13.5789    38.6307    29.0869     3.7204    161.457 0.0000e+00
    361.027    868.479    13.6321   4.557920     2.4361     0.1691  1.8150692  13.614565    13.5789    38.6308    29.0870     3.7201    161.445 0.0000e+00
    360.671    869.479    13.6319   4.557870     2.4365     0.1708  1.8149674  13.613881    13.5787    38.6307    29.0870     3.7200    161.439 0.0000e+00
    360.046    870.479    13.6327   4.557936     2.4367     0.1683  1.8146622  13.615249    13.5796    38.6308    29.0868     3.7165    161.288 0.0000e+00
    359.304    871.479    13.6363   4.558361     2.4358     0.1752  1.8149165  13.615249    13.5833    38.6315    29.0866     3.7131    161.141 0.0000e+00
    358.838    872.479    13.6361   4.558310     2.4351     0.1825  1.8147639  13.615249    13.5831    38.6315    29.0866     3.7113    161.061 0.0000e+00
    358.324    873.479    13.6368   4.558380     2.4346     0.1782  1.8146113  13.615249    13.5839    38.6317    29.0866     3.7116    161.074 0.0000e+00
    357.555    874.479    13.6403   4.558776     2.4342     0.1682  1.8147639  13.615933    13.5875    38.6322    29.0863     3.7112    161.057 0.0000e+00
    357.005    875.479    13.6405   4.558799     2.4347     0.1704  1.8146113  13.615933    13.5878    38.6325    29.0864     3.7121    161.098 0.0000e+00
    356.606    876.479    13.6405   4.558760     2.4341     0.1693  1.8145604  13.620720    13.5879    38.6323    29.0863     3.7082    160.929 0.0000e+00
    355.928    877.479    13.6411   4.558811     2.4339     0.1765  1.8149165  13.622088    13.5886    38.6325    29.0863     3.7133    161.150 0.0000e+00
    355.377    878.479    13.6416   4.558847     2.4357     0.1787  1.8145095  13.620036    13.5891    38.6326    29.0862     3.7168    161.302 0.0000e+00
    354.864    879.479    13.6416   4.558812     2.4359     0.1814  1.8147130  13.626191    13.5892    38.6325    29.0861     3.7130    161.135 0.0000e+00
    354.169    880.479    13.6417   4.558814     2.4354     0.1809  1.8148657  13.617985    13.5895    38.6327    29.0862     3.7125    161.115 0.0000e+00
    353.652    881.479    13.6416   4.558779     2.4362     0.1813  1.8146622  13.622088    13.5894    38.6327    29.0863     3.7143    161.194 0.0000e+00
    353.159    882.479    13.6417   4.558766     2.4358     0.1846  1.8146113  13.620720    13.5896    38.6327    29.0862     3.7122    161.101 0.0000e+00
    352.486    883.479    13.6437   4.558989     2.4361     0.1809  1.8146622  13.621404    13.5917    38.6331    29.0860     3.7131    161.141 0.0000e+00
    351.794    884.479    13.6455   4.559184     2.4363     0.1636  1.8144587  13.620720    13.5936    38.6334    29.0859     3.7142    161.187 0.0000e+00
    351.350    885.479    13.6454   4.559158     2.4366     0.1658  1.8144078  13.624823    13.5936    38.6335    29.0859     3.7118    161.085 0.0000e+00
    350.806    886.479    13.6458   4.559180     2.4362     0.1705  1.8143569  13.626191    13.5941    38.6335    29.0859     3.7131    161.142 0.0000e+00
    350.104    887.479    13.6469   4.559280     2.4372     0.1785  1.8143569  13.629610    13.5952    38.6337    29.0858     3.7147    161.209 0.0000e+00
    349.487    888.479    13.6475   4.559324     2.4372     0.1529  1.8140008  13.627559    13.5959    38.6338    29.0857     3.7174    161.327 0.0000e+00
    348.949    889.479    13.6478   4.559326     2.4394     0.1657  1.8140008  13.628927    13.5963    38.6338    29.0856     3.7235    161.592 0.0000e+00
    348.386    890.479    13.6486   4.559418     2.4404     0.1660  1.8139499  13.631662    13.5972    38.6340    29.0856     3.7225    161.548 0.0000e+00
    347.765    891.479    13.6501   4.559574     2.4415     0.1699  1.8137464  13.631662    13.5988    38.6343    29.0855     3.7254    161.675 0.0000e+00
    347.196    892.479    13.6512   4.559691     2.4423     0.1640  1.8137973  13.630978    13.6000    38.6346    29.0854     3.7187    161.383 0.0000e+00
    346.646    893.479    13.6516   4.559724     2.4399     0.1826  1.8133903  13.631662    13.6005    38.6347    29.0854     3.7095    160.983 0.0000e+00
    346.010    894.479    13.6521   4.559734     2.4385     0.1794  1.8133903  13.631662    13.6011    38.6346    29.0852     3.7138    161.172 0.0000e+00
    345.429    895.479    13.6529   4.559810     2.4397     0.1828  1.8134920  13.633030    13.6019    38.6348    29.0852     3.7200    161.438 0.0000e+00
    344.854    896.479    13.6535   4.559874     2.4407     0.1827  1.8133903  13.631662    13.6026    38.6350    29.0852     3.7223    161.540 0.0000e+00
    344.372    897.479    13.6538   4.559884     2.4421     0.1795  1.8134412  13.634397    13.6030    38.6350    29.0851     3.7231    161.574 0.0000e+00
    343.827    898.479    13.6544   4.559928     2.4422     0.1717  1.8133394  13.633713    13.6037    38.6351    29.0850     3.7205    161.461 0.0000e+00
    343.181    899.479    13.6551   4.559994     2.4420     0.1704  1.8132885  13.633713    13.6044    38.6353    29.0850     3.7178    161.345 0.0000e+00
    342.669    900.479    13.6550   4.559952     2.4419     0.1587  1.8130850  13.632346    13.6045    38.6352    29.0849     3.7220    161.525 0.0000e+00
    341.999    901.479    13.6557   4.559993     2.4429     0.1708  1.8129324  13.633030    13.6052    38.6353    29.0848     3.7220    161.525 0.0000e+00
    341.358    902.479    13.6563   4.560039     2.4427     0.1735  1.8129833  13.637132    13.6059    38.6354    29.0848     3.7198    161.429 0.0000e+00
    341.042    903.479    13.6559   4.559989     2.4426     0.1643  1.8129833  13.637132    13.6056    38.6354    29.0849     3.7188    161.389 0.0000e+00
    340.494    904.479    13.6563   4.559994     2.4427     0.1743  1.8126272  13.637816    13.6060    38.6353    29.0847     3.7231    161.574 0.0000e+00
    339.705    905.479    13.6567   4.560011     2.4441     0.1736  1.8129833  13.637132    13.6065    38.6355    29.0847     3.7234    161.585 0.0000e+00
    339.196    906.479    13.6568   4.560014     2.4430     0.1686  1.8127289  13.634397    13.6068    38.6355    29.0847     3.7151    161.228 0.0000e+00
    338.760    907.479    13.6565   4.559965     2.4426     0.1745  1.8128307  13.638500    13.6065    38.6356    29.0848     3.7209    161.481 0.0000e+00
    338.040    908.479    13.6576   4.560052     2.4439     0.1747  1.8126780  13.639184    13.6077    38.6356    29.0846     3.7265    161.720 0.0000e+00
    337.516    909.479    13.6578   4.560065     2.4454     0.1975  1.8124745  13.640551    13.6080    38.6358    29.0847     3.7282    161.797 0.0000e+00
    337.030    910.479    13.6584   4.560119     2.4462     0.2014  1.8128307  13.640551    13.6087    38.6359    29.0846     3.7243    161.625 0.0000e+00
    336.409    911.479    13.6603   4.560343     2.4452     0.1877  1.8126272  13.642603    13.6107    38.6364    29.0845     3.7187    161.385 0.0000e+00
    335.777    912.479    13.6621   4.560539     2.4445     0.1790  1.8124745  13.645338    13.6125    38.6367    29.0844     3.7215    161.506 0.0000e+00
    335.249    913.479    13.6623   4.560531     2.4455     0.1825  1.8129324  13.642603    13.6128    38.6367    29.0844     3.7252    161.664 0.0000e+00
    334.788    914.479    13.6618   4.560461     2.4457     0.1755  1.8125763  13.644654    13.6124    38.6367    29.0844     3.7229    161.567 0.0000e+00
    334.156    915.479    13.6633   4.560623     2.4459     0.1844  1.8124746  13.644654    13.6140    38.6370    29.0843     3.7253    161.668 0.0000e+00
    333.540    916.479    13.6645   4.560729     2.4470     0.1846  1.8125254  13.643970    13.6152    38.6372    29.0842     3.7251    161.661 0.0000e+00
    333.124    917.479    13.6641   4.560665     2.4456     0.1770  1.8125763  13.647389    13.6149    38.6371    29.0842     3.7125    161.115 0.0000e+00
    332.518    918.479    13.6652   4.560769     2.4427     0.1650  1.8126272  13.646705    13.6161    38.6373    29.0841     3.7107    161.037 0.0000e+00
    331.897    919.479    13.6664   4.560901     2.4430     0.1721  1.8125254  13.648757    13.6174    38.6376    29.0840     3.7174    161.326 0.0000e+00
    331.452    920.479    13.6666   4.560910     2.4437     0.1794  1.8123728  13.649441    13.6176    38.6377    29.0841     3.7228    161.561 0.0000e+00
    330.562    921.479    13.6682   4.561051     2.4468     0.1843  1.8124237  13.648073    13.6194    38.6378    29.0838     3.7319    161.957 0.0000e+00
    329.455    922.479    13.6713   4.561388     2.4478     0.1684  1.8124746  13.648757    13.6227    38.6384    29.0835     3.7225    161.548 0.0000e+00
    328.464    923.479    13.6732   4.561574     2.4469     0.1746  1.8121693  13.649441    13.6247    38.6387    29.0834     3.7196    161.422 0.0000e+00
    327.513    924.479    13.6747   4.561734     2.4467     0.1682  1.8122711  13.654227    13.6263    38.6391    29.0833     3.7177    161.339 0.0000e+00
    326.487    925.479    13.6779   4.562078     2.4456     0.1712  1.8120676  13.656279    13.6297    38.6396    29.0830     3.7173    161.322 0.0000e+00
    325.496    926.479    13.6794   4.562224     2.4465     0.1666  1.8121184  13.656962    13.6313    38.6399    29.0829     3.7212    161.490 0.0000e+00
    324.572    927.479    13.6816   4.562460     2.4471     0.1760  1.8123219  13.662433    13.6337    38.6404    29.0827     3.7203    161.454 0.0000e+00
    323.485    928.479    13.6823   4.562495     2.4468     0.1988  1.8123219  13.661749    13.6346    38.6405    29.0826     3.7167    161.298 0.0000e+00
