Boussole/Data/SBEMOOSE/Work/cnv/bous235_03.cnv
* Sea-Bird SBE 9 Data File:
* FileName = C:\boussole\202110\bous235_03.hdr
* Software Version Seasave V 7.23.2
* Temperature SN = 1378
* Conductivity SN = 2929
* Number of Bytes Per Scan = 34
* Number of Voltage Words = 3
* Number of Scans Averaged by the Deck Unit = 1
* NMEA Latitude = 43 22.04 N
* NMEA Longitude = 007 53.77 E
* NMEA UTC (Time) = Oct 12 2021  14:09:09
* NMEA baud rate = 4800
** Campagne = BOUSSOLE 235
** Navire = Tethys II
** Station = BOUS235_03
** Date = 12/10/2021
** Heure debut [TU] = 14:09
** Heure fin [TU] = 14:28
** Heure locale / TU = +2
** Latitude = 43 22.046 N
** Longitude = 007 53.761 E
** Heure meteo [TU] = 14:10
** T air sec [deg C] = 20.2
** T mer [deg C] = 19.92
** Vent [noeuds, degres] = 7, 163
** Pression atm [hpa] = 1011.8
** Humidite [%] = 65.9
** Nebulosite [octas] = 1
** Etat de la mer [code S] = 2
# nquan = 14
# nvalues = 1173                        
# units = specified
# name 0 = prDM: Pressure, Digiquartz [db]
# name 1 = timeS: Time, Elapsed [seconds]
# name 2 = t090C: Temperature [ITS-90, deg C]
# name 3 = c0S/m: Conductivity [S/m]
# name 4 = sbeox0V: Oxygen raw, SBE 43 [V]
# name 5 = flC: Fluorescence, Chelsea Aqua 3 Chl Con [ug/l]
# name 6 = upoly0: Upoly 0, RINKOIII_DO
# name 7 = upoly1: Upoly 1, RINKOIII_Temp
# name 8 = potemp090C: Potential Temperature [ITS-90, deg C]
# name 9 = sal00: Salinity, Practical [PSU]
# name 10 = sigma-é00: Density [sigma-theta, kg/m^3]
# name 11 = sbeox0ML/L: Oxygen, SBE 43 [ml/l], WS = 2
# name 12 = sbox0Mm/Kg: Oxygen, SBE 43 [umol/kg], WS = 2
# name 13 = flag: flag
# span 0 =      0.086,    301.161       
# span 1 =      0.479,   1172.125       
# span 2 =    13.6874,    19.9804       
# span 3 =   0.370422,   5.195557       
# span 4 =     2.3567,     3.6049       
# span 5 =    -0.0201,     1.0141       
# span 6 =  1.4176333,  1.7968559       
# span 7 =  13.678842,  19.931108       
# span 8 =    13.6744,    19.9803       
# span 9 =     2.1867,    38.6399       
# span 10 =    -0.0984,    29.0662      
# span 11 =     3.5895,     5.6564      
# span 12 =    156.049,    245.635      
# span 13 = 0.0000e+00, 0.0000e+00      
# interval = seconds: 1                 
# start_time = Oct 12 2021 14:09:09 [NMEA time, header]
# bad_flag = -9.990e-29
*END*
[from data line 620]
    165.386    620.479    13.8490   4.569614     2.6031     0.2157  1.7573260  13.824427    13.8245    38.6112    29.0191     3.9497    171.418 0.0000e+00
    164.334    621.479    13.8544   4.570104     2.6022     0.2159  1.7573769  13.826477    13.8300    38.6109    29.0177     3.9444    171.189 0.0000e+00
    163.401    622.479    13.8556   4.570180     2.6020     0.2136  1.7570208  13.828527    13.8314    38.6108    29.0173     3.9456    171.242 0.0000e+00
    162.483    623.479    13.8559   4.570142     2.6024     0.2021  1.7569699  13.831260    13.8319    38.6105    29.0170     3.9505    171.456 0.0000e+00
    161.361    624.479    13.8537   4.569865     2.6039     0.2139  1.7567155  13.830577    13.8299    38.6106    29.0175     3.9494    171.406 0.0000e+00
    160.178    625.479    13.8628   4.570699     2.6033     0.2211  1.7565629  13.829210    13.8391    38.6099    29.0150     3.9479    171.342 0.0000e+00
    159.185    626.479    13.8646   4.570769     2.6050     0.2220  1.7564612  13.838093    13.8411    38.6092    29.0140     3.9553    171.661 0.0000e+00
    158.268    627.479    13.8650   4.570675     2.6065     0.2295  1.7564103  13.844243    13.8415    38.6084    29.0132     3.9565    171.715 0.0000e+00
    157.232    628.479    13.8631   4.570424     2.6083     0.2213  1.7561050  13.844926    13.8398    38.6084    29.0136     3.9623    171.968 0.0000e+00
    156.158    629.479    13.8630   4.570326     2.6105     0.2177  1.7558507  13.841510    13.8399    38.6080    29.0133     3.9646    172.066 0.0000e+00
    155.194    630.479    13.8661   4.570440     2.6118     0.2171  1.7559015  13.844926    13.8431    38.6064    29.0114     3.9660    172.128 0.0000e+00
    154.209    631.479    13.8657   4.570344     2.6139     0.2171  1.7554437  13.844243    13.8428    38.6063    29.0114     3.9699    172.298 0.0000e+00
    153.132    632.479    13.8649   4.570146     2.6145     0.2306  1.7554945  13.841510    13.8422    38.6058    29.0111     3.9640    172.039 0.0000e+00
    152.028    633.479    13.8648   4.569953     2.6133     0.2181  1.7551384  13.844243    13.8423    38.6045    29.0101     3.9600    171.866 0.0000e+00
    150.960    634.479    13.8649   4.569809     2.6136     0.2111  1.7549349  13.844926    13.8426    38.6035    29.0093     3.9678    172.208 0.0000e+00
    150.025    635.479    13.8644   4.569608     2.6162     0.2072  1.7542227  13.845609    13.8422    38.6025    29.0086     3.9767    172.592 0.0000e+00
    149.144    636.479    13.8636   4.569453     2.6193     0.2162  1.7536631  13.844926    13.8415    38.6023    29.0085     3.9850    172.954 0.0000e+00
    148.089    637.479    13.8625   4.569278     2.6228     0.2160  1.7525947  13.844926    13.8406    38.6022    29.0086     3.9875    173.059 0.0000e+00
    146.917    638.479    13.8612   4.568932     2.6240     0.2271  1.7526964  13.844243    13.8395    38.6007    29.0078     3.9821    172.826 0.0000e+00
    145.839    639.479    13.8592   4.568420     2.6229     0.2199  1.7528491  13.844243    13.8376    38.5984    29.0063     3.9786    172.676 0.0000e+00
    144.840    640.479    13.8575   4.568094     2.6245     0.2110  1.7521877  13.844243    13.8360    38.5975    29.0060     3.9924    173.273 0.0000e+00
    143.868    641.479    13.8568   4.567988     2.6283     0.2256  1.7512210  13.842876    13.8355    38.5976    29.0062     4.0025    173.714 0.0000e+00
    142.891    642.479    13.8550   4.567558     2.6324     0.2263  1.7502035  13.841510    13.8339    38.5957    29.0051     4.0114    174.101 0.0000e+00
    141.823    643.479    13.8532   4.567216     2.6365     0.2346  1.7500000  13.843559    13.8323    38.5948    29.0047     4.0160    174.300 0.0000e+00
    140.733    644.479    13.8511   4.566801     2.6387     0.2270  1.7496438  13.843559    13.8303    38.5935    29.0041     4.0171    174.346 0.0000e+00
    139.700    645.479    13.8445   4.565623     2.6413     0.2273  1.7495930  13.836726    13.8239    38.5894    29.0023     4.0224    174.577 0.0000e+00
    138.615    646.479    13.8439   4.565472     2.6428     0.2306  1.7487789  13.831260    13.8234    38.5891    29.0022     4.0242    174.657 0.0000e+00
    137.578    647.479    13.8425   4.565206     2.6461     0.2250  1.7477106  13.831943    13.8222    38.5884    29.0019     4.0344    175.100 0.0000e+00
    136.715    648.479    13.8404   4.564785     2.6485     0.2218  1.7470492  13.830577    13.8202    38.5869    29.0013     4.0338    175.074 0.0000e+00
    135.723    649.479    13.8395   4.564596     2.6499     0.2093  1.7460317  13.829210    13.8195    38.5865    29.0010     4.0372    175.221 0.0000e+00
    134.658    650.479    13.8417   4.564941     2.6526     0.2190  1.7452686  13.830577    13.8218    38.5881    29.0018     4.0452    175.567 0.0000e+00
    133.579    651.479    13.8359   4.563753     2.6554     0.2207  1.7449633  13.828527    13.8161    38.5831    28.9992     4.0461    175.605 0.0000e+00
    132.430    652.479    13.8353   4.563524     2.6554     0.2156  1.7440476  13.828527    13.8158    38.5820    28.9984     4.0399    175.336 0.0000e+00
    131.483    653.479    13.8351   4.563431     2.6556     0.2238  1.7434371  13.825794    13.8157    38.5818    28.9982     4.0433    175.485 0.0000e+00
    130.632    654.479    13.8335   4.563096     2.6565     0.2194  1.7425213  13.823061    13.8142    38.5806    28.9976     4.0426    175.454 0.0000e+00
    129.533    655.479    13.8303   4.562593     2.6566     0.2183  1.7416056  13.821011    13.8112    38.5795    28.9974     4.0457    175.589 0.0000e+00
    128.340    656.479    13.8270   4.561998     2.6585     0.2204  1.7404863  13.821011    13.8081    38.5778    28.9967     4.0524    175.882 0.0000e+00
    127.348    657.479    13.8158   4.560186     2.6608     0.2273  1.7407407  13.814178    13.7970    38.5723    28.9949     4.0591    176.172 0.0000e+00
    126.457    658.479    13.8137   4.559755     2.6632     0.2317  1.7400793  13.803927    13.7951    38.5707    28.9941     4.0626    176.324 0.0000e+00
    125.391    659.479    13.8171   4.560282     2.6656     0.2300  1.7389092  13.808028    13.7985    38.5728    28.9950     4.0691    176.605 0.0000e+00
    124.204    660.479    13.8131   4.559304     2.6686     0.2360  1.7383496  13.811445    13.7948    38.5680    28.9921     4.0707    176.676 0.0000e+00
    123.122    661.479    13.8059   4.557840     2.6689     0.2220  1.7382987  13.809394    13.7877    38.5619    28.9888     4.0689    176.596 0.0000e+00
    122.287    662.479    13.8048   4.557594     2.6706     0.2263  1.7380443  13.795044    13.7868    38.5610    28.9883     4.0726    176.759 0.0000e+00
    121.418    663.479    13.8060   4.557728     2.6702     0.2330  1.7374338  13.794360    13.7880    38.5615    28.9885     4.0624    176.318 0.0000e+00
    120.276    664.479    13.8094   4.558251     2.6686     0.2245  1.7363146  13.797777    13.7916    38.5636    28.9893     4.0656    176.455 0.0000e+00
    119.028    665.479    13.8077   4.557555     2.6706     0.2109  1.7360093  13.797094    13.7902    38.5592    28.9862     4.0719    176.727 0.0000e+00
    117.901    666.479    13.8074   4.557278     2.6715     0.2131  1.7360602  13.797094    13.7900    38.5574    28.9848     4.0697    176.633 0.0000e+00
    116.938    667.479    13.8076   4.557225     2.6709     0.2078  1.7357041  13.795727    13.7904    38.5571    28.9846     4.0656    176.457 0.0000e+00
    116.110    668.479    13.8080   4.557211     2.6713     0.2150  1.7353479  13.795727    13.7909    38.5570    28.9843     4.0695    176.622 0.0000e+00
    115.208    669.479    13.8087   4.557221     2.6721     0.2017  1.7346866  13.795727    13.7918    38.5567    28.9840     4.0745    176.843 0.0000e+00
    113.993    670.479    13.8098   4.557423     2.6750     0.2193  1.7346866  13.795727    13.7930    38.5581    28.9848     4.0822    177.177 0.0000e+00
    112.786    671.479    13.8104   4.556771     2.6772     0.2276  1.7344322  13.795044    13.7937    38.5519    28.9798     4.0834    177.226 0.0000e+00
    111.919    672.479    13.8099   4.556599     2.6788     0.2197  1.7344831  13.796410    13.7934    38.5512    28.9793     4.0885    177.449 0.0000e+00
    111.063    673.479    13.8111   4.556582     2.6821     0.2184  1.7335164  13.795044    13.7947    38.5502    28.9782     4.0988    177.896 0.0000e+00
    109.840    674.479    13.8117   4.556664     2.6864     0.2234  1.7326516  13.795044    13.7955    38.5509    28.9787     4.1085    178.316 0.0000e+00
    108.642    675.479    13.8124   4.556315     2.6904     0.2222  1.7324481  13.796410    13.7964    38.5473    28.9757     4.1153    178.616 0.0000e+00
    107.789    676.479    13.8124   4.556056     2.6947     0.2176  1.7318884  13.796410    13.7965    38.5453    28.9741     4.1199    178.815 0.0000e+00
    106.949    677.479    13.8073   4.555195     2.6958     0.2178  1.7304131  13.795727    13.7915    38.5427    28.9731     4.1154    178.619 0.0000e+00
    105.803    678.479    13.8048   4.554903     2.6975     0.2253  1.7291921  13.795044    13.7892    38.5430    28.9739     4.1265    179.102 0.0000e+00
    104.662    679.479    13.8017   4.554356     2.7025     0.2308  1.7283272  13.795727    13.7863    38.5413    28.9732     4.1409    179.725 0.0000e+00
    103.726    680.479    13.7934   4.552983     2.7058     0.2317  1.7283781  13.794360    13.7781    38.5371    28.9717     4.1388    179.634 0.0000e+00
    102.719    681.479    13.7894   4.552408     2.7075     0.2342  1.7276658  13.788893    13.7742    38.5361    28.9718     4.1482    180.041 0.0000e+00
    101.618    682.479    13.7918   4.552765     2.7136     0.2315  1.7259361  13.780693    13.7768    38.5376    28.9724     4.1711    181.036 0.0000e+00
    100.608    683.479    13.7705   4.549384     2.7219     0.2356  1.7254273  13.778642    13.7558    38.5273    28.9689     4.1906    181.882 0.0000e+00
     99.691    684.479    13.7497   4.546322     2.7280     0.2434  1.7245116  13.764973    13.7350    38.5196    28.9674     4.1892    181.822 0.0000e+00
     98.685    685.479    13.7479   4.546033     2.7289     0.2443  1.7231379  13.756772    13.7334    38.5191    28.9673     4.1903    181.871 0.0000e+00
     97.559    686.479    13.7526   4.546595     2.7342     0.2464  1.7212556  13.759505    13.7383    38.5202    28.9672     4.2104    182.742 0.0000e+00
     96.526    687.479    13.7358   4.543850     2.7411     0.2432  1.7201872  13.746519    13.7217    38.5115    28.9640     4.2256    183.403 0.0000e+00
     95.581    688.479    13.7332   4.543348     2.7455     0.2415  1.7184575  13.739000    13.7191    38.5098    28.9632     4.2241    183.339 0.0000e+00
     94.551    689.479    13.7349   4.543521     2.7484     0.2462  1.7164733  13.730798    13.7211    38.5102    28.9631     4.2302    183.603 0.0000e+00
     93.477    690.479    13.7282   4.542348     2.7516     0.2660  1.7146927  13.734215    13.7145    38.5063    28.9615     4.2357    183.841 0.0000e+00
     92.461    691.479    13.7116   4.539568     2.7551     0.2685  1.7132173  13.740367    13.6981    38.4970    28.9578     4.2436    184.187 0.0000e+00
     91.479    692.479    13.7012   4.537811     2.7574     0.2616  1.7129121  13.714392    13.6878    38.4911    28.9555     4.2457    184.277 0.0000e+00
     90.421    693.479    13.7017   4.537863     2.7587     0.2734  1.7109788  13.721227    13.6884    38.4917    28.9558     4.2403    184.043 0.0000e+00
     89.393    694.479    13.6959   4.536739     2.7577     0.2695  1.7107245  13.702770    13.6828    38.4873    28.9536     4.2367    183.888 0.0000e+00
     88.385    695.479    13.6907   4.535819     2.7573     0.2729  1.7100122  13.705504    13.6778    38.4841    28.9522     4.2382    183.951 0.0000e+00
     87.347    696.479    13.6924   4.536025     2.7577     0.3003  1.7095035  13.696617    13.6796    38.4849    28.9523     4.2379    183.939 0.0000e+00
     86.338    697.479    13.6912   4.535643     2.7571     0.3020  1.7086895  13.694566    13.6785    38.4829    28.9511     4.2341    183.775 0.0000e+00
     85.300    698.479    13.6915   4.535605     2.7563     0.3159  1.7077228  13.697985    13.6790    38.4827    28.9508     4.2365    183.879 0.0000e+00
     84.241    699.479    13.6912   4.535379     2.7583     0.3083  1.7079263  13.689097    13.6789    38.4813    28.9498     4.2424    184.133 0.0000e+00
     83.151    700.479    13.6895   4.534923     2.7586     0.3209  1.7074176  13.696617    13.6773    38.4792    28.9485     4.2374    183.920 0.0000e+00
     82.380    701.479    13.6880   4.534629     2.7582     0.3220  1.7072649  13.685679    13.6760    38.4783    28.9480     4.2368    183.891 0.0000e+00
     82.282    702.479    13.6946   4.535910     2.7583     0.3115  1.7070106  13.680893    13.6826    38.4839    28.9509     4.2367    183.889 0.0000e+00
     82.112    703.479    13.7003   4.536968     2.7580     0.3038  1.7067053  13.686362    13.6883    38.4883    28.9532     4.2335    183.747 0.0000e+00
     81.592    704.479    13.6975   4.536326     2.7578     0.2971  1.7067562  13.684311    13.6856    38.4852    28.9514     4.2349    183.809 0.0000e+00
     81.097    705.479    13.6913   4.534916     2.7576     0.2996  1.7067562  13.680893    13.6794    38.4783    28.9473     4.2339    183.766 0.0000e+00
     80.865    706.479    13.6934   4.535318     2.7575     0.2958  1.7064001  13.681577    13.6816    38.4801    28.9483     4.2323    183.696 0.0000e+00
     80.807    707.479    13.6998   4.536631     2.7560     0.3036  1.7065018  13.684995    13.6880    38.4862    28.9516     4.2251    183.384 0.0000e+00
     80.776    708.479    13.6989   4.536528     2.7544     0.3171  1.7063492  13.692515    13.6871    38.4861    28.9517     4.2233    183.304 0.0000e+00
     80.582    709.479    13.6978   4.536120     2.7535     0.3229  1.7065018  13.693199    13.6860    38.4835    28.9499     4.2249    183.373 0.0000e+00
     80.472    710.479    13.6920   4.534666     2.7538     0.3324  1.7067053  13.690464    13.6802    38.4755    28.9449     4.2290    183.554 0.0000e+00
     80.573    711.479    13.6970   4.536052     2.7548     0.3393  1.7068071  13.694566    13.6852    38.4836    28.9502     4.2344    183.787 0.0000e+00
     80.749    712.479    13.6947   4.535573     2.7573     0.3511  1.7068580  13.690464    13.6829    38.4812    28.9489     4.2403    184.043 0.0000e+00
     80.754    713.479    13.6949   4.535617     2.7584     0.3579  1.7068071  13.684311    13.6831    38.4815    28.9490     4.2365    183.879 0.0000e+00
     80.642    714.479    13.6968   4.536019     2.7578     0.3503  1.7068579  13.680893    13.6850    38.4834    28.9501     4.2305    183.620 0.0000e+00
     80.528    715.479    13.6940   4.535318     2.7563     0.3472  1.7068579  13.682260    13.6822    38.4796    28.9477     4.2279    183.503 0.0000e+00
     80.532    716.479    13.6909   4.534487     2.7554     0.3424  1.7069597  13.682944    13.6791    38.4748    28.9447     4.2299    183.592 0.0000e+00
     80.695    717.479    13.6901   4.534263     2.7559     0.3503  1.7069597  13.681577    13.6783    38.4734    28.9438     4.2325    183.705 0.0000e+00
     80.733    718.479    13.6901   4.534416     2.7561     0.3473  1.7069597  13.681577    13.6783    38.4748    28.9449     4.2333    183.740 0.0000e+00
     80.645    719.479    13.6915   4.534698     2.7563     0.3368  1.7068071  13.678842    13.6797    38.4762    28.9457     4.2305    183.617 0.0000e+00
     80.614    720.479    13.6901   4.534082     2.7556     0.3399  1.7068071  13.680209    13.6783    38.4717    28.9425     4.2333    183.743 0.0000e+00
     80.682    721.479    13.6899   4.534135     2.7577     0.3501  1.7068579  13.681577    13.6781    38.4724    28.9430     4.2400    184.033 0.0000e+00
