Boussole/Data/SBEMOOSE/Work/cnv/bous226_02.cnv
* Sea-Bird SBE 9 Data File:
* FileName = C:\boussole\202101\bous226_02.hdr
* Software Version Seasave V 7.23.2
* Temperature SN = 2473
* Conductivity SN = 2929
* Number of Bytes Per Scan = 30
* Number of Voltage Words = 4
* Number of Scans Averaged by the Deck Unit = 1
* NMEA baud rate = 4800
** Navire
** Station:
** Date
** Heure debut [TU]
** Heure fin [TU]
** Heure locale / TU = +0
** Latitude
** Longitude
** Heure meteo [TU]
** T air sec [deg C]
** T mer [deg C]
** Vent [noeuds, degres]
# nquan = 14
# nvalues = 1958                        
# units = specified
# name 0 = prDM: Pressure, Digiquartz [db]
# name 1 = timeS: Time, Elapsed [seconds]
# name 2 = t090C: Temperature [ITS-90, deg C]
# name 3 = c0S/m: Conductivity [S/m]
# name 4 = sbeox0V: Oxygen raw, SBE 43 [V]
# name 5 = flC: Fluorescence, Chelsea Aqua 3 Chl Con [ug/l]
# name 6 = upoly0: Upoly 0, RINKOIII_DO
# name 7 = upoly1: Upoly 1, RINKOIII_Temp
# name 8 = potemp090C: Potential Temperature [ITS-90, deg C]
# name 9 = sal00: Salinity, Practical [PSU]
# name 10 = sigma-é00: Density [sigma-theta, kg/m^3]
# name 11 = sbeox0ML/L: Oxygen, SBE 43 [ml/l], WS = 2
# name 12 = sbox0Mm/Kg: Oxygen, SBE 43 [umol/kg], WS = 2
# name 13 = flag: flag
# span 0 =      0.073,    503.529       
# span 1 =      0.479,   1957.042       
# span 2 =    13.1736,    14.3357       
# span 3 =   0.967355,   4.611431       
# span 4 =     2.2129,     2.9711       
# span 5 =     0.1038,     0.7626       
# span 6 =  1.5331705,  1.8446784       
# span 7 =  12.854869,  14.312546       
# span 8 =    13.1736,    14.3230       
# span 9 =     7.2224,    38.6745       
# span 10 =     4.9304,    29.0888      
# span 11 =     3.3186,     5.9121      
# span 12 =    144.022,    262.307      
# span 13 = 0.0000e+00, 0.0000e+00      
# interval = seconds: 1                 
# start_time = Jan 18 2021 13:10:08 [System UTC, header]
# bad_flag = -9.990e-29
*END*
[from data line 1342]
    119.899   1342.479    13.5944   4.519858     2.5941     0.2082  1.6959707  13.586525    13.5769    38.4146    28.9198     3.9889    173.139 0.0000e+00
    119.653   1343.479    13.5950   4.519972     2.5949     0.2057  1.6950041  13.585157    13.5775    38.4153    28.9202     3.9888    173.134 0.0000e+00
    119.845   1344.479    13.5949   4.520002     2.5963     0.2090  1.6937831  13.582421    13.5774    38.4155    28.9204     3.9926    173.297 0.0000e+00
    119.741   1345.479    13.5946   4.519897     2.5984     0.2144  1.6925621  13.584473    13.5771    38.4149    28.9200     4.0008    173.654 0.0000e+00
    120.002   1346.479    13.5927   4.519594     2.6010     0.2112  1.6922060  13.583105    13.5752    38.4138    28.9196     4.0030    173.751 0.0000e+00
    120.229   1347.479    13.5933   4.519691     2.6016     0.2096  1.6916463  13.582421    13.5758    38.4140    28.9196     4.0002    173.628 0.0000e+00
    119.704   1348.479    13.5944   4.519813     2.6019     0.2128  1.6915446  13.582421    13.5769    38.4143    28.9196     4.0009    173.656 0.0000e+00
    119.621   1349.479    13.5925   4.519512     2.6026     0.2277  1.6910867  13.581053    13.5751    38.4134    28.9192     4.0043    173.807 0.0000e+00
    120.221   1350.479    13.5888   4.519070     2.6033     0.2278  1.6910867  13.573529    13.5712    38.4127    28.9195     4.0042    173.800 0.0000e+00
    120.001   1351.479    13.5925   4.519556     2.6034     0.2207  1.6907814  13.577633    13.5750    38.4136    28.9195     4.0046    173.818 0.0000e+00
    120.135   1352.479    13.5899   4.519164     2.6044     0.2101  1.6904762  13.576265    13.5723    38.4125    28.9191     4.0097    174.040 0.0000e+00
    120.391   1353.479    13.5893   4.519145     2.6059     0.2206  1.6902727  13.574897    13.5718    38.4127    28.9195     4.0114    174.116 0.0000e+00
    119.562   1354.479    13.5901   4.519173     2.6061     0.2085  1.6899166  13.576949    13.5727    38.4126    28.9192     4.0082    173.975 0.0000e+00
    119.479   1355.479    13.5902   4.519217     2.6058     0.2006  1.6900692  13.571477    13.5728    38.4129    28.9194     4.0074    173.938 0.0000e+00
    120.149   1356.479    13.5871   4.518832     2.6059     0.2064  1.6899674  13.570109    13.5696    38.4121    28.9195     4.0107    174.083 0.0000e+00
    120.140   1357.479    13.5882   4.518958     2.6069     0.2046  1.6898657  13.569425    13.5707    38.4122    28.9193     4.0152    174.278 0.0000e+00
    120.252   1358.479    13.5866   4.518769     2.6085     0.2103  1.6897131  13.574213    13.5691    38.4119    28.9194     4.0167    174.342 0.0000e+00
    120.144   1359.479    13.5883   4.518985     2.6084     0.2171  1.6897639  13.568741    13.5708    38.4123    28.9194     4.0137    174.213 0.0000e+00
    119.815   1360.479    13.5876   4.518872     2.6084     0.2192  1.6894587  13.573529    13.5701    38.4121    28.9193     4.0136    174.208 0.0000e+00
    119.805   1361.479    13.5881   4.518931     2.6083     0.2133  1.6893569  13.577633    13.5706    38.4121    28.9193     4.0140    174.226 0.0000e+00
    119.995   1362.479    13.5854   4.518560     2.6090     0.2070  1.6895096  13.575581    13.5679    38.4113    28.9192     4.0183    174.412 0.0000e+00
    120.333   1363.479    13.5842   4.518430     2.6098     0.1998  1.6893061  13.577633    13.5667    38.4111    28.9193     4.0185    174.423 0.0000e+00
    120.458   1364.479    13.5840   4.518425     2.6100     0.1884  1.6892552  13.566689    13.5665    38.4111    28.9194     4.0182    174.408 0.0000e+00
    120.314   1365.479    13.5847   4.518488     2.6098     0.1947  1.6895096  13.569425    13.5672    38.4112    28.9192     4.0167    174.345 0.0000e+00
    120.379   1366.479    13.5840   4.518401     2.6100     0.2031  1.6891534  13.570109    13.5664    38.4110    28.9193     4.0179    174.395 0.0000e+00
    120.250   1367.479    13.5845   4.518454     2.6095     0.2185  1.6891026  13.568057    13.5670    38.4110    28.9192     4.0132    174.190 0.0000e+00
    119.498   1368.479    13.5852   4.518513     2.6082     0.2158  1.6886956  13.568057    13.5677    38.4113    28.9192     4.0129    174.180 0.0000e+00
    119.486   1369.479    13.5852   4.518521     2.6090     0.2145  1.6890008  13.567373    13.5678    38.4113    28.9193     4.0167    174.344 0.0000e+00
    120.096   1370.479    13.5845   4.518464     2.6094     0.2096  1.6889499  13.566005    13.5670    38.4112    28.9193     4.0189    174.438 0.0000e+00
    120.503   1371.479    13.5847   4.518506     2.6104     0.2030  1.6891534  13.566689    13.5671    38.4112    28.9193     4.0204    174.505 0.0000e+00
    120.556   1372.479    13.5850   4.518562     2.6107     0.2060  1.6890517  13.567373    13.5674    38.4114    28.9193     4.0196    174.471 0.0000e+00
    120.528   1373.479    13.5853   4.518588     2.6108     0.2082  1.6890008  13.568741    13.5677    38.4114    28.9193     4.0208    174.523 0.0000e+00
    120.303   1374.479    13.5856   4.518602     2.6117     0.2176  1.6890008  13.568057    13.5681    38.4113    28.9192     4.0230    174.618 0.0000e+00
    119.958   1375.479    13.5857   4.518605     2.6118     0.2190  1.6891026  13.568741    13.5682    38.4114    28.9192     4.0201    174.492 0.0000e+00
    119.474   1376.479    13.5862   4.518650     2.6113     0.2055  1.6892043  13.568057    13.5688    38.4116    28.9192     4.0198    174.478 0.0000e+00
    119.851   1377.479    13.5860   4.518657     2.6119     0.2138  1.6892552  13.566689    13.5685    38.4117    28.9193     4.0244    174.677 0.0000e+00
    120.464   1378.479    13.5857   4.518633     2.6127     0.2103  1.6891534  13.567373    13.5681    38.4114    28.9192     4.0225    174.595 0.0000e+00
    120.366   1379.479    13.5864   4.518711     2.6119     0.2033  1.6890008  13.568057    13.5688    38.4116    28.9192     4.0197    174.475 0.0000e+00
    120.405   1380.479    13.5865   4.518719     2.6116     0.2111  1.6893061  13.568057    13.5689    38.4115    28.9191     4.0203    174.502 0.0000e+00
    120.421   1381.479    13.5865   4.518722     2.6116     0.2190  1.6891534  13.568057    13.5689    38.4115    28.9191     4.0202    174.499 0.0000e+00
    120.228   1382.479    13.5864   4.518707     2.6109     0.2094  1.6893569  13.569425    13.5689    38.4116    28.9192     4.0177    174.386 0.0000e+00
    120.049   1383.479    13.5863   4.518686     2.6111     0.2087  1.6889499  13.568741    13.5688    38.4115    28.9191     4.0215    174.550 0.0000e+00
    119.884   1384.479    13.5866   4.518723     2.6115     0.2076  1.6891534  13.567373    13.5691    38.4117    28.9192     4.0197    174.474 0.0000e+00
    120.284   1385.479    13.5867   4.518764     2.6111     0.2098  1.6891534  13.566689    13.5692    38.4117    28.9193     4.0187    174.431 0.0000e+00
    119.954   1386.479    13.5869   4.518740     2.6106     0.2091  1.6888482  13.567373    13.5694    38.4115    28.9190     4.0161    174.319 0.0000e+00
    119.635   1387.479    13.5871   4.518787     2.6098     0.2058  1.6888991  13.568741    13.5697    38.4118    28.9192     4.0156    174.296 0.0000e+00
    120.335   1388.479    13.5880   4.518966     2.6102     0.2082  1.6888991  13.566689    13.5705    38.4123    28.9194     4.0196    174.472 0.0000e+00
    120.719   1389.479    13.5880   4.518947     2.6106     0.2067  1.6891026  13.566689    13.5704    38.4120    28.9192     4.0201    174.490 0.0000e+00
    120.453   1390.479    13.5879   4.518928     2.6113     0.2023  1.6892043  13.566005    13.5703    38.4120    28.9192     4.0225    174.598 0.0000e+00
    120.337   1391.479    13.5878   4.518908     2.6120     0.2075  1.6889499  13.566689    13.5703    38.4120    28.9192     4.0232    174.627 0.0000e+00
    119.815   1392.479    13.5879   4.518892     2.6123     0.2114  1.6891026  13.568057    13.5705    38.4120    28.9192     4.0224    174.593 0.0000e+00
    119.685   1393.479    13.5879   4.518884     2.6129     0.2137  1.6892552  13.568057    13.5704    38.4120    28.9192     4.0248    174.695 0.0000e+00
    119.893   1394.479    13.5876   4.518862     2.6125     0.2266  1.6890517  13.568741    13.5701    38.4119    28.9192     4.0188    174.436 0.0000e+00
    120.156   1395.479    13.5880   4.518931     2.6113     0.2090  1.6893061  13.570793    13.5705    38.4121    28.9192     4.0174    174.374 0.0000e+00
    120.627   1396.479    13.5887   4.519027     2.6110     0.1986  1.6890008  13.567373    13.5711    38.4121    28.9191     4.0195    174.464 0.0000e+00
    120.884   1397.479    13.5886   4.519067     2.6111     0.1997  1.6890517  13.568741    13.5710    38.4125    28.9195     4.0195    174.463 0.0000e+00
    120.399   1398.479    13.5885   4.518976     2.6109     0.2056  1.6893569  13.569425    13.5709    38.4120    28.9190     4.0179    174.397 0.0000e+00
    119.772   1399.479    13.5883   4.518950     2.6102     0.1974  1.6889499  13.569425    13.5709    38.4121    28.9192     4.0163    174.328 0.0000e+00
    119.831   1400.479    13.5882   4.518930     2.6103     0.2058  1.6894078  13.567373    13.5707    38.4120    28.9191     4.0195    174.464 0.0000e+00
    120.176   1401.479    13.5880   4.518922     2.6112     0.2163  1.6892552  13.568057    13.5705    38.4120    28.9192     4.0208    174.524 0.0000e+00
    120.093   1402.479    13.5879   4.518895     2.6110     0.2121  1.6888991  13.569425    13.5704    38.4119    28.9191     4.0179    174.398 0.0000e+00
    120.347   1403.479    13.5870   4.518803     2.6107     0.2000  1.6892552  13.570109    13.5694    38.4118    28.9193     4.0185    174.421 0.0000e+00
    120.800   1404.479    13.5860   4.518690     2.6105     0.2008  1.6893569  13.570793    13.5684    38.4115    28.9192     4.0192    174.453 0.0000e+00
    120.405   1405.479    13.5876   4.518882     2.6112     0.2015  1.6893569  13.571477    13.5701    38.4119    28.9192     4.0232    174.626 0.0000e+00
    120.016   1406.479    13.5877   4.518875     2.6123     0.2200  1.6893569  13.573529    13.5702    38.4119    28.9192     4.0221    174.579 0.0000e+00
    119.822   1407.479    13.5877   4.518866     2.6112     0.2232  1.6895096  13.568057    13.5702    38.4119    28.9192     4.0168    174.347 0.0000e+00
    120.008   1408.479    13.5879   4.518901     2.6109     0.2097  1.6888482  13.570793    13.5704    38.4120    28.9192     4.0182    174.411 0.0000e+00
    120.334   1409.479    13.5873   4.518837     2.6103     0.2104  1.6895604  13.569425    13.5698    38.4118    28.9192     4.0170    174.357 0.0000e+00
    120.271   1410.479    13.5877   4.518893     2.6108     0.2197  1.6893061  13.567373    13.5703    38.4119    28.9192     4.0216    174.558 0.0000e+00
    120.527   1411.479    13.5872   4.518824     2.6113     0.2179  1.6889499  13.570109    13.5696    38.4117    28.9192     4.0196    174.472 0.0000e+00
    119.982   1412.479    13.5875   4.518835     2.6108     0.2155  1.6891534  13.568741    13.5700    38.4117    28.9191     4.0195    174.464 0.0000e+00
    118.428   1413.479    13.5869   4.518658     2.6119     0.2150  1.6887973  13.566005    13.5696    38.4114    28.9189     4.0274    174.809 0.0000e+00
    117.420   1414.479    13.5860   4.518511     2.6143     0.2209  1.6891026  13.568741    13.5688    38.4114    28.9191     4.0177    174.387 0.0000e+00
    116.277   1415.479    13.5873   4.518767     2.6065     0.2115  1.6889499  13.566689    13.5703    38.4130    28.9200     3.9772    172.628 0.0000e+00
    114.574   1416.479    13.7083   4.535238     2.5966     0.1977  1.6876272  13.615244    13.6915    38.4490    28.9220     3.9487    171.394 0.0000e+00
    113.268   1417.479    13.7218   4.535813     2.5895     0.2097  1.6916972  13.688413    13.7052    38.4415    28.9133     3.9424    171.122 0.0000e+00
    112.750   1418.479    13.7360   4.537951     2.5853     0.2034  1.6960724  13.646022    13.7194    38.4478    28.9151     3.9227    170.264 0.0000e+00
    111.753   1419.479    13.7405   4.538402     2.5724     0.1982  1.6967338  13.667219    13.7241    38.4480    28.9143     3.8791    168.372 0.0000e+00
    110.322   1420.479    13.8817   4.557443     2.5589     0.1880  1.6968864  13.778636    13.8654    38.4876    28.9145     3.8397    166.660 0.0000e+00
    109.265   1421.479    13.8752   4.556040     2.5469     0.1706  1.7039581  13.832627    13.8590    38.4813    28.9111     3.8228    165.929 0.0000e+00
    107.993   1422.479    13.9125   4.560546     2.5372     0.1691  1.7092491  13.825794    13.8965    38.4872    28.9075     3.8049    165.153 0.0000e+00
    106.213   1423.479    13.9229   4.562064     2.5299     0.1677  1.7134717  13.874304    13.9072    38.4919    28.9088     3.7958    164.760 0.0000e+00
    104.771   1424.479    13.9183   4.560959     2.5247     0.1759  1.7190171  13.890699    13.9028    38.4867    28.9058     3.7929    164.630 0.0000e+00
    104.179   1425.479    13.9224   4.561472     2.5226     0.1739  1.7223240  13.879086    13.9070    38.4878    28.9057     3.7959    164.764 0.0000e+00
    103.375   1426.479    13.9178   4.560668     2.5226     0.1713  1.7243589  13.889333    13.9025    38.4851    28.9046     3.8020    165.028 0.0000e+00
    102.110   1427.479    13.9174   4.560173     2.5240     0.1695  1.7249186  13.885234    13.9023    38.4813    28.9017     3.8050    165.155 0.0000e+00
    101.035   1428.479    13.9417   4.562745     2.5244     0.1872  1.7250203  13.892066    13.9267    38.4819    28.8968     3.7929    164.631 0.0000e+00
     99.596   1429.479    13.9703   4.566991     2.5194     0.1655  1.7237993  13.911875    13.9556    38.4939    28.8999     3.7717    163.712 0.0000e+00
     97.944   1430.479    14.0906   4.581997     2.5155     0.1495  1.7227309  13.997245    14.0760    38.5160    28.8909     3.7607    163.238 0.0000e+00
     96.926   1431.479    14.0580   4.577511     2.5147     0.1356  1.7256308  14.012950    14.0435    38.5068    28.8908     3.7718    163.719 0.0000e+00
     96.106   1432.479    14.0758   4.579383     2.5174     0.1428  1.7264957  13.992466    14.0615    38.5069    28.8870     3.7780    163.987 0.0000e+00
     95.030   1433.479    14.0980   4.583060     2.5182     0.1401  1.7250712  14.049819    14.0838    38.5199    28.8922     3.7705    163.661 0.0000e+00
     93.920   1434.479    14.2642   4.604251     2.5172     0.1414  1.7233415  14.124910    14.2501    38.5536    28.8820     3.7515    162.841 0.0000e+00
     92.689   1435.479    14.2747   4.605147     2.5163     0.1413  1.7225783  14.196566    14.2608    38.5521    28.8785     3.7523    162.873 0.0000e+00
     91.514   1436.479    14.2895   4.606942     2.5175     0.1437  1.7219678  14.240918    14.2758    38.5547    28.8771     3.7556    163.017 0.0000e+00
     90.061   1437.479    14.2851   4.606098     2.5184     0.1452  1.7223239  14.213626    14.2715    38.5519    28.8759     3.7550    162.990 0.0000e+00
     88.655   1438.479    14.3211   4.610288     2.5184     0.1465  1.7217134  14.259338    14.3077    38.5559    28.8711     3.7518    162.857 0.0000e+00
     88.008   1439.479    14.3093   4.608903     2.5198     0.1540  1.7222222  14.231366    14.2960    38.5550    28.8729     3.7574    163.095 0.0000e+00
     87.075   1440.479    14.2911   4.606625     2.5202     0.1416  1.7219678  14.240918    14.2779    38.5522    28.8747     3.7564    163.053 0.0000e+00
     85.692   1441.479    14.3219   4.610265     2.5209     0.1371  1.7208994  14.276393    14.3090    38.5562    28.8710     3.7581    163.127 0.0000e+00
     84.653   1442.479    14.3152   4.609180     2.5228     0.1394  1.7204416  14.276393    14.3024    38.5532    28.8701     3.7628    163.333 0.0000e+00
     83.500   1443.479    14.3172   4.609293     2.5241     0.1371  1.7199328  14.279122    14.3046    38.5527    28.8693     3.7632    163.349 0.0000e+00
     81.982   1444.479    14.3229   4.609529     2.5253     0.1549  1.7197293  14.284579    14.3105    38.5499    28.8658     3.7652    163.438 0.0000e+00
