Boussole/Data/SBEMOOSE/Work/cnv/bous225_02.cnv
* Sea-Bird SBE 9 Data File:
* FileName = C:\boussole\202012\bous225_02.hdr
* Software Version Seasave V 7.23.2
* Temperature SN = 2473
* Conductivity SN = 2929
* Number of Bytes Per Scan = 37
* Number of Voltage Words = 4
* Number of Scans Averaged by the Deck Unit = 1
* NMEA Latitude = 43 22.09 N
* NMEA Longitude = 007 54.11 E
* NMEA UTC (Time) = Dec 09 2020  13:31:36
* NMEA baud rate = 4800
** Navire
** Station:
** Date
** Heure debut [TU]
** Heure fin [TU]
** Heure locale / TU = +0
** Latitude
** Longitude
** Heure meteo [TU]
** T air sec [deg C]
** T mer [deg C]
** Vent [noeuds, degres]
# nquan = 14
# nvalues = 739                         
# units = specified
# name 0 = prDM: Pressure, Digiquartz [db]
# name 1 = timeS: Time, Elapsed [seconds]
# name 2 = t090C: Temperature [ITS-90, deg C]
# name 3 = c0S/m: Conductivity [S/m]
# name 4 = sbeox0V: Oxygen raw, SBE 43 [V]
# name 5 = flC: Fluorescence, Chelsea Aqua 3 Chl Con [ug/l]
# name 6 = upoly0: Upoly 0, RINKOIII_DO
# name 7 = upoly1: Upoly 1, RINKOIII_Temp
# name 8 = potemp090C: Potential Temperature [ITS-90, deg C]
# name 9 = sal00: Salinity, Practical [PSU]
# name 10 = sigma-é00: Density [sigma-theta, kg/m^3]
# name 11 = sbeox0ML/L: Oxygen, SBE 43 [ml/l], WS = 2
# name 12 = sbox0Mm/Kg: Oxygen, SBE 43 [umol/kg], WS = 2
# name 13 = flag: flag
# span 0 =      0.826,    360.782       
# span 1 =      0.479,    738.458       
# span 2 =    13.7398,    14.9322       
# span 3 =   4.545977,   4.614557       
# span 4 =     1.4675,     1.8875       
# span 5 =     0.1153,     0.4585       
# span 6 =  1.5407509,  1.8316035       
# span 7 =  13.730114,  14.913584       
# span 8 =    13.6873,    14.9320       
# span 9 =    38.0167,    38.6438       
# span 10 =    28.3156,    29.0690      
# span 11 =     3.3705,     4.6923      
# span 12 =    146.273,    203.662      
# span 13 = 0.0000e+00, 0.0000e+00      
# interval = seconds: 1                 
# start_time = Dec 09 2020 13:31:36 [NMEA time, header]
# bad_flag = -9.990e-29
*END*
[from data line 723]
    352.703    723.479    13.7557   4.571552     1.4724     0.1270  1.8306369  13.746519    13.7034    38.6395    29.0671     3.3952    147.347 0.0000e+00
    353.477    724.479    13.7547   4.571501     1.4736     0.1244  1.8306369  13.745835    13.7023    38.6396    29.0674     3.3996    147.539 0.0000e+00
    354.124    725.479    13.7551   4.571575     1.4731     0.1360  1.8306369  13.745835    13.7026    38.6397    29.0674     3.3863    146.962 0.0000e+00
    354.373    726.479    13.7555   4.571637     1.4722     0.1415  1.8300264  13.743785    13.7029    38.6397    29.0674     3.3865    146.971 0.0000e+00
    354.419    727.479    13.7560   4.571718     1.4713     0.1427  1.8303825  13.743785    13.7034    38.6400    29.0674     3.3813    146.744 0.0000e+00
    354.877    728.479    13.7563   4.571792     1.4709     0.1356  1.8306369  13.743101    13.7037    38.6402    29.0675     3.3880    147.036 0.0000e+00
    355.620    729.479    13.7564   4.571835     1.4712     0.1457  1.8303317  13.743785    13.7036    38.6402    29.0676     3.3862    146.954 0.0000e+00
    356.460    730.479    13.7538   4.571537     1.4706     0.1479  1.8306878  13.744468    13.7009    38.6396    29.0677     3.3814    146.747 0.0000e+00
    356.992    731.479    13.7503   4.571114     1.4697     0.1435  1.8308913  13.743101    13.6974    38.6388    29.0679     3.3751    146.475 0.0000e+00
    357.434    732.479    13.7496   4.571080     1.4681     0.1487  1.8306369  13.746519    13.6966    38.6390    29.0681     3.3705    146.273 0.0000e+00
    358.061    733.479    13.7491   4.571030     1.4675     0.1442  1.8307895  13.741051    13.6960    38.6388    29.0681     3.3766    146.540 0.0000e+00
    358.823    734.479    13.7473   4.570839     1.4680     0.1290  1.8305860  13.731481    13.6941    38.6384    29.0683     3.3842    146.871 0.0000e+00
    359.776    735.479    13.7445   4.570522     1.4686     0.1475  1.8306878  13.730114    13.6911    38.6378    29.0684     3.3792    146.651 0.0000e+00
    360.394    736.479    13.7428   4.570369 -9.990e-29     0.1377  1.8304334  13.730114    13.6894    38.6378    29.0687 -9.990e-29 -9.990e-29 0.0000e+00
    360.495    737.479    13.7425   4.570300 -9.990e-29     0.1401  1.8303317  13.730114    13.6891    38.6374    29.0686 -9.990e-29 -9.990e-29 0.0000e+00
    360.782    738.458    13.7408   4.570144 -9.990e-29     0.1362  1.8302277  13.730827    13.6873    38.6375    29.0690 -9.990e-29 -9.990e-29 0.0000e+00
