Boussole/Data/SBEMOOSE/Work/cnv/bous230_01.cnv
* Sea-Bird SBE 9 Data File:
* FileName = C:\boussole\202105\bous230_01.hdr
* Software Version Seasave V 7.23.2
* Temperature SN = 2473
* Conductivity SN = 2929
* Number of Bytes Per Scan = 37
* Number of Voltage Words = 4
* Number of Scans Averaged by the Deck Unit = 1
* NMEA Latitude = 43 22.50 N
* NMEA Longitude = 007 54.38 E
* NMEA UTC (Time) = May 14 2021  16:01:24
* NMEA baud rate = 4800
** Navire
** Station:
** Date
** Heure debut [TU]
** Heure fin [TU]
** Heure locale / TU = +0
** Latitude
** Longitude
** Heure meteo [TU]
** T air sec [deg C]
** T mer [deg C]
** Vent [noeuds, degres]
# nquan = 14
# nvalues = 1932                        
# units = specified
# name 0 = prDM: Pressure, Digiquartz [db]
# name 1 = timeS: Time, Elapsed [seconds]
# name 2 = t090C: Temperature [ITS-90, deg C]
# name 3 = c0S/m: Conductivity [S/m]
# name 4 = sbeox0V: Oxygen raw, SBE 43 [V]
# name 5 = flC: Fluorescence, Chelsea Aqua 3 Chl Con [ug/l]
# name 6 = upoly0: Upoly 0, RINKOIII_DO
# name 7 = upoly1: Upoly 1, RINKOIII_Temp
# name 8 = potemp090C: Potential Temperature [ITS-90, deg C]
# name 9 = sal00: Salinity, Practical [PSU]
# name 10 = sigma-é00: Density [sigma-theta, kg/m^3]
# name 11 = sbeox0ML/L: Oxygen, SBE 43 [ml/l], WS = 2
# name 12 = sbox0Mm/Kg: Oxygen, SBE 43 [umol/kg], WS = 2
# name 13 = flag: flag
# span 0 =      0.648,    407.420       
# span 1 =      0.479,   1931.375       
# span 2 =    13.4449,    16.1725       
# span 3 =   4.503536,   4.767767       
# span 4 =     2.1998,     3.1576       
# span 5 =     0.1398,     2.3490       
# span 6 =  1.4766993,  1.8407610       
# span 7 =  13.452431,  16.068164       
# span 8 =    13.4370,    16.1724       
# span 9 =    38.2174,    38.6869       
# span 10 =    28.1905,    29.0888      
# span 11 =     3.2510,     5.0734      
# span 12 =    141.086,    220.236      
# span 13 = 0.0000e+00, 0.0000e+00      
# interval = seconds: 1                 
# start_time = May 14 2021 16:01:24 [NMEA time, header]
# bad_flag = -9.990e-29
*END*
[from data line 620]
    350.851    620.479    13.7102   4.567414     2.2095     0.1398  1.8384717  13.697301    13.6583    38.6468    29.0824     3.2640    141.652 0.0000e+00
    351.809    621.479    13.7105   4.567501     2.2092     0.1498  1.8386243  13.696617    13.6584    38.6470    29.0825     3.2651    141.699 0.0000e+00
    352.850    622.479    13.7125   4.567831     2.2095     0.1622  1.8388278  13.696617    13.6602    38.6476    29.0826     3.2650    141.692 0.0000e+00
    353.355    623.479    13.7153   4.568235     2.2092     0.1721  1.8389804  13.694566    13.6630    38.6484    29.0826     3.2651    141.701 0.0000e+00
    353.266    624.479    13.7160   4.568312     2.2097     0.1627  1.8388787  13.697985    13.6637    38.6485    29.0825     3.2671    141.787 0.0000e+00
    353.697    625.479    13.7163   4.568376     2.2097     0.1648  1.8388278  13.697301    13.6639    38.6486    29.0826     3.2661    141.741 0.0000e+00
    354.793    626.479    13.7161   4.568429     2.2098     0.1722  1.8388787  13.698668    13.6636    38.6488    29.0828     3.2650    141.695 0.0000e+00
    355.710    627.479    13.7178   4.568694     2.2086     0.1734  1.8387260  13.697301    13.6651    38.6492    29.0828     3.2593    141.446 0.0000e+00
    355.932    628.479    13.7181   4.568777     2.2074     0.1686  1.8389295  13.697301    13.6654    38.6496    29.0830     3.2613    141.531 0.0000e+00
    356.315    629.479    13.7204   4.569095     2.2078     0.1798  1.8392348  13.699352    13.6676    38.6501    29.0830     3.2637    141.639 0.0000e+00
    357.164    630.479    13.7218   4.569339     2.2080     0.1696  1.8388278  13.700719    13.6689    38.6507    29.0831     3.2628    141.599 0.0000e+00
    357.740    631.479    13.7213   4.569315     2.2075     0.1680  1.8389804  13.702086    13.6683    38.6507    29.0833     3.2611    141.527 0.0000e+00
    357.984    632.479    13.7212   4.569302     2.2073     0.1679  1.8389804  13.702086    13.6681    38.6506    29.0832     3.2610    141.520 0.0000e+00
    358.738    633.479    13.7210   4.569314     2.2066     0.1616  1.8392348  13.700719    13.6679    38.6505    29.0832     3.2593    141.447 0.0000e+00
    359.855    634.479    13.7194   4.569133     2.2063     0.1692  1.8393874  13.701403    13.6661    38.6500    29.0832     3.2610    141.520 0.0000e+00
    360.628    635.479    13.7118   4.568180     2.2065     0.1634  1.8391839  13.697985    13.6584    38.6482    29.0835     3.2608    141.514 0.0000e+00
    360.714    636.479    13.7062   4.567524     2.2054     0.1654  1.8398453  13.703454    13.6528    38.6475    29.0841     3.2573    141.359 0.0000e+00
    360.605    637.479    13.7087   4.567845     2.2050     0.1597  1.8396418  13.697985    13.6553    38.6481    29.0841     3.2582    141.397 0.0000e+00
    361.313    638.479    13.7047   4.567360     2.2045     0.1576  1.8398962  13.699352    13.6512    38.6473    29.0843     3.2566    141.331 0.0000e+00
    362.668    639.479    13.7024   4.567131     2.2038     0.1651  1.8400488  13.691148    13.6488    38.6467    29.0844     3.2579    141.386 0.0000e+00
    363.555    640.479    13.7000   4.566850     2.2043     0.1625  1.8397944  13.684995    13.6462    38.6461    29.0845     3.2593    141.447 0.0000e+00
    363.883    641.479    13.6989   4.566747     2.2034     0.1639  1.8404558  13.684995    13.6451    38.6461    29.0847     3.2574    141.362 0.0000e+00
    363.964    642.479    13.6990   4.566757     2.2044     0.1827  1.8400997  13.683628    13.6450    38.6461    29.0847     3.2640    141.649 0.0000e+00
    364.304    643.479    13.6991   4.566795     2.2052     0.1886  1.8399979  13.682260    13.6452    38.6462    29.0847     3.2632    141.617 0.0000e+00
    365.158    644.479    13.6978   4.566665     2.2052     0.1871  1.8400488  13.681577    13.6437    38.6459    29.0849     3.2624    141.581 0.0000e+00
    366.367    645.479    13.6943   4.566278     2.2053     0.1707  1.8400488  13.681577    13.6401    38.6452    29.0851     3.2620    141.564 0.0000e+00
    366.998    646.479    13.6929   4.566123     2.2045     0.1677  1.8399470  13.680893    13.6386    38.6449    29.0851     3.2613    141.532 0.0000e+00
    366.874    647.479    13.6928   4.566101     2.2050     0.1796  1.8402523  13.680893    13.6385    38.6448    29.0851     3.2636    141.634 0.0000e+00
    367.406    648.479    13.6913   4.565920     2.2046     0.1729  1.8399979  13.680893    13.6370    38.6443    29.0850     3.2616    141.545 0.0000e+00
    368.572    649.479    13.6884   4.565605     2.2047     0.1642  1.8403540  13.678158    13.6339    38.6437    29.0852     3.2640    141.650 0.0000e+00
    369.209    650.479    13.6898   4.565830     2.2049     0.1745  1.8404558  13.672689    13.6352    38.6441    29.0853     3.2645    141.674 0.0000e+00
    369.384    651.479    13.6886   4.565675     2.2049     0.1687  1.8403540  13.678158    13.6339    38.6439    29.0854     3.2639    141.647 0.0000e+00
    370.052    652.479    13.6912   4.566063     2.2048     0.1570  1.8405067  13.673372    13.6365    38.6446    29.0854     3.2629    141.603 0.0000e+00
    370.713    653.479    13.6920   4.566203     2.2042     0.1565  1.8402523  13.673372    13.6371    38.6449    29.0855     3.2620    141.563 0.0000e+00
    371.258    654.479    13.6930   4.566380     2.2044     0.1545  1.8406593  13.676107    13.6381    38.6453    29.0855     3.2642    141.661 0.0000e+00
    372.123    655.479    13.6951   4.566698     2.2045     0.1579  1.8405067  13.678842    13.6400    38.6458    29.0855     3.2644    141.667 0.0000e+00
    372.831    656.479    13.6964   4.566915     2.2048     0.1681  1.8402014  13.679526    13.6412    38.6462    29.0856     3.2671    141.783 0.0000e+00
    373.197    657.479    13.6967   4.566992     2.2058     0.1654  1.8401505  13.680209    13.6415    38.6465    29.0858     3.2703    141.924 0.0000e+00
    373.777    658.479    13.6987   4.567298     2.2065     0.1522  1.8402014  13.680893    13.6434    38.6471    29.0859     3.2694    141.885 0.0000e+00
    374.646    659.479    13.6988   4.567312     2.2062     0.1662  1.8394892  13.680893    13.6433    38.6468    29.0856     3.2651    141.698 0.0000e+00
    375.137    660.479    13.6975   4.567197     2.2048     0.1696  1.8399979  13.681577    13.6420    38.6468    29.0859     3.2626    141.588 0.0000e+00
    375.384    661.479    13.6976   4.567225     2.2043     0.1590  1.8397435  13.681577    13.6421    38.6468    29.0859     3.2618    141.555 0.0000e+00
    376.325    662.479    13.6962   4.567055     2.2033     0.1567  1.8394892  13.680893    13.6405    38.6462    29.0858     3.2622    141.572 0.0000e+00
    377.513    663.479    13.6885   4.566054     2.2035     0.1605  1.8396927  13.678842    13.6326    38.6439    29.0857     3.2649    141.690 0.0000e+00
    377.824    664.479    13.6840   4.565522     2.2036     0.1630  1.8394892  13.680209    13.6281    38.6432    29.0861     3.2657    141.722 0.0000e+00
    377.697    665.479    13.6845   4.565593     2.2038     0.1660  1.8391839  13.680893    13.6286    38.6435    29.0862     3.2661    141.740 0.0000e+00
    378.233    666.479    13.6841   4.565557     2.2039     0.1575  1.8396418  13.678842    13.6282    38.6433    29.0861     3.2657    141.726 0.0000e+00
    379.472    667.479    13.6827   4.565450     2.2035     0.1599  1.8397435  13.669954    13.6266    38.6431    29.0863     3.2658    141.730 0.0000e+00
    380.591    668.479    13.6819   4.565399     2.2041     0.1691  1.8399979  13.664484    13.6257    38.6429    29.0864     3.2688    141.856 0.0000e+00
    380.710    669.479    13.6819   4.565380     2.2042     0.1699  1.8402523  13.665851    13.6256    38.6427    29.0862     3.2659    141.731 0.0000e+00
    380.620    670.479    13.6819   4.565388     2.2028     0.1613  1.8400488  13.667903    13.6256    38.6429    29.0864     3.2594    141.450 0.0000e+00
    381.374    671.479    13.6823   4.565480     2.2014     0.1767  1.8399470  13.665851    13.6259    38.6430    29.0864     3.2594    141.450 0.0000e+00
    382.489    672.479    13.6831   4.565613     2.2013     0.1695  1.8402014  13.664484    13.6265    38.6430    29.0863     3.2647    141.681 0.0000e+00
    383.217    673.479    13.6827   4.565604     2.2026     0.1643  1.8401505  13.665168    13.6260    38.6429    29.0863     3.2678    141.813 0.0000e+00
    383.748    674.479    13.6823   4.565585     2.2026     0.1648  1.8399470  13.665168    13.6256    38.6429    29.0864     3.2648    141.686 0.0000e+00
    384.456    675.479    13.6825   4.565644     2.2022     0.1548  1.8402014  13.664484    13.6256    38.6430    29.0865     3.2633    141.621 0.0000e+00
    384.973    676.479    13.6823   4.565677     2.2019     0.1628  1.8402014  13.665851    13.6254    38.6432    29.0867     3.2644    141.668 0.0000e+00
    385.377    677.479    13.6799   4.565377     2.2020     0.1818  1.8398962  13.665168    13.6229    38.6426    29.0867     3.2652    141.702 0.0000e+00
    386.204    678.479    13.6788   4.565297     2.2021     0.1797  1.8402014  13.665168    13.6216    38.6426    29.0870     3.2671    141.784 0.0000e+00
    387.152    679.479    13.6783   4.565276     2.2026     0.1695  1.8403032  13.664484    13.6210    38.6425    29.0870     3.2676    141.806 0.0000e+00
    387.679    680.479    13.6774   4.565179     2.2023     0.1670  1.8402014  13.664484    13.6200    38.6423    29.0871     3.2652    141.702 0.0000e+00
    388.196    681.479    13.6771   4.565148     2.2014     0.1650  1.8400997  13.664484    13.6196    38.6421    29.0870     3.2617    141.549 0.0000e+00
    389.216    682.479    13.6742   4.564805     2.2006     0.1579  1.8400997  13.664484    13.6166    38.6413    29.0871     3.2634    141.623 0.0000e+00
    389.897    683.479    13.6723   4.564594     2.2009     0.1659  1.8402523  13.663800    13.6146    38.6408    29.0872     3.2680    141.822 0.0000e+00
    389.627    684.479    13.6719   4.564528     2.2021     0.1718  1.8396418  13.663116    13.6143    38.6407    29.0871     3.2711    141.956 0.0000e+00
    389.912    685.479    13.6719   4.564561     2.2027     0.1671  1.8398453  13.663800    13.6142    38.6409    29.0873     3.2699    141.908 0.0000e+00
    391.434    686.479    13.6711   4.564521     2.2028     0.1663  1.8397944  13.656279    13.6132    38.6406    29.0873     3.2708    141.943 0.0000e+00
    392.793    687.479    13.6698   4.564417     2.2032     0.1572  1.8398453  13.655595    13.6117    38.6404    29.0874     3.2721    142.002 0.0000e+00
    392.716    688.479    13.6703   4.564455     2.2029     0.1639  1.8396418  13.660381    13.6122    38.6403    29.0872     3.2693    141.879 0.0000e+00
    392.620    689.479    13.6703   4.564466     2.2025     0.1713  1.8399470  13.661749    13.6122    38.6404    29.0874     3.2676    141.805 0.0000e+00
    393.360    690.479    13.6696   4.564401     2.2013     0.1839  1.8398453  13.656962    13.6114    38.6402    29.0873     3.2641    141.655 0.0000e+00
    394.309    691.479    13.6653   4.563850     2.2008     0.1840  1.8397944  13.656962    13.6070    38.6388    29.0872     3.2675    141.800 0.0000e+00
    395.122    692.479    13.6609   4.563304     2.2012     0.1747  1.8399979  13.654227    13.6024    38.6378    29.0874     3.2701    141.916 0.0000e+00
    395.839    693.479    13.6585   4.563044     2.2016     0.1664  1.8399979  13.650808    13.6000    38.6374    29.0876     3.2722    142.006 0.0000e+00
    396.364    694.479    13.6560   4.562737     2.2023     0.1668  1.8396418  13.648073    13.5974    38.6367    29.0876     3.2731    142.045 0.0000e+00
    396.873    695.479    13.6552   4.562675     2.2020     0.1752  1.8403540  13.648757    13.5965    38.6367    29.0879     3.2698    141.904 0.0000e+00
    397.323    696.479    13.6547   4.562621     2.2016     0.1810  1.8397435  13.646022    13.5960    38.6365    29.0878     3.2716    141.980 0.0000e+00
    397.850    697.479    13.6546   4.562633     2.2020     0.1803  1.8398453  13.642603    13.5958    38.6365    29.0878     3.2720    141.996 0.0000e+00
    398.592    698.479    13.6547   4.562676     2.2018     0.1664  1.8403032  13.641919    13.5958    38.6364    29.0878     3.2736    142.064 0.0000e+00
    399.131    699.479    13.6542   4.562648     2.2028     0.1604  1.8398962  13.639184    13.5952    38.6364    29.0879     3.2773    142.229 0.0000e+00
    399.402    700.479    13.6531   4.562482     2.2031     0.1628  1.8397435  13.639868    13.5940    38.6359    29.0877     3.2752    142.134 0.0000e+00
    400.299    701.479    13.6485   4.561940     2.2028     0.1782  1.8400997  13.635765    13.5893    38.6350    29.0880     3.2731    142.046 0.0000e+00
    401.503    702.479    13.6467   4.561788     2.2018     0.1768  1.8399470  13.631662    13.5874    38.6348    29.0883     3.2718    141.986 0.0000e+00
    401.804    703.479    13.6466   4.561773     2.2019     0.1920  1.8397944  13.631662    13.5872    38.6346    29.0881     3.2751    142.131 0.0000e+00
    401.613    704.479    13.6468   4.561780     2.2019     0.1807  1.8397435  13.631662    13.5874    38.6346    29.0881     3.2726    142.022 0.0000e+00
    402.289    705.479    13.6466   4.561808     2.2011     0.1670  1.8397944  13.633030    13.5872    38.6347    29.0883     3.2708    141.943 0.0000e+00
    403.357    706.479    13.6462   4.561792     2.2011     0.1667  1.8400997  13.632346    13.5866    38.6345    29.0882     3.2741    142.087 0.0000e+00
    403.753    707.479    13.6455   4.561725     2.2015     0.1641  1.8400997  13.631662    13.5858    38.6343    29.0883     3.2760    142.169 0.0000e+00
    403.884    708.479    13.6456   4.561748     2.2021     0.1678  1.8397944  13.632346    13.5859    38.6345    29.0884     3.2768    142.204 0.0000e+00
    404.841    709.479    13.6451   4.561716     2.2021     0.1710  1.8397944  13.631662    13.5852    38.6343    29.0883     3.2760    142.173 0.0000e+00
    405.806    710.479    13.6422   4.561372     2.2022     0.1605  1.8399470  13.629610    13.5823    38.6334    29.0883     3.2779    142.255 0.0000e+00
    405.476    711.479    13.6419   4.561299     2.2025     0.1693  1.8394383  13.630978    13.5820    38.6332    29.0882     3.2768    142.205 0.0000e+00
    405.155    712.479    13.6431   4.561467     2.2021     0.1628  1.8396927  13.630978    13.5832    38.6338    29.0884     3.2759    142.165 0.0000e+00
    406.068    713.479    13.6408   4.561205     2.2022     0.1644  1.8398453  13.630294    13.5807    38.6332    29.0885     3.2768    142.204 0.0000e+00
    406.445    714.479    13.6392   4.561012     2.2018     0.1770  1.8397944  13.628927    13.5791    38.6328    29.0885     3.2743    142.096 0.0000e+00
    405.505    715.479    13.6410   4.561215     2.2011     0.1739  1.8398453  13.628927    13.5810    38.6333    29.0885     3.2718    141.987 0.0000e+00
    405.467    716.479    13.6413   4.561239     2.2005     0.1696  1.8395909  13.630294    13.5814    38.6333    29.0884     3.2723    142.012 0.0000e+00
    406.611    717.479    13.6386   4.560954     2.2005     0.1501  1.8399979  13.625507    13.5786    38.6327    29.0885     3.2730    142.041 0.0000e+00
    406.505    718.479    13.6385   4.560942     2.2003     0.1605  1.8399979  13.624823    13.5784    38.6328    29.0886     3.2740    142.086 0.0000e+00
    405.606    719.479    13.6412   4.561240     2.2009     0.1651  1.8396418  13.628927    13.5812    38.6333    29.0884     3.2758    142.163 0.0000e+00
    405.738    720.479    13.6417   4.561302     2.2012     0.1717  1.8397435  13.628243    13.5817    38.6333    29.0884     3.2746    142.111 0.0000e+00
    406.429    721.479    13.6413   4.561272     2.2010     0.1779  1.8399979  13.622088    13.5812    38.6332    29.0883     3.2739    142.081 0.0000e+00
