Boussole/Data/SBEMOOSE/Work/cnv/Bous222_01.cnv
* Sea-Bird SBE 9 Data File:
* FileName = C:\boussole\202009\Bous222_01.hdr
* Software Version Seasave V 7.23.2
* Temperature SN = 5545
* Conductivity SN = 4097
* Number of Bytes Per Scan = 37
* Number of Voltage Words = 4
* Number of Scans Averaged by the Deck Unit = 1
* NMEA Latitude = 43 21.89 N
* NMEA Longitude = 007 53.94 E
* NMEA UTC (Time) = Sep 12 2020  10:41:40
* NMEA baud rate = 4800
** Navire
** Station:
** Date
** Heure debut [TU]
** Heure fin [TU]
** Heure locale / TU = +0
** Latitude
** Longitude
** Heure meteo [TU]
** T air sec [deg C]
** T mer [deg C]
** Vent [noeuds, degres]
# nquan = 21
# nvalues = 268                         
# units = specified
# name 0 = prDM: Pressure, Digiquartz [db]
# name 1 = timeS: Time, Elapsed [seconds]
# name 2 = t090C: Temperature [ITS-90, deg C]
# name 3 = t190C: Temperature, 2 [ITS-90, deg C]
# name 4 = c0S/m: Conductivity [S/m]
# name 5 = c1S/m: Conductivity, 2 [S/m]
# name 6 = sbeox0V: Oxygen raw, SBE 43 [V]
# name 7 = v2: Voltage 2
# name 8 = flC: Fluorescence, Chelsea Aqua 3 Chl Con [ug/l]
# name 9 = v3: Voltage 3
# name 10 = CStarTr0: Beam Transmission, WET Labs C-Star [%]
# name 11 = CStarAt0: Beam Attenuation, WET Labs C-Star [1/m]
# name 12 = sbeox0ML/L: Oxygen, SBE 43 [ml/l], WS = 2
# name 13 = sbox0Mm/Kg: Oxygen, SBE 43 [umol/kg], WS = 2
# name 14 = potemp090C: Potential Temperature [ITS-90, deg C]
# name 15 = potemp190C: Potential Temperature, 2 [ITS-90, deg C]
# name 16 = sal00: Salinity, Practical [PSU]
# name 17 = sal11: Salinity, Practical, 2 [PSU]
# name 18 = sigma-é00: Density [sigma-theta, kg/m^3]
# name 19 = sigma-é11: Density, 2 [sigma-theta, kg/m^3]
# name 20 = flag: flag
# span 0 =      2.143,    104.465       
# span 1 =      0.479,    267.125       
# span 2 =    13.6170,    22.8676       
# span 3 =    13.6214,    22.8648       
# span 4 =   4.523616,   5.520385       
# span 5 =   4.523546,   5.520365       
# span 6 =     2.4254,     3.7290       
# span 7 =     1.1875,     1.7845       
# span 8 =    -0.0170,     0.8416       
# span 9 =     4.4160,     4.7384       
# span 10 =    92.7826,    99.5790      
# span 11 =     0.0169,     0.2997      
# span 12 =     3.6059,     5.9549      
# span 13 =    156.500,    258.577      
# span 14 =    13.6078,    22.8671      
# span 15 =    13.6123,    22.8644      
# span 16 =    38.3878,    38.6744      
# span 17 =    38.3396,    38.5361      
# span 18 =    26.5446,    28.9930      
# span 19 =    26.5470,    28.9919      
# span 20 = 0.0000e+00, 0.0000e+00      
# interval = seconds: 1                 
# start_time = Sep 12 2020 10:41:40 [NMEA time, header]
# bad_flag = -9.990e-29
*END*
[from data line 207]
     97.946    207.479    13.6799    13.6838   4.539445   4.539846     2.4579     1.2651     0.0481     4.7353    99.5147     0.0194     3.6773    159.602    13.6656    13.6694    38.5253    38.5252    28.9867    28.9858 0.0000e+00
     98.275    208.479    13.6807    13.6840   4.539654   4.539895     2.4572     1.2616     0.0487     4.7335    99.4761     0.0210     3.6757    159.534    13.6663    13.6696    38.5263    38.5252    28.9873    28.9858 0.0000e+00
     98.537    209.479    13.6815    13.6849   4.539788   4.540100     2.4555     1.2757     0.0558     4.7353    99.5136     0.0195     3.6678    159.190    13.6671    13.6705    38.5266    38.5262    28.9874    28.9863 0.0000e+00
     99.191    210.479    13.6851    13.6883   4.540386   4.540633     2.4522     1.2764     0.0614     4.7361    99.5297     0.0189     3.6580    158.766    13.6706    13.6737    38.5284    38.5276    28.9881    28.9867 0.0000e+00
     99.798    211.479    13.6871    13.6905   4.540820   4.541084     2.4480     1.2850     0.0411     4.7360    99.5275     0.0189     3.6483    158.343    13.6725    13.6759    38.5303    38.5294    28.9891    28.9877 0.0000e+00
    100.084    212.479    13.6874    13.6903   4.540946   4.541083     2.4451     1.2916     0.0370     4.7365    99.5383     0.0185     3.6491    158.379    13.6727    13.6756    38.5311    38.5294    28.9897    28.9877 0.0000e+00
    100.520    213.479    13.6877    13.6920   4.541072   4.541446     2.4437     1.2671     0.0382     4.7361    99.5308     0.0188     3.6486    158.357    13.6730    13.6773    38.5318    38.5309    28.9901    28.9886 0.0000e+00
    101.190    214.479    13.6885    13.6928   4.541257   4.541647     2.4435     1.2620     0.0376     4.7363    99.5340     0.0187     3.6525    158.525    13.6737    13.6780    38.5324    38.5317    28.9905    28.9890 0.0000e+00
    101.655    215.479    13.6891    13.6931   4.541408   4.541755     2.4433     1.2634     0.0333     4.7364    99.5361     0.0186     3.6488    158.364    13.6742    13.6782    38.5330    38.5323    28.9908    28.9894 0.0000e+00
    102.032    216.479    13.6893    13.6934   4.541443   4.541832     2.4423     1.2626     0.0438     4.7362    99.5329     0.0187     3.6475    158.309    13.6744    13.6784    38.5330    38.5326    28.9907    28.9896 0.0000e+00
    102.569    217.479    13.6896    13.6942   4.541512   4.541939     2.4419     1.2573     0.0475     4.7365    99.5394     0.0185     3.6449    158.196    13.6746    13.6792    38.5331    38.5325    28.9908    28.9894 0.0000e+00
    103.166    218.479    13.6901    13.6939   4.541688   4.542048     2.4395     1.2704     0.0564     4.7365    99.5383     0.0185     3.6369    157.849    13.6750    13.6788    38.5340    38.5336    28.9915    28.9903 0.0000e+00
    103.540    219.479    13.6902    13.6940   4.541784   4.542136     2.4377     1.2749     0.0554     4.7363    99.5351     0.0187     3.6412    158.033    13.6750    13.6788    38.5346    38.5342    28.9919    28.9907 0.0000e+00
    103.825    220.479    13.6905    13.6943   4.541870   4.542242     2.4399     1.2858     0.0387     4.7365    99.5383     0.0185     3.6528    158.538    13.6753    13.6791    38.5350    38.5348    28.9921    28.9911 0.0000e+00
    104.066    221.479    13.6910    13.6946   4.542016   4.542320     2.4418     1.2845     0.0317     4.7351    99.5104     0.0196     3.6491    158.376    13.6758    13.6793    38.5358    38.5351    28.9926    28.9913 0.0000e+00
    104.122    222.479    13.6911    13.6947   4.542048   4.542330     2.4397     1.2641     0.0290     4.7366    99.5404     0.0184     3.6369    157.848    13.6758    13.6794    38.5360    38.5350    28.9928    28.9913 0.0000e+00
    104.129    223.479    13.6911    13.6947   4.542070   4.542365     2.4371     1.2552     0.0328     4.7371    99.5522     0.0180     3.6335    157.699    13.6758    13.6794    38.5362    38.5354    28.9929    28.9915 0.0000e+00
    104.045    224.479    13.6910    13.6947   4.542049   4.542354     2.4359     1.2518     0.0339     4.7373    99.5565     0.0178     3.6335    157.700    13.6758    13.6794    38.5361    38.5353    28.9929    28.9915 0.0000e+00
    103.964    225.479    13.6910    13.6946   4.542018   4.542346     2.4341     1.2566     0.0379     4.7369    99.5479     0.0182     3.6272    157.426    13.6758    13.6794    38.5359    38.5353    28.9927    28.9915 0.0000e+00
    104.045    226.479    13.6910    13.6946   4.542040   4.542371     2.4330     1.2580     0.0300     4.7366    99.5415     0.0184     3.6302    157.557    13.6758    13.6794    38.5360    38.5355    28.9928    28.9917 0.0000e+00
    104.228    227.479    13.6914    13.6962   4.542086   4.542573     2.4328     1.2631     0.0334     4.7375    99.5597     0.0177     3.6283    157.473    13.6761    13.6809    38.5360    38.5358    28.9928    28.9915 0.0000e+00
    104.187    228.479    13.6913    13.6965   4.542108   4.542567     2.4318     1.2531     0.0431     4.7374    99.5576     0.0178     3.6284    157.477    13.6760    13.6812    38.5363    38.5355    28.9930    28.9913 0.0000e+00
    103.896    229.479    13.6911    13.6950   4.542052   4.542395     2.4316     1.2575     0.0479     4.7376    99.5629     0.0176     3.6189    157.067    13.6759    13.6798    38.5361    38.5355    28.9929    28.9916 0.0000e+00
    103.964    230.479    13.6911    13.6955   4.542013   4.542455     2.4264     1.2695     0.0466     4.7367    99.5436     0.0183     3.6059    156.500    13.6759    13.6803    38.5357    38.5355    28.9926    28.9914 0.0000e+00
    104.291    231.479    13.6915    13.6962   4.542118   4.542584     2.4254     1.2755     0.0424     4.7372    99.5543     0.0179     3.6211    157.160    13.6762    13.6809    38.5362    38.5359    28.9928    28.9916 0.0000e+00
    104.168    232.479    13.6914    13.6957   4.542127   4.542483     2.4288     1.2739     0.0425     4.7375    99.5597     0.0177     3.6287    157.489    13.6761    13.6804    38.5364    38.5355    28.9930    28.9914 0.0000e+00
    103.911    233.479    13.6915    13.6948   4.542059   4.542334     2.4290     1.2687     0.0415     4.7373    99.5565     0.0178     3.6210    157.158    13.6763    13.6796    38.5358    38.5351    28.9925    28.9913 0.0000e+00
    104.056    234.479    13.6915    13.6953   4.542054   4.542421     2.4286     1.2688     0.0325     4.7369    99.5469     0.0182     3.6272    157.426    13.6763    13.6800    38.5357    38.5354    28.9924    28.9914 0.0000e+00
    104.259    235.479    13.6919    13.6966   4.542171   4.542599     2.4317     1.2676     0.0279     4.7373    99.5554     0.0179     3.6345    157.744    13.6766    13.6813    38.5363    38.5356    28.9928    28.9913 0.0000e+00
    104.129    236.479    13.6914    13.6952   4.542094   4.542435     2.4320     1.2562     0.0357     4.7375    99.5608     0.0177     3.6288    157.496    13.6761    13.6799    38.5361    38.5355    28.9928    28.9915 0.0000e+00
    104.002    237.479    13.6915    13.6950   4.542079   4.542428     2.4320     1.2504     0.0301     4.7374    99.5576     0.0178     3.6290    157.503    13.6763    13.6798    38.5360    38.5357    28.9927    28.9917 0.0000e+00
    104.166    238.479    13.6912    13.6951   4.542064   4.542438     2.4317     1.2604     0.0438     4.7375    99.5608     0.0177     3.6270    157.418    13.6760    13.6798    38.5360    38.5356    28.9927    28.9916 0.0000e+00
    104.305    239.479    13.6919    13.6959   4.542162   4.542530     2.4308     1.2532     0.0466     4.7378    99.5661     0.0174     3.6196    157.097    13.6766    13.6806    38.5362    38.5356    28.9928    28.9914 0.0000e+00
    104.072    240.479    13.6912    13.6948   4.542073   4.542365     2.4282     1.2704     0.0505     4.7377    99.5640     0.0175     3.6197    157.102    13.6760    13.6795    38.5361    38.5353    28.9928    28.9915 0.0000e+00
    103.915    241.479    13.6914    13.6950   4.542063   4.542385     2.4297     1.2738     0.0506     4.7377    99.5640     0.0175     3.6326    157.661    13.6762    13.6798    38.5359    38.5353    28.9927    28.9914 0.0000e+00
    104.209    242.479    13.6914    13.6956   4.542059   4.542479     2.4331     1.2787     0.0397     4.7375    99.5597     0.0177     3.6382    157.905    13.6761    13.6803    38.5358    38.5355    28.9926    28.9914 0.0000e+00
    104.431    243.479    13.6915    13.6958   4.542112   4.542515     2.4335     1.2787     0.0390     4.7375    99.5597     0.0177     3.6289    157.499    13.6762    13.6805    38.5360    38.5356    28.9928    28.9915 0.0000e+00
    104.164    244.479    13.6914    13.6950   4.542082   4.542396     2.4313     1.2653     0.0366     4.7364    99.5372     0.0186     3.6201    157.117    13.6761    13.6797    38.5360    38.5353    28.9928    28.9914 0.0000e+00
    103.893    245.479    13.6915    13.6949   4.542064   4.542344     2.4290     1.2645     0.0590     4.7368    99.5447     0.0183     3.6203    157.126    13.6763    13.6797    38.5358    38.5351    28.9925    28.9913 0.0000e+00
    104.120    246.479    13.6915    13.6959   4.542095   4.542486     2.4302     1.2614     0.0434     4.7375    99.5608     0.0177     3.6320    157.634    13.6762    13.6806    38.5360    38.5354    28.9927    28.9913 0.0000e+00
    104.410    247.479    13.6916    13.6967   4.542139   4.542617     2.4326     1.2887     0.0410     4.7368    99.5458     0.0182     3.6357    157.793    13.6763    13.6814    38.5362    38.5357    28.9929    28.9913 0.0000e+00
    104.237    248.479    13.6914    13.6956   4.542114   4.542474     2.4336     1.2700     0.0417     4.7375    99.5597     0.0177     3.6352    157.773    13.6761    13.6803    38.5362    38.5354    28.9929    28.9914 0.0000e+00
    104.024    249.479    13.6915    13.6951   4.542079   4.542409     2.4342     1.2670     0.0372     4.7376    99.5629     0.0176     3.6325    157.655    13.6763    13.6799    38.5359    38.5354    28.9926    28.9915 0.0000e+00
    104.065    250.479    13.6912    13.6949   4.542063   4.542411     2.4333     1.2679     0.0408     4.7374    99.5586     0.0177     3.6304    157.564    13.6760    13.6797    38.5360    38.5356    28.9928    28.9917 0.0000e+00
    104.274    251.479    13.6918    13.6959   4.542146   4.542535     2.4326     1.2622     0.0409     4.7373    99.5565     0.0178     3.6245    157.311    13.6765    13.6806    38.5361    38.5357    28.9927    28.9916 0.0000e+00
    104.251    252.479    13.6916    13.6955   4.542131   4.542479     2.4301     1.2667     0.0456     4.7377    99.5640     0.0175     3.6165    156.964    13.6763    13.6802    38.5362    38.5356    28.9929    28.9915 0.0000e+00
    104.173    253.479    13.6912    13.6950   4.542074   4.542447     2.4269     1.2669     0.0510     4.7369    99.5469     0.0182     3.6116    156.752    13.6759    13.6797    38.5361    38.5359    28.9929    28.9919 0.0000e+00
    104.145    254.479    13.6911    13.6951   4.542047   4.542433     2.4261     1.2726     0.0394     4.7375    99.5597     0.0177     3.6169    156.980    13.6758    13.6798    38.5359    38.5356    28.9927    28.9916 0.0000e+00
    104.216    255.479    13.6912    13.6949   4.542078   4.542410     2.4266     1.2793     0.0415     4.7376    99.5618     0.0176     3.6188    157.063    13.6759    13.6796    38.5361    38.5356    28.9928    28.9917 0.0000e+00
    104.339    256.479    13.6915    13.6952   4.542131   4.542476     2.4267     1.2649     0.0424     4.7375    99.5608     0.0177     3.6189    157.067    13.6762    13.6799    38.5363    38.5358    28.9929    28.9918 0.0000e+00
    104.225    257.479    13.6916    13.6950   4.542150   4.542435     2.4271     1.2676     0.0482     4.7375    99.5597     0.0177     3.6218    157.193    13.6763    13.6797    38.5364    38.5357    28.9930    28.9917 0.0000e+00
    104.091    258.479    13.6912    13.6948   4.542065   4.542411     2.4288     1.2687     0.0469     4.7374    99.5586     0.0177     3.6304    157.567    13.6759    13.6795    38.5361    38.5357    28.9928    28.9917 0.0000e+00
    104.218    259.479    13.6913    13.6955   4.542069   4.542507     2.4316     1.2758     0.0413     4.7374    99.5586     0.0177     3.6360    157.808    13.6760    13.6802    38.5360    38.5358    28.9927    28.9917 0.0000e+00
    104.315    260.479    13.6914    13.6965   4.542117   4.542603     2.4332     1.2742     0.0427     4.7379    99.5683     0.0173     3.6311    157.595    13.6761    13.6812    38.5363    38.5358    28.9930    28.9915 0.0000e+00
    104.288    261.479    13.6914    13.6951   4.542101   4.542462     2.4317     1.2673     0.0425     4.7384    99.5790     0.0169     3.6228    157.236    13.6761    13.6798    38.5361    38.5358    28.9928    28.9918 0.0000e+00
    104.261    262.479    13.6912    13.6949   4.542072   4.542436     2.4297     1.2691     0.0537     4.7380    99.5715     0.0172     3.6207    157.146    13.6759    13.6796    38.5360    38.5358    28.9928    28.9918 0.0000e+00
    104.295    263.479    13.6912    13.6949   4.542074   4.542418     2.4299     1.2688     0.0370     4.7375    99.5608     0.0177     3.6293    157.518    13.6759    13.6796    38.5361    38.5356    28.9928    28.9917 0.0000e+00
    104.255    264.479    13.6911    13.6950   4.542070   4.542418     2.4312     1.2825     0.0386     4.7377    99.5651     0.0175     3.6344    157.741    13.6758    13.6797    38.5361    38.5355    28.9929    28.9916 0.0000e+00
    104.189    265.479    13.6912    13.6946   4.542070   4.542376 -9.990e-29     1.2619     0.0516     4.7378    99.5672     0.0174 -9.990e-29 -9.990e-29    13.6759    13.6793    38.5360    38.5355    28.9928    28.9916 0.0000e+00
    104.357    266.479    13.6913    13.6949   4.542080   4.542428 -9.990e-29     1.2639 -9.990e-29     4.7378    99.5661     0.0174 -9.990e-29 -9.990e-29    13.6760    13.6796    38.5360    38.5357    28.9928    28.9917 0.0000e+00
    104.465    267.125    13.6917    13.6956   4.542130   4.542543 -9.990e-29     1.2800 -9.990e-29     4.7378    99.5670     0.0174 -9.990e-29 -9.990e-29    13.6764    13.6803    38.5360    38.5361    28.9927    28.9919 0.0000e+00
