Boussole/Data/SBEMOOSE/Work/cnv/bous225_03.cnv
* Sea-Bird SBE 9 Data File:
* FileName = C:\boussole\202012\bous225_03.hdr
* Software Version Seasave V 7.23.2
* Temperature SN = 2473
* Conductivity SN = 2929
* Number of Bytes Per Scan = 37
* Number of Voltage Words = 4
* Number of Scans Averaged by the Deck Unit = 1
* NMEA Latitude = 43 21.70 N
* NMEA Longitude = 007 54.04 E
* NMEA UTC (Time) = Dec 09 2020  14:05:46
* NMEA baud rate = 4800
** Navire
** Station:
** Date
** Heure debut [TU]
** Heure fin [TU]
** Heure locale / TU = +0
** Latitude
** Longitude
** Heure meteo [TU]
** T air sec [deg C]
** T mer [deg C]
** Vent [noeuds, degres]
# nquan = 14
# nvalues = 1453                        
# units = specified
# name 0 = prDM: Pressure, Digiquartz [db]
# name 1 = timeS: Time, Elapsed [seconds]
# name 2 = t090C: Temperature [ITS-90, deg C]
# name 3 = c0S/m: Conductivity [S/m]
# name 4 = sbeox0V: Oxygen raw, SBE 43 [V]
# name 5 = flC: Fluorescence, Chelsea Aqua 3 Chl Con [ug/l]
# name 6 = upoly0: Upoly 0, RINKOIII_DO
# name 7 = upoly1: Upoly 1, RINKOIII_Temp
# name 8 = potemp090C: Potential Temperature [ITS-90, deg C]
# name 9 = sal00: Salinity, Practical [PSU]
# name 10 = sigma-é00: Density [sigma-theta, kg/m^3]
# name 11 = sbeox0ML/L: Oxygen, SBE 43 [ml/l], WS = 2
# name 12 = sbox0Mm/Kg: Oxygen, SBE 43 [umol/kg], WS = 2
# name 13 = flag: flag
# span 0 =     -0.133,    382.824       
# span 1 =      0.479,   1452.167       
# span 2 =    13.7352,    14.9712       
# span 3 =   4.511336,   4.618208       
# span 4 =     1.4300,     2.0562       
# span 5 =     0.1156,     1.9894       
# span 6 =  1.5370370,  1.8379121       
# span 7 =  13.713708,  14.955114       
# span 8 =    13.6789,    14.9696       
# span 9 =    37.0713,    38.6443       
# span 10 =    27.5835,    29.0747      
# span 11 =     3.2503,     5.5827      
# span 12 =    141.059,    242.471      
# span 13 = 0.0000e+00, 0.0000e+00      
# interval = seconds: 1                 
# start_time = Dec 09 2020 14:05:46 [NMEA time, header]
# bad_flag = -9.990e-29
*END*
    382.468      0.479    13.7372   4.571340     1.4316     0.1525  1.8375051  13.717810    13.6805    38.6428    29.0745     3.2648    141.686 0.0000e+00
    382.722      1.479    13.7375   4.571380     1.4319     0.1633  1.8375051  13.718493    13.6807    38.6428    29.0745     3.2670    141.782 0.0000e+00
    382.664      2.479    13.7375   4.571380     1.4318     0.1622  1.8379121  13.719860    13.6807    38.6428    29.0745     3.2632    141.617 0.0000e+00
    382.717      3.479    13.7376   4.571396     1.4314     0.1491  1.8375559  13.717126    13.6808    38.6429    29.0746     3.2651    141.697 0.0000e+00
    382.775      4.479    13.7375   4.571402     1.4319     0.1312  1.8374542  13.720544    13.6807    38.6429    29.0746     3.2714    141.973 0.0000e+00
    382.821      5.479    13.7376   4.571411     1.4331     0.1310  1.8379121  13.717126    13.6808    38.6429    29.0746     3.2734    142.059 0.0000e+00
    382.818      6.479    13.7375   4.571407     1.4319     0.1456  1.8377086  13.717126    13.6807    38.6430    29.0746     3.2530    141.173 0.0000e+00
    382.451      7.479    13.7375   4.571384     1.4308     0.1492  1.8376577  13.717126    13.6808    38.6430    29.0746     3.2728    142.033 0.0000e+00
    382.245      8.479    13.7374   4.571365     1.4339     0.1340  1.8376577  13.719860    13.6807    38.6429    29.0746     3.2822    142.442 0.0000e+00
    382.559      9.479    13.7376   4.571397     1.4332     0.1275  1.8377594  13.718493    13.6809    38.6429    29.0746     3.2567    141.336 0.0000e+00
    382.199     10.479    13.7375   4.571367     1.4306     0.1359  1.8375559  13.716442    13.6808    38.6429    29.0746     3.2503    141.059 0.0000e+00
    381.610     11.479    13.7371   4.571278     1.4300     0.1251  1.8375559  13.719177    13.6805    38.6427    29.0745     3.2675    141.805 0.0000e+00
    381.918     12.479    13.7373   4.571322     1.4330     0.1417  1.8377086  13.716442    13.6806    38.6428    29.0745     3.2839    142.517 0.0000e+00
    382.708     13.479    13.7376   4.571418     1.4334     0.1387  1.8376068  13.718493    13.6808    38.6431    29.0747     3.2605    141.500 0.0000e+00
    382.685     14.479    13.7376   4.571412     1.4305     0.1442  1.8377594  13.717126    13.6809    38.6430    29.0746     3.2526    141.157 0.0000e+00
    382.083     15.479    13.7375   4.571357     1.4315     0.1502  1.8379121  13.717126    13.6808    38.6428    29.0745     3.2809    142.386 0.0000e+00
    382.354     16.479    13.7375   4.571394     1.4344     0.1565  1.8377086  13.717810    13.6808    38.6430    29.0747     3.2796    142.330 0.0000e+00
    382.824     17.479    13.7376   4.571419     1.4332     0.1523  1.8377594  13.719177    13.6808    38.6430    29.0746     3.2605    141.498 0.0000e+00
    382.070     18.479    13.7376   4.571366     1.4317     0.1497  1.8378103  13.715759    13.6809    38.6429    29.0745     3.2581    141.396 0.0000e+00
    381.199     19.479    13.7371   4.571246     1.4310     0.1334  1.8377086  13.716442    13.6806    38.6426    29.0744     3.2630    141.609 0.0000e+00
    381.234     20.479    13.7370   4.571229     1.4319     0.1266  1.8376577  13.719177    13.6804    38.6426    29.0744     3.2689    141.864 0.0000e+00
    381.772     21.479    13.7374   4.571338     1.4319     0.1305  1.8377594  13.717810    13.6808    38.6429    29.0746     3.2644    141.667 0.0000e+00
    381.974     22.479    13.7372   4.571299     1.4316     0.1436  1.8378103  13.720544    13.6805    38.6426    29.0744     3.2617    141.553 0.0000e+00
    382.044     23.479    13.7372   4.571297     1.4312     0.1398  1.8377086  13.718493    13.6805    38.6426    29.0744     3.2663    141.752 0.0000e+00
    382.300     24.479    13.7374   4.571354     1.4323     0.1379  1.8378103  13.718493    13.6807    38.6428    29.0745     3.2767    142.201 0.0000e+00
    382.606     25.479    13.7376   4.571398     1.4341     0.1471  1.8377594  13.715759    13.6809    38.6429    29.0745     3.2815    142.413 0.0000e+00
    382.659     26.479    13.7377   4.571427     1.4342     0.1422  1.8374542  13.717810    13.6809    38.6431    29.0747     3.2629    141.605 0.0000e+00
    382.125     27.479    13.7374   4.571335     1.4311     0.1457  1.8376577  13.715759    13.6807    38.6427    29.0745     3.2506    141.068 0.0000e+00
    381.345     28.479    13.7370   4.571223     1.4311     0.1442  1.8377594  13.716442    13.6804    38.6424    29.0743     3.2679    141.820 0.0000e+00
    381.389     29.479    13.7368   4.571230     1.4320     0.1341  1.8375559  13.717810    13.6803    38.6426    29.0745     3.2759    142.169 0.0000e+00
    382.094     30.479    13.7372   4.571311     1.4340     0.1216  1.8373016  13.722595    13.6806    38.6427    29.0744     3.2737    142.072 0.0000e+00
    382.271     31.479    13.7374   4.571345     1.4321     0.1327  1.8377594  13.717810    13.6807    38.6428    29.0745     3.2539    141.213 0.0000e+00
    381.849     32.479    13.7371   4.571297     1.4307     0.1373  1.8373524  13.717126    13.6805    38.6428    29.0745     3.2610    141.522 0.0000e+00
    381.588     33.479    13.7370   4.571262     1.4317     0.1328  1.8374033  13.717810    13.6804    38.6427    29.0745     3.2693    141.880 0.0000e+00
    382.155     34.479    13.7373   4.571332     1.4318     0.1332  1.8377594  13.717126    13.6807    38.6428    29.0745     3.2666    141.765 0.0000e+00
    382.546     35.479    13.7376   4.571390     1.4322     0.1371  1.8377086  13.717126    13.6808    38.6429    29.0746     3.2744    142.105 0.0000e+00
    382.381     36.479    13.7374   4.571350     1.4339     0.1275  1.8376068  13.719177    13.6807    38.6428    29.0745     3.2786    142.284 0.0000e+00
    382.204     37.479    13.7372   4.571313     1.4338     0.1231  1.8377594  13.719860    13.6805    38.6427    29.0745     3.2640    141.651 0.0000e+00
    381.736     38.479    13.7369   4.571250     1.4316     0.1270  1.8375559  13.718493    13.6803    38.6426    29.0744     3.2530    141.176 0.0000e+00
    381.116     39.479    13.7367   4.571179     1.4306     0.1251  1.8372507  13.717126    13.6802    38.6424    29.0743     3.2646    141.679 0.0000e+00
    381.216     40.479    13.7367   4.571191     1.4328     0.1287  1.8374033  13.719177    13.6802    38.6425    29.0744     3.2813    142.402 0.0000e+00
    382.087     41.479    13.7372   4.571321     1.4340     0.1299  1.8376068  13.718493    13.6806    38.6428    29.0745     3.2777    142.245 0.0000e+00
    382.317     42.479    13.7376   4.571373     1.4337     0.1268  1.8376577  13.717810    13.6809    38.6428    29.0745     3.2652    141.704 0.0000e+00
    381.795     43.479    13.7373   4.571292     1.4325     0.1280  1.8375559  13.718493    13.6806    38.6426    29.0744     3.2623    141.579 0.0000e+00
    381.364     44.479    13.7370   4.571233     1.4324     0.1432  1.8376577  13.715075    13.6804    38.6425    29.0743     3.2737    142.073 0.0000e+00
    381.317     45.479    13.7368   4.571196     1.4339     0.1587  1.8374542  13.717126    13.6802    38.6423    29.0743     3.2773    142.229 0.0000e+00
    381.582     46.479    13.7370   4.571244     1.4340     0.1507  1.8369963  13.717810    13.6804    38.6425    29.0744     3.2696    141.896 0.0000e+00
    381.342     47.479    13.7369   4.571226     1.4330     0.1414  1.8376068  13.719177    13.6803    38.6426    29.0744     3.2607    141.508 0.0000e+00
    380.784     48.479    13.7366   4.571142     1.4317     0.1418  1.8374033  13.717126    13.6801    38.6424    29.0743     3.2642    141.659 0.0000e+00
    380.861     49.479    13.7365   4.571148     1.4327     0.1445  1.8371489  13.718493    13.6800    38.6424    29.0744     3.2735    142.062 0.0000e+00
    381.246     50.479    13.7366   4.571173     1.4332     0.1472  1.8374033  13.717810    13.6801    38.6424    29.0743     3.2712    141.963 0.0000e+00
    381.493     51.479    13.7368   4.571203     1.4330     0.1432  1.8373016  13.718493    13.6802    38.6424    29.0743     3.2688    141.861 0.0000e+00
    381.424     52.479    13.7367   4.571188     1.4333     0.1210  1.8373524  13.719860    13.6801    38.6424    29.0743     3.2772    142.224 0.0000e+00
    381.195     53.479    13.7365   4.571149     1.4348     0.1170  1.8374542  13.719860    13.6800    38.6423    29.0743     3.2794    142.321 0.0000e+00
    381.022     54.479    13.7365   4.571137     1.4343     0.1156  1.8368946  13.719860    13.6800    38.6422    29.0742     3.2692    141.879 0.0000e+00
    380.749     55.479    13.7363   4.571102     1.4336     0.1296  1.8373524  13.716442    13.6798    38.6422    29.0742     3.2636    141.634 0.0000e+00
    380.373     56.479    13.7362   4.571067     1.4322     0.1393  1.8375051  13.717810    13.6798    38.6422    29.0742     3.2636    141.634 0.0000e+00
    380.339     57.479    13.7362   4.571051     1.4332     0.1302  1.8370981  13.719177    13.6798    38.6421    29.0742     3.2827    142.463 0.0000e+00
    380.692     58.479    13.7362   4.571078     1.4357     0.1314  1.8370981  13.717810    13.6797    38.6422    29.0742     3.2898    142.770 0.0000e+00
    381.052     59.479    13.7363   4.571107     1.4362     0.1383  1.8371489  13.717126    13.6798    38.6422    29.0742     3.2704    141.929 0.0000e+00
    380.606     60.479    13.7362   4.571075     1.4334     0.1306  1.8372507  13.715075    13.6797    38.6422    29.0742     3.2577    141.380 0.0000e+00
    379.738     61.479    13.7359   4.570980     1.4324     0.1378  1.8367419  13.715075    13.6796    38.6419    29.0741     3.2669    141.779 0.0000e+00
    379.652     62.479    13.7358   4.570959     1.4336     0.1408  1.8369454  13.716442    13.6795    38.6419    29.0741     3.2821    142.440 0.0000e+00
    380.470     63.479    13.7361   4.571061     1.4356     0.1409  1.8365893  13.717810    13.6797    38.6422    29.0743     3.2846    142.547 0.0000e+00
    381.063     64.479    13.7364   4.571130     1.4354     0.1457  1.8367928  13.716442    13.6799    38.6423    29.0743     3.2710    141.955 0.0000e+00
    380.758     65.479    13.7363   4.571097     1.4338     0.1419  1.8367419  13.715075    13.6798    38.6422    29.0742     3.2642    141.661 0.0000e+00
    380.178     66.479    13.7361   4.571035     1.4333     0.1424  1.8367928  13.716442    13.6797    38.6420    29.0742     3.2740    142.084 0.0000e+00
    379.980     67.479    13.7358   4.570984     1.4347     0.1190  1.8367419  13.715759    13.6794    38.6419    29.0741     3.2837    142.504 0.0000e+00
    380.045     68.479    13.7358   4.570985     1.4360     0.1417  1.8369454  13.715759    13.6794    38.6420    29.0741     3.2780    142.257 0.0000e+00
    379.910     69.479    13.7356   4.570949     1.4341     0.1571  1.8368437  13.718493    13.6793    38.6418    29.0741     3.2577    141.377 0.0000e+00
    379.421     70.479    13.7353   4.570881     1.4322     0.1419  1.8368437  13.717126    13.6791    38.6417    29.0740     3.2627    141.595 0.0000e+00
    379.198     71.479    13.7354   4.570859     1.4330     0.1259  1.8365384  13.717126    13.6791    38.6416    29.0739     3.2751    142.134 0.0000e+00
    379.893     72.479    13.7356   4.570940     1.4338     0.1373  1.8363858  13.715759    13.6793    38.6418    29.0740     3.2797    142.335 0.0000e+00
    380.558     73.479    13.7360   4.571039     1.4357     0.1478  1.8367419  13.717126    13.6796    38.6420    29.0741     3.2853    142.579 0.0000e+00
    380.514     74.479    13.7360   4.571041     1.4353     0.1242  1.8366402  13.717126    13.6796    38.6421    29.0742     3.2674    141.800 0.0000e+00
    379.990     75.479    13.7358   4.570978     1.4334     0.1333  1.8367928  13.715759    13.6795    38.6419    29.0741     3.2654    141.714 0.0000e+00
    379.242     76.479    13.7355   4.570882     1.4339     0.1388  1.8364876  13.715075    13.6793    38.6416    29.0739     3.2786    142.284 0.0000e+00
    379.302     77.479    13.7354   4.570853     1.4350     0.1411  1.8363858  13.713708    13.6791    38.6415    29.0738     3.2797    142.334 0.0000e+00
    379.673     78.479    13.7354   4.570886     1.4352     0.1449  1.8367419  13.715075    13.6791    38.6416    29.0739     3.2717    141.988 0.0000e+00
    379.350     79.479    13.7354   4.570864     1.4338     0.1364  1.8365384  13.715759    13.6791    38.6415    29.0738     3.2643    141.663 0.0000e+00
    379.009     80.479    13.7359   4.570901     1.4333     0.1299  1.8364876  13.715759    13.6797    38.6415    29.0737     3.2698    141.905 0.0000e+00
    379.165     81.479    13.7356   4.570858     1.4333     0.1299  1.8362841  13.715759    13.6793    38.6414    29.0737     3.2688    141.858 0.0000e+00
    379.547     82.479    13.7354   4.570876     1.4335     0.1318  1.8364367  13.716442    13.6791    38.6415    29.0739     3.2748    142.121 0.0000e+00
    379.776     83.479    13.7356   4.570921     1.4344     0.1417  1.8362332  13.716442    13.6793    38.6417    29.0740     3.2803    142.360 0.0000e+00
    379.889     84.479    13.7355   4.570909     1.4357     0.1410  1.8364876  13.715075    13.6792    38.6416    29.0740     3.2828    142.469 0.0000e+00
    379.807     85.479    13.7352   4.570866     1.4357     0.1446  1.8362332  13.715075    13.6789    38.6415    29.0739     3.2765    142.196 0.0000e+00
    379.308     86.479    13.7357   4.570895     1.4350     0.1508  1.8364876  13.715075    13.6794    38.6415    29.0738     3.2670    141.780 0.0000e+00
    378.698     87.479    13.7361   4.570916     1.4336     0.1605  1.8362332  13.716442    13.6800    38.6416    29.0737     3.2665    141.759 0.0000e+00
    378.437     88.479    13.7367   4.570962     1.4340     0.1442  1.8359788  13.719177    13.6806    38.6416    29.0736     3.2757    142.160 0.0000e+00
    378.648     89.479    13.7365   4.570937     1.4343     0.1477  1.8361823  13.716442    13.6803    38.6415    29.0736     3.2732    142.051 0.0000e+00
    379.021     90.479    13.7365   4.570974     1.4343     0.1432  1.8362840  13.717126    13.6803    38.6416    29.0737     3.2716    141.979 0.0000e+00
    379.084     91.479    13.7365   4.570969     1.4338     0.1379  1.8362332  13.717810    13.6803    38.6415    29.0736     3.2695    141.890 0.0000e+00
    379.077     92.479    13.7372   4.571061     1.4344     0.1358  1.8363349  13.719860    13.6810    38.6417    29.0736     3.2825    142.454 0.0000e+00
    379.221     93.479    13.7368   4.571016     1.4359     0.1202  1.8365384  13.719177    13.6806    38.6415    29.0736     3.2823    142.445 0.0000e+00
    379.456     94.479    13.7362   4.570954     1.4356     0.1263  1.8364367  13.717126    13.6799    38.6415    29.0737     3.2742    142.093 0.0000e+00
    379.127     95.479    13.7369   4.571035     1.4356     0.1366  1.8363858  13.717810    13.6806    38.6418    29.0737     3.2803    142.360 0.0000e+00
    378.559     96.479    13.7376   4.571086     1.4358     0.1305  1.8363858  13.718493    13.6815    38.6417    29.0735     3.2748    142.120 0.0000e+00
    378.344     97.479    13.7386   4.571202     1.4351     0.1410  1.8361823  13.719177    13.6825    38.6419    29.0735     3.2716    141.982 0.0000e+00
    378.226     98.479    13.7382   4.571140     1.4347     0.1464  1.8360297  13.720544    13.6821    38.6419    29.0735     3.2746    142.112 0.0000e+00
    378.306     99.479    13.7378   4.571097     1.4354     0.1378  1.8363349  13.719177    13.6817    38.6418    29.0735     3.2834    142.495 0.0000e+00
    378.559    100.479    13.7398   4.571368     1.4365     0.1325  1.8364876  13.721227    13.6836    38.6422    29.0734     3.2859    142.601 0.0000e+00
    378.613    101.479    13.7397   4.571364     1.4372     0.1230  1.8363858  13.721911    13.6836    38.6422    29.0734     3.2842    142.527 0.0000e+00
    378.238    102.479    13.7397   4.571338     1.4372     0.1308  1.8364367  13.723278    13.6836    38.6422    29.0735     3.2876    142.678 0.0000e+00
