Boussole/Data/SBEMOOSE/Work/cnv/bous229_02.cnv
* Sea-Bird SBE 9 Data File:
* FileName = C:\boussole\202104\bous229_02.hdr
* Software Version Seasave V 7.23.2
* Temperature SN = 2473
* Conductivity SN = 2929
* Number of Bytes Per Scan = 37
* Number of Voltage Words = 4
* Number of Scans Averaged by the Deck Unit = 1
* NMEA Latitude = 43 21.84 N
* NMEA Longitude = 007 54.10 E
* NMEA UTC (Time) = Apr 09 2021  10:21:32
* NMEA baud rate = 4800
** Campagne = BOUSSOLE 229
** Navire = Tethys II
** Station = BOUS229_02
** Date = 09/04/2021
** Heure debut [TU] = 10:21
** Heure fin [TU] = 11:49
** Heure locale / TU = +0
** Latitude = 43 21.842 N
** Longitude = 007 54.109 E
** Heure meteo [TU] = 10:23
** T air sec [deg C] = 13.2
** T mer [deg C] = 14.07
** Vent [noeuds, degres] = 3, 182
** Pression atm [hpa] = 1026.6
** Humidite [%] = 49.8
** Nebulosite [octas] = 1
** Etat de la mer [code S] = 2
# nquan = 14
# nvalues = 5288                        
# units = specified
# name 0 = prDM: Pressure, Digiquartz [db]
# name 1 = timeS: Time, Elapsed [seconds]
# name 2 = t090C: Temperature [ITS-90, deg C]
# name 3 = c0S/m: Conductivity [S/m]
# name 4 = sbeox0V: Oxygen raw, SBE 43 [V]
# name 5 = flC: Fluorescence, Chelsea Aqua 3 Chl Con [ug/l]
# name 6 = upoly0: Upoly 0, RINKOIII_DO
# name 7 = upoly1: Upoly 1, RINKOIII_Temp
# name 8 = potemp090C: Potential Temperature [ITS-90, deg C]
# name 9 = sal00: Salinity, Practical [PSU]
# name 10 = sigma-é00: Density [sigma-theta, kg/m^3]
# name 11 = sbeox0ML/L: Oxygen, SBE 43 [ml/l], WS = 2
# name 12 = sbox0Mm/Kg: Oxygen, SBE 43 [umol/kg], WS = 2
# name 13 = flag: flag
# span 0 =      0.143,    405.497       
# span 1 =      0.479,   5287.333       
# span 2 =    13.4280,    14.3352       
# span 3 =   0.159634,   4.591173       
# span 4 =     2.1799,     3.0234       
# span 5 =    -0.2893,  1887.9148       
# span 6 =  1.5098698,  1.8387260       
# span 7 =  13.418210,  14.158352       
# span 8 =    13.4174,    14.3351       
# span 9 =     1.0411,    38.6807       
# span 10 =     0.0720,    29.0871      
# span 11 =     3.1968,     5.1402      
# span 12 =    138.734,    229.486      
# span 13 = 0.0000e+00, 0.0000e+00      
# interval = seconds: 1                 
# start_time = Apr 09 2021 10:21:32 [NMEA time, header]
# bad_flag = -9.990e-29
*END*
[from data line 413]
    253.115    413.479    13.8060   4.573661     2.2241     0.2111  1.8286019  13.793677    13.7685    38.6534    29.0639     3.2486    140.986 0.0000e+00
    253.776    414.479    13.8004   4.572993     2.2236     0.2129  1.8289072  13.787527    13.7628    38.6525    29.0644     3.2459    140.868 0.0000e+00
    254.359    415.479    13.8001   4.573007     2.2225     0.2102  1.8288563  13.784793    13.7624    38.6526    29.0646     3.2434    140.757 0.0000e+00
    254.742    416.479    13.7992   4.572925     2.2217     0.2016  1.8290598  13.789577    13.7615    38.6526    29.0647     3.2430    140.740 0.0000e+00
    255.258    417.479    13.7989   4.572926     2.2208     0.1950  1.8290598  13.792310    13.7611    38.6526    29.0648     3.2384    140.540 0.0000e+00
    256.194    418.479    13.7984   4.572933     2.2190     0.1824  1.8295177  13.781376    13.7604    38.6528    29.0652     3.2350    140.395 0.0000e+00
    257.275    419.479    13.7968   4.572803     2.2176     0.1691  1.8302299  13.780009    13.7587    38.6527    29.0654     3.2358    140.427 0.0000e+00
    257.868    420.479    13.7973   4.572898     2.2179     0.1796  1.8306369  13.781376    13.7591    38.6528    29.0655     3.2396    140.597 0.0000e+00
    258.038    421.479    13.8001   4.573240     2.2178     0.1811  1.8310948  13.787527    13.7619    38.6531    29.0651     3.2363    140.453 0.0000e+00
    258.421    422.479    13.7985   4.573028     2.2168     0.1911  1.8307895  13.788893    13.7602    38.6526    29.0650     3.2322    140.271 0.0000e+00
    259.200    423.479    13.7926   4.572405     2.2154     0.1891  1.8308913  13.781376    13.7542    38.6523    29.0661     3.2306    140.204 0.0000e+00
    260.225    424.479    13.7911   4.572300     2.2144     0.2053  1.8317053  13.778643    13.7525    38.6524    29.0665     3.2298    140.169 0.0000e+00
    261.037    425.479    13.7907   4.572295     2.2139     0.1891  1.8325702  13.776592    13.7521    38.6523    29.0666     3.2302    140.183 0.0000e+00
    261.361    426.479    13.7917   4.572443     2.2130     0.1854  1.8325702  13.779326    13.7530    38.6526    29.0666     3.2275    140.068 0.0000e+00
    261.733    427.479    13.7923   4.572487     2.2127     0.1882  1.8323667  13.781376    13.7535    38.6523    29.0662     3.2300    140.177 0.0000e+00
    262.406    428.479    13.7872   4.571974     2.2130     0.1837  1.8325193  13.778642    13.7483    38.6522    29.0673     3.2303    140.190 0.0000e+00
    263.212    429.479    13.7862   4.571915     2.2126     0.1733  1.8330280  13.770441    13.7473    38.6522    29.0675     3.2288    140.126 0.0000e+00
    264.065    430.479    13.7862   4.571984     2.2119     0.1805  1.8335877  13.770441    13.7470    38.6526    29.0679     3.2264    140.023 0.0000e+00
    264.756    431.479    13.7861   4.572013     2.2110     0.1908  1.8338929  13.772491    13.7469    38.6526    29.0680     3.2271    140.052 0.0000e+00
    265.220    432.479    13.7861   4.572052     2.2115     0.2006  1.8336894  13.775909    13.7468    38.6528    29.0680     3.2317    140.252 0.0000e+00
    265.617    433.479    13.7862   4.572064     2.2126     0.1906  1.8339947  13.780009    13.7469    38.6526    29.0679     3.2333    140.320 0.0000e+00
    266.253    434.479    13.7869   4.572295     2.2127     0.1911  1.8342490  13.773175    13.7474    38.6539    29.0688     3.2307    140.208 0.0000e+00
    267.170    435.479    13.7886   4.572610     2.2121     0.1949  1.8347069  13.768391    13.7490    38.6547    29.0690     3.2287    140.122 0.0000e+00
    267.949    436.479    13.7901   4.572858     2.2113     0.2029  1.8344526  13.774542    13.7504    38.6551    29.0691     3.2245    139.936 0.0000e+00
    268.425    437.479    13.7898   4.572825     2.2097     0.2083  1.8343508  13.773858    13.7500    38.6550    29.0691     3.2225    139.853 0.0000e+00
    269.116    438.479    13.7937   4.573446     2.2088     0.2046  1.8347578  13.777959    13.7538    38.6566    29.0695     3.2204    139.762 0.0000e+00
    269.867    439.479    13.7956   4.573716     2.2075     0.2011  1.8348596  13.779326    13.7556    38.6569    29.0694     3.2200    139.740 0.0000e+00
    270.363    440.479    13.7955   4.573731     2.2079     0.2078  1.8351139  13.779326    13.7554    38.6569    29.0694     3.2239    139.914 0.0000e+00
    270.768    441.479    13.7958   4.573800     2.2079     0.2096  1.8355718  13.780693    13.7557    38.6571    29.0695     3.2219    139.825 0.0000e+00
    271.469    442.479    13.7991   4.574329     2.2073     0.1845  1.8356227  13.779326    13.7589    38.6585    29.0699     3.2180    139.656 0.0000e+00
    272.455    443.479    13.8027   4.574885     2.2061     0.1932  1.8359279  13.780693    13.7623    38.6597    29.0701     3.2189    139.697 0.0000e+00
    273.288    444.479    13.8056   4.575293     2.2071     0.2000  1.8354701  13.785476    13.7650    38.6603    29.0700     3.2234    139.892 0.0000e+00
    273.663    445.479    13.8031   4.574939     2.2071     0.2094  1.8354700  13.786843    13.7625    38.6592    29.0697     3.2201    139.747 0.0000e+00
    273.944    446.479    13.8020   4.574861     2.2065     0.2041  1.8356736  13.780009    13.7614    38.6595    29.0701     3.2206    139.767 0.0000e+00
    274.556    447.479    13.8115   4.576262     2.2068     0.2012  1.8351139  13.786843    13.7708    38.6629    29.0708     3.2230    139.873 0.0000e+00
    275.454    448.479    13.8174   4.577126     2.2079     0.2078  1.8356227  13.795727    13.7765    38.6648    29.0710     3.2262    140.013 0.0000e+00
    276.343    449.479    13.8221   4.577823     2.2083     0.1944  1.8356736  13.797094    13.7811    38.6662    29.0711     3.2226    139.856 0.0000e+00
    277.010    450.479    13.8237   4.578050     2.2073     0.1970  1.8361314  13.805978    13.7826    38.6665    29.0710     3.2188    139.690 0.0000e+00
    277.539    451.479    13.8258   4.578383     2.2066     0.2090  1.8360806  13.801877    13.7846    38.6674    29.0712     3.2173    139.623 0.0000e+00
    278.103    452.479    13.8311   4.579220     2.2054     0.2023  1.8355718  13.802561    13.7898    38.6697    29.0719     3.2169    139.606 0.0000e+00
    278.780    453.479    13.8400   4.580551     2.2058     0.2115  1.8356227  13.816911    13.7986    38.6730    29.0726     3.2191    139.702 0.0000e+00
    279.493    454.479    13.8402   4.580630     2.2059     0.2025  1.8360806  13.817594    13.7987    38.6732    29.0727     3.2166    139.595 0.0000e+00
    280.088    455.479    13.8400   4.580645     2.2046     0.1929  1.8363349  13.818278    13.7984    38.6733    29.0729     3.2131    139.442 0.0000e+00
    280.673    456.479    13.8391   4.580541     2.2041     0.1958  1.8364876  13.822377    13.7975    38.6729    29.0728     3.2154    139.545 0.0000e+00
    281.390    457.479    13.8350   4.580020     2.2042     0.2026  1.8362332  13.818961    13.7932    38.6718    29.0728     3.2170    139.611 0.0000e+00
    282.088    458.479    13.8339   4.579914     2.2045     0.1944  1.8364876  13.814861    13.7920    38.6717    29.0730     3.2176    139.638 0.0000e+00
    282.751    459.479    13.8299   4.579368     2.2044     0.1807  1.8365384  13.810761    13.7880    38.6701    29.0727     3.2172    139.623 0.0000e+00
    283.510    460.479    13.8237   4.578596     2.2043     0.1825  1.8366911  13.810078    13.7816    38.6688    29.0730     3.2188    139.692 0.0000e+00
    284.238    461.479    13.8197   4.578155     2.2048     0.1776  1.8366911  13.805294    13.7775    38.6683    29.0735     3.2194    139.717 0.0000e+00
    284.677    462.479    13.8204   4.578255     2.2040     0.1849  1.8365893  13.805294    13.7781    38.6683    29.0734     3.2141    139.486 0.0000e+00
    285.038    463.479    13.8205   4.578267     2.2022     0.1896  1.8364876  13.810761    13.7782    38.6682    29.0732     3.2109    139.348 0.0000e+00
    285.882    464.479    13.8140   4.577439     2.2018     0.2029  1.8368437  13.803244    13.7716    38.6665    29.0734     3.2127    139.425 0.0000e+00
    286.897    465.479    13.8126   4.577297     2.2011     0.1916  1.8370472  13.795727    13.7700    38.6662    29.0734     3.2115    139.373 0.0000e+00
    287.384    466.479    13.8135   4.577450     2.2006     0.1967  1.8366911  13.796410    13.7709    38.6664    29.0735     3.2133    139.453 0.0000e+00
    287.691    467.479    13.8153   4.577679     2.2012     0.1858  1.8369963  13.803927    13.7726    38.6666    29.0732     3.2140    139.480 0.0000e+00
    288.353    468.479    13.8142   4.577679     2.2007     0.1842  1.8370981  13.799827    13.7714    38.6674    29.0741     3.2118    139.385 0.0000e+00
    289.245    469.479    13.8202   4.578535     2.2002     0.1799  1.8374033  13.799827    13.7773    38.6691    29.0742     3.2105    139.328 0.0000e+00
    289.935    470.479    13.8218   4.578780     2.1999     0.1862  1.8371489  13.803927    13.7788    38.6695    29.0742     3.2129    139.432 0.0000e+00
    290.515    471.479    13.8231   4.578999     2.2007     0.1870  1.8365893  13.805294    13.7799    38.6701    29.0744     3.2162    139.577 0.0000e+00
    291.351    472.479    13.8261   4.579458     2.2014     0.2043  1.8368946  13.808028    13.7828    38.6710    29.0745     3.2160    139.567 0.0000e+00
    291.935    473.479    13.8260   4.579472     2.2015     0.2090  1.8365384  13.810078    13.7826    38.6710    29.0745     3.2176    139.639 0.0000e+00
    292.250    474.479    13.8256   4.579436     2.2026     0.1947  1.8364367  13.810078    13.7822    38.6709    29.0745     3.2199    139.740 0.0000e+00
    292.911    475.479    13.8239   4.579231     2.2024     0.1898  1.8366911  13.810761    13.7804    38.6704    29.0745     3.2176    139.638 0.0000e+00
    293.724    476.479    13.8198   4.578760     2.2028     0.1851  1.8364876  13.805978    13.7762    38.6697    29.0748     3.2210    139.786 0.0000e+00
    294.509    477.479    13.8175   4.578495     2.2031     0.1930  1.8362840  13.800511    13.7738    38.6691    29.0749     3.2216    139.812 0.0000e+00
    295.193    478.479    13.8147   4.578176     2.2038     0.1987  1.8357753  13.802561    13.7708    38.6687    29.0752     3.2265    140.023 0.0000e+00
    295.697    479.479    13.8146   4.578192     2.2054     0.1965  1.8355209  13.801194    13.7707    38.6686    29.0752     3.2305    140.199 0.0000e+00
    296.319    480.479    13.8112   4.577748     2.2059     0.1950  1.8355209  13.797094    13.7672    38.6676    29.0751     3.2264    140.018 0.0000e+00
    296.988    481.479    13.8089   4.577516     2.2051     0.1885  1.8348087  13.795727    13.7648    38.6674    29.0756     3.2246    139.940 0.0000e+00
    297.632    482.479    13.8093   4.577638     2.2049     0.1911  1.8348596  13.794360    13.7651    38.6679    29.0758     3.2250    139.959 0.0000e+00
    298.434    483.479    13.8168   4.578768     2.2040     0.1936  1.8346052  13.795727    13.7725    38.6707    29.0764     3.2201    139.744 0.0000e+00
    299.337    484.479    13.8188   4.579072     2.2027     0.1950  1.8349613  13.797777    13.7744    38.6711    29.0763     3.2177    139.644 0.0000e+00
    299.805    485.479    13.8185   4.579015     2.2018     0.1900  1.8357244  13.797094    13.7740    38.6707    29.0761     3.2170    139.612 0.0000e+00
    299.973    486.479    13.8152   4.578510     2.2012     0.1866  1.8360297  13.797094    13.7706    38.6692    29.0757     3.2173    139.623 0.0000e+00
    300.707    487.479    13.8186   4.579131     2.2004     0.1979  1.8356227  13.797777    13.7739    38.6713    29.0766     3.2149    139.519 0.0000e+00
    301.809    488.479    13.8196   4.579346     2.2001     0.1950  1.8359279  13.801877    13.7748    38.6718    29.0768     3.2180    139.655 0.0000e+00
    302.375    489.479    13.8193   4.579319     2.2011     0.1887  1.8362332  13.801194    13.7744    38.6716    29.0767     3.2216    139.811 0.0000e+00
    302.775    490.479    13.8191   4.579292     2.2011     0.1966  1.8363858  13.798460    13.7742    38.6714    29.0766     3.2178    139.644 0.0000e+00
    303.577    491.479    13.8151   4.578820     2.2004     0.1861  1.8364876  13.797094    13.7700    38.6706    29.0769     3.2169    139.607 0.0000e+00
    304.159    492.479    13.8138   4.578702     2.2000     0.1818  1.8366402  13.797094    13.7686    38.6705    29.0771     3.2190    139.697 0.0000e+00
    304.602    493.479    13.8139   4.578693     2.2008     0.1809  1.8366911  13.800511    13.7687    38.6701    29.0768     3.2216    139.811 0.0000e+00
    305.467    494.479    13.8067   4.577802     2.2010     0.1702  1.8367928  13.795044    13.7613    38.6686    29.0772     3.2209    139.779 0.0000e+00
    306.383    495.479    13.8061   4.577807     2.2005     0.1823  1.8367419  13.793677    13.7606    38.6688    29.0775     3.2189    139.696 0.0000e+00
    306.767    496.479    13.8077   4.578030     2.2000     0.1888  1.8360806  13.795727    13.7621    38.6691    29.0774     3.2195    139.720 0.0000e+00
    307.224    497.479    13.8082   4.578092     2.2004     0.1940  1.8363349  13.795727    13.7626    38.6689    29.0772     3.2214    139.800 0.0000e+00
    308.097    498.479    13.8067   4.577992     2.2004     0.1975  1.8363858  13.792310    13.7610    38.6691    29.0777     3.2209    139.781 0.0000e+00
    308.840    499.479    13.8072   4.578106     2.2001     0.1888  1.8363349  13.792994    13.7613    38.6694    29.0778     3.2184    139.671 0.0000e+00
    309.345    500.479    13.8072   4.578127     2.1993     0.1859  1.8364367  13.795044    13.7613    38.6694    29.0778     3.2173    139.626 0.0000e+00
    310.008    501.479    13.8065   4.578093     2.1992     0.2051  1.8366402  13.795727    13.7605    38.6694    29.0780     3.2187    139.685 0.0000e+00
    310.751    502.479    13.8051   4.577965     2.1984     0.1975  1.8365893  13.794360    13.7590    38.6693    29.0782     3.2132    139.445 0.0000e+00
    311.404    503.479    13.8041   4.577890     2.1967     0.1859  1.8365893  13.789577    13.7578    38.6694    29.0785     3.2128    139.428 0.0000e+00
    311.952    504.479    13.8035   4.577827     2.1970     0.1830  1.8370981  13.788210    13.7572    38.6691    29.0785     3.2168    139.603 0.0000e+00
    312.574    505.479    13.8028   4.577774     2.1974     0.1899  1.8366911  13.785476    13.7564    38.6690    29.0786     3.2186    139.682 0.0000e+00
    313.376    506.479    13.8026   4.577799     2.1980     0.1944  1.8372507  13.786160    13.7561    38.6691    29.0787     3.2177    139.641 0.0000e+00
    314.130    507.479    13.8029   4.577872     2.1967     0.1980  1.8371489  13.786160    13.7562    38.6692    29.0788     3.2123    139.409 0.0000e+00
    314.617    508.479    13.8029   4.577898     2.1963     0.1887  1.8374542  13.790260    13.7562    38.6692    29.0787     3.2150    139.524 0.0000e+00
    315.152    509.479    13.8028   4.577906     2.1963     0.1846  1.8370981  13.789577    13.7560    38.6691    29.0788     3.2172    139.622 0.0000e+00
    315.927    510.479    13.8022   4.577863     2.1974     0.1764  1.8370981  13.784110    13.7552    38.6690    29.0788     3.2224    139.844 0.0000e+00
    316.582    511.479    13.8018   4.577849     2.1984     0.1822  1.8371998  13.784110    13.7548    38.6689    29.0789     3.2205    139.765 0.0000e+00
    317.028    512.479    13.8019   4.577877     2.1977     0.1893  1.8374033  13.788210    13.7548    38.6690    29.0789     3.2179    139.650 0.0000e+00
    317.727    513.479    13.7999   4.577633     2.1973     0.2004  1.8374542  13.788210    13.7527    38.6683    29.0788     3.2186    139.679 0.0000e+00
    318.587    514.479    13.7985   4.577495     2.1975     0.2042  1.8376068  13.781376    13.7512    38.6680    29.0789     3.2195    139.718 0.0000e+00
    319.271    515.479    13.7982   4.577468     2.1970     0.1852  1.8375051  13.780693    13.7507    38.6678    29.0789     3.2169    139.607 0.0000e+00
