Boussole/Data/SBEMOOSE/Work/cnv/bous227_01.cnv
* Sea-Bird SBE 9 Data File:
* FileName = C:\boussole\202102\bous227_01.hdr
* Software Version Seasave V 7.23.2
* Temperature SN = 2473
* Conductivity SN = 2929
* Number of Bytes Per Scan = 37
* Number of Voltage Words = 4
* Number of Scans Averaged by the Deck Unit = 1
* NMEA Latitude = 43 22.03 N
* NMEA Longitude = 007 53.87 E
* NMEA UTC (Time) = Feb 15 2021  09:50:37
* NMEA baud rate = 4800
** Campagne = BOUSSOLE 227
** Navire = Tethys II
** Station = BOUS227_01
** Date = 15/02/2021
** Heure debut [TU] = 09:50
** Heure fin [TU] = 12:14
** Heure locale / TU = +0
** Latitude = 43 22.052 N
** Longitude = 007 54.578 E
** Heure meteo [TU] = 11:40
** T air sec [deg C] = 12
** T mer [deg C] = 15.032
** Vent [noeuds, degres] = 9, 281
** Pression atm [hpa] = 1000.4
** Humidite [%] = 70
** Nebulosite [octas] = 7
** Etat de la mer [code S] = 3
# nquan = 14
# nvalues = 2364                        
# units = specified
# name 0 = prDM: Pressure, Digiquartz [db]
# name 1 = timeS: Time, Elapsed [seconds]
# name 2 = t090C: Temperature [ITS-90, deg C]
# name 3 = c0S/m: Conductivity [S/m]
# name 4 = sbeox0V: Oxygen raw, SBE 43 [V]
# name 5 = flC: Fluorescence, Chelsea Aqua 3 Chl Con [ug/l]
# name 6 = upoly0: Upoly 0, RINKOIII_DO
# name 7 = upoly1: Upoly 1, RINKOIII_Temp
# name 8 = potemp090C: Potential Temperature [ITS-90, deg C]
# name 9 = sal00: Salinity, Practical [PSU]
# name 10 = sigma-é00: Density [sigma-theta, kg/m^3]
# name 11 = sbeox0ML/L: Oxygen, SBE 43 [ml/l], WS = 2
# name 12 = sbox0Mm/Kg: Oxygen, SBE 43 [umol/kg], WS = 2
# name 13 = flag: flag
# span 0 =      0.344,    402.253       
# span 1 =      0.479,   2363.458       
# span 2 =    12.8924,    13.8210       
# span 3 =   0.672365,   4.571888       
# span 4 =     2.2551,     2.8115       
# span 5 =    -0.2893,     2.7235       
# span 6 =  1.5519456,  1.8405575       
# span 7 =  12.287805,  13.799827       
# span 8 =    12.8924,    13.7861       
# span 9 =     4.8929,    38.6486       
# span 10 =     3.1624,    29.0835      
# span 11 =     3.3735,     4.9922      
# span 12 =    146.406,    221.936      
# span 13 = 0.0000e+00, 0.0000e+00      
# interval = seconds: 1                 
# start_time = Feb 15 2021 09:50:37 [NMEA time, header]
# bad_flag = -9.990e-29
*END*
[from data line 2168]
      9.924   2168.479    13.3865   4.497094     2.7714     0.3768  1.6473850  13.358656    13.3851    38.4570    28.9934     4.3085    186.998 0.0000e+00
     10.260   2169.479    13.3863   4.497080     2.7705     0.3760  1.6477920  13.364817    13.3848    38.4569    28.9934     4.3066    186.912 0.0000e+00
      9.959   2170.479    13.3914   4.497762     2.7699     0.3812  1.6480972  13.368240    13.3899    38.4585    28.9935     4.3040    186.803 0.0000e+00
      9.542   2171.479    13.3893   4.497423     2.7690     0.3844  1.6478429  13.367556    13.3879    38.4575    28.9931     4.3023    186.728 0.0000e+00
      9.816   2172.479    13.3908   4.497673     2.7686     0.3997  1.6487586  13.366186    13.3894    38.4583    28.9935     4.3057    186.875 0.0000e+00
     10.341   2173.479    13.3935   4.498040     2.7701     0.3945  1.6489112  13.369610    13.3920    38.4588    28.9933     4.3110    187.107 0.0000e+00
     10.105   2174.479    13.3938   4.498046     2.7707     0.3874  1.6492165  13.369610    13.3924    38.4587    28.9931     4.3060    186.889 0.0000e+00
      9.617   2175.479    13.3930   4.497942     2.7692     0.3859  1.6491147  13.368925    13.3916    38.4587    28.9933     4.3028    186.749 0.0000e+00
      9.755   2176.479    13.3947   4.498182     2.7696     0.4036  1.6492165  13.368240    13.3933    38.4593    28.9934     4.3061    186.893 0.0000e+00
     10.144   2177.479    13.3955   4.498287     2.7694     0.4045  1.6494709  13.368925    13.3940    38.4593    28.9933     4.3044    186.820 0.0000e+00
     10.045   2178.479    13.3956   4.498292     2.7691     0.3894  1.6495217  13.372348    13.3941    38.4593    28.9933     4.3018    186.704 0.0000e+00
      9.886   2179.479    13.3957   4.498301     2.7677     0.3889  1.6500814  13.372348    13.3943    38.4593    28.9933     4.2972    186.506 0.0000e+00
      9.965   2180.479    13.3956   4.498311     2.7664     0.3874  1.6501323  13.369610    13.3942    38.4595    28.9934     4.2973    186.510 0.0000e+00
     10.009   2181.479    13.3955   4.498287     2.7667     0.3955  1.6501831  13.371663    13.3941    38.4593    28.9933     4.2980    186.541 0.0000e+00
      9.870   2182.479    13.3953   4.498246     2.7653     0.3931  1.6499796  13.371663    13.3939    38.4592    28.9933     4.2950    186.409 0.0000e+00
     10.029   2183.479    13.3938   4.498066     2.7658     0.4065  1.6502340  13.370979    13.3924    38.4589    28.9933     4.2995    186.604 0.0000e+00
     10.188   2184.479    13.3943   4.498103     2.7664     0.4331  1.6506411  13.370979    13.3928    38.4587    28.9931     4.3012    186.678 0.0000e+00
      9.726   2185.479    13.3941   4.498031     2.7669     0.4206  1.6504884  13.372348    13.3927    38.4584    28.9929     4.2997    186.614 0.0000e+00
      9.582   2186.479    13.3937   4.497991     2.7662     0.4039  1.6505393  13.371663    13.3923    38.4585    28.9930     4.2967    186.483 0.0000e+00
     10.129   2187.479    13.3941   4.498070     2.7661     0.3925  1.6504375  13.370294    13.3927    38.4586    28.9930     4.3004    186.644 0.0000e+00
     10.270   2188.479    13.3949   4.498181     2.7669     0.3958  1.6502849  13.369610    13.3934    38.4588    28.9930     4.3007    186.656 0.0000e+00
      9.872   2189.479    13.3960   4.498316     2.7667     0.4164  1.6502849  13.370979    13.3946    38.4591    28.9930     4.3012    186.680 0.0000e+00
      9.677   2190.479    13.3955   4.498213     2.7680     0.4123  1.6500305  13.372348    13.3941    38.4588    28.9929     4.3064    186.906 0.0000e+00
      9.935   2191.479    13.3930   4.497880     2.7691     0.4079  1.6499796  13.370294    13.3916    38.4580    28.9928     4.3045    186.822 0.0000e+00
     10.207   2192.479    13.3926   4.497865     2.7679     0.3949  1.6501832  13.373717    13.3911    38.4581    28.9930     4.2995    186.604 0.0000e+00
      9.929   2193.479    13.3930   4.497878     2.7676     0.3890  1.6502849  13.376455    13.3916    38.4580    28.9928     4.3021    186.718 0.0000e+00
      9.699   2194.479    13.3939   4.497999     2.7678     0.3977  1.6505393  13.373717    13.3925    38.4583    28.9928     4.3020    186.714 0.0000e+00
      9.898   2195.479    13.3941   4.498052     2.7679     0.4043  1.6506919  13.374401    13.3927    38.4585    28.9929     4.3035    186.779 0.0000e+00
     10.058   2196.479    13.3937   4.497994     2.7688     0.4012  1.6507937  13.371663    13.3923    38.4583    28.9928     4.3093    187.032 0.0000e+00
     10.077   2197.479    13.3913   4.497644     2.7709     0.4136  1.6504375  13.373032    13.3899    38.4573    28.9927     4.3146    187.261 0.0000e+00
     10.056   2198.479    13.3923   4.497787     2.7725     0.4136  1.6506919  13.373717    13.3909    38.4577    28.9927     4.3166    187.348 0.0000e+00
      9.891   2199.479    13.3888   4.497256     2.7740     0.3970  1.6505393  13.370979    13.3874    38.4563    28.9924     4.3179    187.406 0.0000e+00
      9.718   2200.479    13.3882   4.497212     2.7742     0.3873  1.6503867  13.370979    13.3868    38.4565    28.9926     4.3161    187.327 0.0000e+00
      9.847   2201.479    13.3882   4.497221     2.7740     0.3957  1.6501323  13.370979    13.3868    38.4565    28.9927     4.3122    187.158 0.0000e+00
     10.229   2202.479    13.3877   4.497158     2.7727     0.3972  1.6498270  13.369610    13.3862    38.4563    28.9926     4.3119    187.142 0.0000e+00
     10.231   2203.479    13.3882   4.497203     2.7731     0.4005  1.6497252  13.368925    13.3867    38.4562    28.9924     4.3150    187.278 0.0000e+00
      9.696   2204.479    13.3876   4.497103     2.7736     0.3971  1.6491147  13.368925    13.3862    38.4561    28.9925     4.3177    187.393 0.0000e+00
      9.636   2205.479    13.3874   4.497065     2.7752     0.3980  1.6488604  13.369610    13.3860    38.4560    28.9924     4.3199    187.491 0.0000e+00
     10.101   2206.479    13.3856   4.496854     2.7746     0.3998  1.6488604  13.369610    13.3841    38.4556    28.9925     4.3149    187.274 0.0000e+00
     10.017   2207.479    13.3860   4.496906     2.7744     0.3968  1.6484534  13.369610    13.3846    38.4556    28.9924     4.3157    187.309 0.0000e+00
      9.798   2208.479    13.3867   4.497002     2.7740     0.3905  1.6483007  13.368925    13.3853    38.4560    28.9926     4.3164    187.341 0.0000e+00
     10.005   2209.479    13.3874   4.497096     2.7753     0.3784  1.6480464  13.368925    13.3860    38.4560    28.9925     4.3219    187.578 0.0000e+00
     10.166   2210.479    13.3876   4.497105     2.7760     0.3821  1.6483516  13.368925    13.3861    38.4559    28.9923     4.3206    187.521 0.0000e+00
      9.813   2211.479    13.3864   4.496891     2.7765     0.3807  1.6478429  13.368925    13.3850    38.4552    28.9920     4.3237    187.657 0.0000e+00
      9.645   2212.479    13.3859   4.496860     2.7776     0.3892  1.6475376  13.368925    13.3845    38.4555    28.9923     4.3250    187.713 0.0000e+00
     10.032   2213.479    13.3865   4.496944     2.7779     0.4080  1.6474867  13.368925    13.3850    38.4556    28.9923     4.3247    187.699 0.0000e+00
     10.119   2214.479    13.3862   4.496919     2.7783     0.3992  1.6473341  13.368240    13.3848    38.4555    28.9923     4.3247    187.699 0.0000e+00
      9.918   2215.479    13.3865   4.496959     2.7778     0.3988  1.6471306  13.368925    13.3851    38.4557    28.9924     4.3203    187.507 0.0000e+00
      9.965   2216.479    13.3871   4.497039     2.7769     0.4047  1.6468762  13.368925    13.3857    38.4559    28.9924     4.3205    187.517 0.0000e+00
     10.001   2217.479    13.3867   4.496927     2.7771     0.4153  1.6469780  13.369610    13.3853    38.4552    28.9920     4.3228    187.617 0.0000e+00
      9.908   2218.479    13.3854   4.496765     2.7773     0.4101  1.6468762  13.368925    13.3840    38.4550    28.9921     4.3233    187.638 0.0000e+00
      9.897   2219.479    13.3853   4.496749     2.7773     0.3984  1.6469271  13.368925    13.3839    38.4550    28.9921     4.3199    187.493 0.0000e+00
     10.048   2220.479    13.3852   4.496741     2.7761     0.3826  1.6466727  13.369610    13.3837    38.4549    28.9921     4.3180    187.408 0.0000e+00
     10.132   2221.479    13.3847   4.496671     2.7761     0.3918  1.6467745  13.368925    13.3832    38.4547    28.9920     4.3224    187.599 0.0000e+00
      9.885   2222.479    13.3854   4.496756     2.7771     0.4011  1.6468253  13.368925    13.3840    38.4549    28.9920     4.3235    187.646 0.0000e+00
      9.622   2223.479    13.3870   4.496979     2.7770     0.3905  1.6470289  13.368925    13.3856    38.4556    28.9922     4.3198    187.487 0.0000e+00
      9.750   2224.479    13.3866   4.496928     2.7761     0.3912  1.6466219  13.368925    13.3852    38.4554    28.9921     4.3184    187.427 0.0000e+00
      9.932   2225.479    13.3865   4.496909     2.7764     0.3842  1.6465710  13.368925    13.3851    38.4553    28.9921     4.3224    187.601 0.0000e+00
      9.367   2226.479    13.3879   4.497051     2.7772     0.3882  1.6468762  13.369610    13.3865    38.4554    28.9919     4.3230    187.627 0.0000e+00
      8.649   2227.479    13.3881   4.497046     2.7775     0.3980  1.6470797  13.369610    13.3868    38.4555    28.9919     4.3248    187.704 0.0000e+00
      8.532   2228.479    13.3885   4.497114     2.7790     0.4044  1.6470289  13.368925    13.3873    38.4558    28.9920     4.3300    187.930 0.0000e+00
      8.659   2229.479    13.3905   4.497367     2.7805     0.3904  1.6469271  13.368240    13.3893    38.4562    28.9919     4.3281    187.849 0.0000e+00
      8.133   2230.479    13.3897   4.497244     2.7794     0.3839  1.6468762  13.368240    13.3885    38.4560    28.9919     4.3232    187.636 0.0000e+00
      7.288   2231.479    13.3891   4.497107     2.7795     0.3890  1.6469271  13.368925    13.3881    38.4557    28.9918     4.3273    187.812 0.0000e+00
      7.036   2232.479    13.3890   4.497095     2.7802     0.3855  1.6466727  13.369610    13.3880    38.4558    28.9918     4.3266    187.784 0.0000e+00
      7.088   2233.479    13.3891   4.497114     2.7797     0.3846  1.6464692  13.368240    13.3881    38.4559    28.9919     4.3235    187.647 0.0000e+00
      6.612   2234.479    13.3911   4.497343     2.7790     0.3754  1.6462657  13.368925    13.3901    38.4563    28.9918     4.3219    187.577 0.0000e+00
      6.035   2235.479    13.3909   4.497288     2.7791     0.3660  1.6463166  13.368925    13.3900    38.4562    28.9918     4.3251    187.715 0.0000e+00
      5.744   2236.479    13.3915   4.497358     2.7796     0.3732  1.6461640  13.370294    13.3907    38.4565    28.9918     4.3257    187.744 0.0000e+00
      5.448   2237.479    13.3923   4.497422     2.7801     0.3700  1.6463166  13.370979    13.3915    38.4564    28.9916     4.3279    187.836 0.0000e+00
      5.348   2238.479    13.3933   4.497576     2.7812     0.3568  1.6460622  13.370294    13.3925    38.4569    28.9917     4.3286    187.868 0.0000e+00
      5.434   2239.479    13.3931   4.497518     2.7808     0.3531  1.6460622  13.370294    13.3923    38.4565    28.9915     4.3241    187.671 0.0000e+00
      5.233   2240.479    13.3936   4.497585     2.7795     0.3429  1.6459096  13.371663    13.3929    38.4567    28.9915     4.3185    187.429 0.0000e+00
      5.118   2241.479    13.3966   4.497971     2.7783     0.3450  1.6458079  13.375086    13.3959    38.4574    28.9914     4.3203    187.510 0.0000e+00
      5.276   2242.479    13.3934   4.497533     2.7788     0.3380  1.6454009  13.373032    13.3926    38.4564    28.9914     4.3235    187.648 0.0000e+00
      5.270   2243.479    13.3920   4.497392     2.7793     0.3449  1.6458587  13.373032    13.3912    38.4565    28.9917     4.3262    187.767 0.0000e+00
      5.243   2244.479    13.3943   4.497690     2.7805     0.3539  1.6460622  13.375086    13.3935    38.4570    28.9916     4.3273    187.812 0.0000e+00
      5.294   2245.479    13.3937   4.497650     2.7802     0.3670  1.6460114  13.375086    13.3929    38.4572    28.9919     4.3227    187.614 0.0000e+00
      5.288   2246.479    13.3938   4.497633     2.7794     0.3699  1.6462149  13.379193    13.3930    38.4569    28.9917     4.3214    187.555 0.0000e+00
      5.317   2247.479    13.3901   4.497114     2.7790     0.3646  1.6462657  13.376455    13.3893    38.4557    28.9915     4.3230    187.625 0.0000e+00
      5.323   2248.479    13.3889   4.496978     2.7794     0.3777  1.6462149  13.372348    13.3881    38.4556    28.9917     4.3260    187.755 0.0000e+00
      5.357   2249.479    13.3879   4.496824     2.7804     0.3753  1.6461131  13.373717    13.3871    38.4551    28.9915     4.3293    187.900 0.0000e+00
      5.330   2250.479    13.3880   4.496843     2.7810     0.3673  1.6465201  13.370979    13.3872    38.4552    28.9915     4.3272    187.808 0.0000e+00
      5.089   2251.479    13.3897   4.497066     2.7807     0.3728  1.6465710  13.369610    13.3890    38.4557    28.9916     4.3251    187.716 0.0000e+00
      5.121   2252.479    13.3891   4.496975     2.7802     0.3763  1.6459605  13.369610    13.3883    38.4555    28.9916     4.3240    187.667 0.0000e+00
      5.504   2253.479    13.3890   4.496957     2.7794     0.3696  1.6457061  13.370294    13.3882    38.4552    28.9914     4.3198    187.485 0.0000e+00
      5.423   2254.479    13.3896   4.496981     2.7783     0.3663  1.6457061  13.369610    13.3888    38.4548    28.9909     4.3238    187.660 0.0000e+00
      5.109   2255.479    13.3892   4.496973     2.7802     0.3596  1.6459096  13.370979    13.3885    38.4553    28.9914     4.3309    187.968 0.0000e+00
      5.133   2256.479    13.3894   4.497034     2.7817     0.3763  1.6453500  13.370979    13.3887    38.4557    28.9916     4.3331    188.065 0.0000e+00
      5.370   2257.479    13.3928   4.497465     2.7832     0.3682  1.6458079  13.371663    13.3920    38.4563    28.9914     4.3352    188.157 0.0000e+00
      5.418   2258.479    13.3925   4.497398     2.7841     0.3750  1.6454517  13.368925    13.3917    38.4560    28.9912     4.3354    188.166 0.0000e+00
      5.127   2259.479    13.3935   4.497536     2.7849     0.3731  1.6451465  13.370294    13.3928    38.4564    28.9913     4.3363    188.202 0.0000e+00
      5.051   2260.479    13.3934   4.497526     2.7849     0.3745  1.6451974  13.372348    13.3927    38.4565    28.9914     4.3333    188.075 0.0000e+00
      5.457   2261.479    13.3933   4.497525     2.7845     0.3709  1.6450447  13.368925    13.3925    38.4563    28.9913     4.3342    188.112 0.0000e+00
      5.404   2262.479    13.3929   4.497411     2.7847     0.3546  1.6449430  13.370294    13.3921    38.4557    28.9909     4.3353    188.158 0.0000e+00
      5.045   2263.479    13.3932   4.497473     2.7854     0.3621  1.6449430  13.372348    13.3925    38.4561    28.9911     4.3386    188.302 0.0000e+00
      5.144   2264.479    13.3934   4.497514     2.7864     0.3665  1.6450447  13.374401    13.3926    38.4563    28.9913     4.3409    188.402 0.0000e+00
      5.475   2265.479    13.3937   4.497593     2.7874     0.3333  1.6449938  13.371663    13.3929    38.4565    28.9914     4.3406    188.391 0.0000e+00
      5.423   2266.479    13.3940   4.497622     2.7866     0.3381  1.6449430  13.370294    13.3932    38.4565    28.9913     4.3350    188.148 0.0000e+00
      5.195   2267.479    13.3953   4.497817     2.7854     0.3302  1.6446886  13.370294    13.3946    38.4572    28.9916     4.3298    187.920 0.0000e+00
      5.077   2268.479    13.3973   4.498087     2.7833     0.3418  1.6445868  13.373717    13.3966    38.4579    28.9917     4.3297    187.916 0.0000e+00
      5.254   2269.479    13.3966   4.497948     2.7847     0.3414  1.6443834  13.374401    13.3958    38.4572    28.9913     4.3385    188.297 0.0000e+00
