Boussole/Data/SBEMOOSE/Work/cnv/bous234_01.cnv
* Sea-Bird SBE 9 Data File:
* FileName = C:\boussole\202109\bous234_01.hdr
* Software Version Seasave V 7.23.2
* Temperature SN = 1378
* Conductivity SN = 2929
* Number of Bytes Per Scan = 34
* Number of Voltage Words = 3
* Number of Scans Averaged by the Deck Unit = 1
* NMEA Latitude = 43 22.06 N
* NMEA Longitude = 007 54.22 E
* NMEA UTC (Time) = Sep 13 2021  12:07:04
* NMEA baud rate = 4800
** Campagne = BOUSSOLE 234
** Navire = Tethys II
** Station = BOUS234_01
** Date = 13/09/2021
** Heure debut [TU] = 12:07
** Heure fin [TU] = 12:35
** Heure locale / TU = +2
** Latitude = 43 22.057 N
** Longitude = 007 54.203 E
** Heure meteo [TU] = 12:05
** T air sec [deg C] = 23.9
** T mer [deg C] = 24.0
** Vent [noeuds, degres] = 12.2, 214
** Pression atm [hpa] = 1016.6
** Humidite [%] = 82
** Nebulosite [octas] = 1
** Etat de la mer [code S] = 2
# nquan = 14
# nvalues = 1730                        
# units = specified
# name 0 = prDM: Pressure, Digiquartz [db]
# name 1 = timeS: Time, Elapsed [seconds]
# name 2 = t090C: Temperature [ITS-90, deg C]
# name 3 = c0S/m: Conductivity [S/m]
# name 4 = sbeox0V: Oxygen raw, SBE 43 [V]
# name 5 = flC: Fluorescence, Chelsea Aqua 3 Chl Con [ug/l]
# name 6 = upoly0: Upoly 0, RINKOIII_DO
# name 7 = upoly1: Upoly 1, RINKOIII_Temp
# name 8 = potemp090C: Potential Temperature [ITS-90, deg C]
# name 9 = sal00: Salinity, Practical [PSU]
# name 10 = sigma-é00: Density [sigma-theta, kg/m^3]
# name 11 = sbeox0ML/L: Oxygen, SBE 43 [ml/l], WS = 2
# name 12 = sbox0Mm/Kg: Oxygen, SBE 43 [umol/kg], WS = 2
# name 13 = flag: flag
# span 0 =     -0.067,    404.847       
# span 1 =      0.479,   1729.417       
# span 2 =    13.5690,    23.9324       
# span 3 =   0.591006,   5.644617       
# span 4 =     2.4274,     4.0958       
# span 5 =    -0.2893,     9.6497       
# span 6 =  1.2892247,  1.8141534       
# span 7 =  13.557797,  23.884130       
# span 8 =    13.5094,    23.9323       
# span 9 =     3.2851,    38.6625       
# span 10 =    -0.2020,    29.0905      
# span 11 =     3.7093,     6.4356      
# span 12 =    160.976,    279.562      
# span 13 = 0.0000e+00, 0.0000e+00      
# interval = seconds: 1                 
# start_time = Sep 13 2021 12:07:04 [NMEA time, header]
# bad_flag = -9.990e-29
*END*
[from data line 207]
    129.090    207.479    13.7938   4.561706     2.5911     0.1449  1.7633293  13.814861    13.7747    38.6082    29.0275     3.9109    169.736 0.0000e+00
    129.695    208.479    13.7940   4.561763     2.5919     0.1510  1.7635328  13.823744    13.7749    38.6082    29.0274     3.9180    170.041 0.0000e+00
    130.388    209.479    13.7945   4.561832     2.5931     0.1440  1.7636345  13.805294    13.7752    38.6081    29.0273     3.9178    170.032 0.0000e+00
    131.100    210.479    13.7937   4.561788     2.5926     0.1483  1.7635837  13.810078    13.7743    38.6082    29.0276     3.9116    169.763 0.0000e+00
    131.778    211.479    13.7933   4.561805     2.5903     0.1443  1.7638380  13.808711    13.7739    38.6084    29.0278     3.9055    169.499 0.0000e+00
    132.365    212.479    13.7935   4.561857     2.5899     0.1496  1.7641942  13.812128    13.7740    38.6084    29.0278     3.9108    169.730 0.0000e+00
    133.015    213.479    13.7934   4.561878     2.5897     0.1566  1.7646520  13.810761    13.7738    38.6084    29.0279     3.9123    169.794 0.0000e+00
    133.760    214.479    13.7933   4.561929     2.5905     0.1635  1.7648047  13.810761    13.7736    38.6086    29.0281     3.9118    169.774 0.0000e+00
    134.427    215.479    13.7928   4.561898     2.5885     0.1543  1.7646012  13.804611    13.7729    38.6086    29.0282     3.9027    169.377 0.0000e+00
    135.072    216.479    13.7927   4.561941     2.5875     0.1449  1.7649573  13.815544    13.7728    38.6088    29.0284     3.9089    169.648 0.0000e+00
    135.736    217.479    13.7924   4.561931     2.5885     0.1501  1.7644994  13.818961    13.7724    38.6087    29.0284     3.9100    169.693 0.0000e+00
    136.444    218.479    13.7917   4.561918     2.5875     0.1463  1.7647538  13.806661    13.7716    38.6090    29.0288     3.9025    169.368 0.0000e+00
    137.170    219.479    13.7906   4.561872     2.5846     0.1440  1.7649064  13.802561    13.7704    38.6092    29.0292     3.8955    169.064 0.0000e+00
    137.877    220.479    13.7900   4.561891     2.5842     0.1498  1.7651608  13.806661    13.7697    38.6097    29.0298     3.9063    169.533 0.0000e+00
    138.496    221.479    13.7898   4.561940     2.5858     0.1480  1.7653643  13.802561    13.7694    38.6102    29.0302     3.9088    169.645 0.0000e+00
    139.067    222.479    13.7902   4.562113     2.5855     0.1503  1.7648555  13.808711    13.7697    38.6111    29.0308     3.9003    169.273 0.0000e+00
    139.835    223.479    13.7927   4.562501     2.5832     0.1403  1.7656187  13.796410    13.7721    38.6119    29.0309     3.8967    169.116 0.0000e+00
    140.590    224.479    13.7951   4.562917     2.5831     0.1442  1.7656187  13.797777    13.7744    38.6131    29.0314     3.9042    169.442 0.0000e+00
    141.235    225.479    13.7953   4.562997     2.5843     0.1482  1.7656695  13.804611    13.7745    38.6133    29.0315     3.9045    169.458 0.0000e+00
    141.918    226.479    13.7959   4.563087     2.5832     0.1485  1.7657713  13.797094    13.7749    38.6134    29.0315     3.8947    169.028 0.0000e+00
    142.491    227.479    13.7964   4.563213     2.5803     0.1450  1.7657204  13.809394    13.7754    38.6137    29.0316     3.8874    168.715 0.0000e+00
    143.167    228.479    13.8005   4.563864     2.5781     0.1464  1.7661783  13.809394    13.7793    38.6155    29.0322     3.8870    168.695 0.0000e+00
    143.947    229.479    13.8059   4.564770     2.5776     0.1460  1.7664327  13.800511    13.7847    38.6183    29.0332     3.8882    168.749 0.0000e+00
    144.552    230.479    13.8087   4.565206     2.5761     0.1497  1.7670432  13.805978    13.7873    38.6194    29.0335     3.8807    168.423 0.0000e+00
    145.102    231.479    13.8130   4.565917     2.5734     0.1471  1.7669414  13.805294    13.7916    38.6215    29.0342     3.8714    168.020 0.0000e+00
    145.870    232.479    13.8145   4.566160     2.5702     0.1371  1.7670432  13.808711    13.7930    38.6219    29.0342     3.8675    167.849 0.0000e+00
    146.729    233.479    13.8118   4.565877     2.5689     0.1303  1.7677554  13.812128    13.7902    38.6216    29.0346     3.8759    168.212 0.0000e+00
    147.292    234.479    13.8117   4.565929     2.5706     0.1376  1.7691291  13.812811    13.7899    38.6220    29.0350     3.8803    168.405 0.0000e+00
    147.670    235.479    13.8125   4.566058     2.5703     0.1400  1.7698922  13.812128    13.7907    38.6222    29.0349     3.8711    168.004 0.0000e+00
    148.307    236.479    13.8132   4.566204     2.5669     0.1303  1.7700957  13.810761    13.7913    38.6226    29.0351     3.8572    167.402 0.0000e+00
    149.216    237.479    13.8145   4.566479     2.5631     0.1298  1.7707062  13.812128    13.7925    38.6235    29.0355     3.8575    167.416 0.0000e+00
    150.001    238.479    13.8155   4.566703     2.5633     0.1367  1.7714184  13.811445    13.7934    38.6242    29.0359     3.8652    167.749 0.0000e+00
    150.440    239.479    13.8163   4.566826     2.5637     0.1443  1.7716219  13.811445    13.7941    38.6244    29.0359     3.8670    167.825 0.0000e+00
    150.972    240.479    13.8162   4.566820     2.5645     0.1463  1.7722324  13.812811    13.7939    38.6243    29.0358     3.8700    167.957 0.0000e+00
    151.809    241.479    13.8146   4.566684     2.5653     0.1452  1.7724868  13.812128    13.7922    38.6242    29.0361     3.8703    167.971 0.0000e+00
    152.569    242.479    13.8066   4.565670     2.5659     0.1456  1.7726903  13.813495    13.7841    38.6223    29.0364     3.8732    168.098 0.0000e+00
    153.060    243.479    13.8023   4.565164     2.5663     0.1424  1.7727412  13.814861    13.7797    38.6216    29.0368     3.8748    168.166 0.0000e+00
    153.661    244.479    13.7946   4.564213     2.5673     0.1411  1.7728938  13.814861    13.7720    38.6200    29.0373     3.8756    168.201 0.0000e+00
    154.459    245.479    13.7931   4.564053     2.5662     0.1322  1.7728938  13.810761    13.7703    38.6197    29.0374     3.8674    167.846 0.0000e+00
    155.231    246.479    13.7920   4.563976     2.5637     0.1253  1.7730973  13.812811    13.7691    38.6197    29.0376     3.8636    167.680 0.0000e+00
    155.865    247.479    13.7917   4.563980     2.5631     0.1299  1.7729955  13.806661    13.7687    38.6197    29.0377     3.8675    167.847 0.0000e+00
    156.541    248.479    13.7915   4.564036     2.5629     0.1313  1.7727920  13.801194    13.7684    38.6202    29.0381     3.8681    167.873 0.0000e+00
    157.188    249.479    13.7913   4.564060     2.5630     0.1409  1.7727920  13.797094    13.7681    38.6203    29.0383     3.8699    167.954 0.0000e+00
    157.795    250.479    13.7920   4.564188     2.5636     0.1453  1.7729955  13.800511    13.7687    38.6205    29.0384     3.8707    167.988 0.0000e+00
    158.527    251.479    13.7926   4.564351     2.5631     0.1464  1.7730464  13.797777    13.7692    38.6211    29.0387     3.8670    167.827 0.0000e+00
    159.367    252.479    13.7930   4.564487     2.5622     0.1324  1.7732499  13.795044    13.7695    38.6217    29.0391     3.8665    167.807 0.0000e+00
    160.006    253.479    13.7934   4.564575     2.5623     0.1390  1.7733008  13.794360    13.7697    38.6219    29.0392     3.8695    167.934 0.0000e+00
    160.509    254.479    13.7936   4.564639     2.5627     0.1471  1.7736569  13.800511    13.7699    38.6220    29.0392     3.8701    167.961 0.0000e+00
    161.160    255.479    13.7944   4.564776     2.5623     0.1408  1.7732499  13.795727    13.7706    38.6222    29.0393     3.8659    167.781 0.0000e+00
    161.978    256.479    13.7971   4.565242     2.5613     0.1322  1.7736569  13.795044    13.7732    38.6235    29.0397     3.8634    167.670 0.0000e+00
    162.731    257.479    13.7986   4.565518     2.5601     0.1306  1.7739622  13.797777    13.7745    38.6243    29.0400     3.8618    167.601 0.0000e+00
    163.287    258.479    13.7996   4.565675     2.5594     0.1287  1.7742674  13.796410    13.7755    38.6245    29.0400     3.8597    167.512 0.0000e+00
    163.829    259.479    13.8006   4.565852     2.5576     0.1272  1.7740639  13.797777    13.7764    38.6250    29.0402     3.8531    167.221 0.0000e+00
    164.545    260.479    13.8048   4.566456     2.5557     0.1240  1.7743692  13.797094    13.7805    38.6261    29.0402     3.8531    167.226 0.0000e+00
    165.322    261.479    13.8059   4.566701     2.5552     0.1362  1.7746744  13.799827    13.7815    38.6270    29.0406     3.8515    167.155 0.0000e+00
    165.969    262.479    13.8099   4.567339     2.5533     0.1369  1.7754376  13.811445    13.7854    38.6288    29.0411     3.8437    166.814 0.0000e+00
    166.554    263.479    13.8119   4.567671     2.5505     0.1401  1.7755393  13.810078    13.7873    38.6296    29.0413     3.8366    166.507 0.0000e+00
    167.303    264.479    13.8167   4.568429     2.5481     0.1417  1.7755393  13.804611    13.7920    38.6316    29.0420     3.8336    166.375 0.0000e+00
    168.021    265.479    13.8189   4.568851     2.5451     0.1483  1.7757937  13.810078    13.7941    38.6331    29.0426     3.8217    165.860 0.0000e+00
    168.555    266.479    13.8225   4.569373     2.5411     0.1471  1.7760989  13.811445    13.7976    38.6342    29.0427     3.8175    165.678 0.0000e+00
    169.218    267.479    13.8239   4.569625     2.5393     0.1415  1.7760481  13.812811    13.7989    38.6348    29.0429     3.8231    165.922 0.0000e+00
    169.967    268.479    13.8186   4.569009     2.5409     0.1343  1.7762007  13.815544    13.7934    38.6341    29.0435     3.8331    166.353 0.0000e+00
    170.637    269.479    13.8183   4.569056     2.5416     0.1313  1.7768112  13.823061    13.7931    38.6344    29.0439     3.8250    166.006 0.0000e+00
    171.229    270.479    13.8201   4.569326     2.5389     0.1376  1.7778287  13.827160    13.7948    38.6350    29.0439     3.8156    165.593 0.0000e+00
    171.924    271.479    13.8240   4.570008     2.5370     0.1367  1.7786427  13.816228    13.7986    38.6372    29.0448     3.8160    165.614 0.0000e+00
    172.614    272.479    13.8275   4.570590     2.5360     0.1497  1.7793040  13.814861    13.8019    38.6389    29.0454     3.8149    165.566 0.0000e+00
    173.233    273.479    13.8286   4.570841     2.5354     0.1450  1.7796602  13.827160    13.8029    38.6399    29.0460     3.8128    165.473 0.0000e+00
    173.933    274.479    13.8294   4.571009     2.5328     0.1405  1.7800163  13.821011    13.8037    38.6403    29.0462     3.8031    165.054 0.0000e+00
    174.598    275.479    13.8291   4.571078     2.5312     0.1389  1.7804233  13.823744    13.8033    38.6409    29.0467     3.8071    165.225 0.0000e+00
    175.185    276.479    13.8301   4.571239     2.5308     0.1453  1.7813390  13.827844    13.8041    38.6413    29.0468     3.8072    165.228 0.0000e+00
    175.913    277.479    13.8309   4.571419     2.5306     0.1372  1.7821022  13.827844    13.8049    38.6418    29.0471     3.8064    165.195 0.0000e+00
    176.641    278.479    13.8324   4.571704     2.5291     0.1377  1.7831706  13.827160    13.8063    38.6427    29.0474     3.7981    164.834 0.0000e+00
    177.179    279.479    13.8323   4.571745     2.5270     0.1385  1.7838319  13.828527    13.8061    38.6430    29.0477     3.7971    164.793 0.0000e+00
    177.774    280.479    13.8328   4.571845     2.5259     0.1428  1.7840863  13.827844    13.8064    38.6431    29.0477     3.7961    164.750 0.0000e+00
    178.576    281.479    13.8322   4.571862     2.5252     0.1390  1.7846968  13.828527    13.8058    38.6435    29.0482     3.7981    164.833 0.0000e+00
    179.242    282.479    13.8322   4.571965     2.5254     0.1364  1.7853582  13.829210    13.8057    38.6441    29.0487     3.7967    164.773 0.0000e+00
    179.798    283.479    13.8322   4.572027     2.5232     0.1353  1.7856126  13.829894    13.8056    38.6445    29.0490     3.7865    164.333 0.0000e+00
    180.399    284.479    13.8328   4.572217     2.5212     0.1449  1.7856126  13.833310    13.8061    38.6454    29.0496     3.7868    164.346 0.0000e+00
    181.084    285.479    13.8354   4.572675     2.5202     0.1414  1.7858161  13.828527    13.8085    38.6469    29.0502     3.7868    164.344 0.0000e+00
    181.849    286.479    13.8361   4.572902     2.5195     0.1394  1.7867318  13.828527    13.8092    38.6480    29.0509     3.7828    164.169 0.0000e+00
    182.419    287.479    13.8375   4.573142     2.5170     0.1368  1.7871388  13.828527    13.8105    38.6486    29.0511     3.7756    163.856 0.0000e+00
    182.971    288.479    13.8384   4.573355     2.5155     0.1383  1.7876984  13.829894    13.8113    38.6494    29.0516     3.7775    163.941 0.0000e+00
    183.682    289.479    13.8392   4.573485     2.5150     0.1273  1.7875967  13.829210    13.8120    38.6495    29.0515     3.7800    164.047 0.0000e+00
    184.401    290.479    13.8403   4.573738     2.5155     0.1245  1.7882072  13.829894    13.8130    38.6505    29.0521     3.7784    163.979 0.0000e+00
    185.007    291.479    13.8414   4.573916     2.5130     0.1357  1.7886142  13.831260    13.8140    38.6508    29.0520     3.7676    163.510 0.0000e+00
    185.586    292.479    13.8427   4.574165     2.5115     0.1371  1.7889703  13.841510    13.8152    38.6517    29.0525     3.7710    163.659 0.0000e+00
    186.285    293.479    13.8435   4.574313     2.5114     0.1317  1.7898352  13.833993    13.8159    38.6519    29.0525     3.7731    163.750 0.0000e+00
    186.996    294.479    13.8436   4.574355     2.5115     0.1303  1.7901913  13.835360    13.8158    38.6519    29.0525     3.7740    163.787 0.0000e+00
    187.677    295.479    13.8436   4.574399     2.5115     0.1299  1.7908018  13.843559    13.8158    38.6519    29.0526     3.7735    163.769 0.0000e+00
    188.340    296.479    13.8438   4.574461     2.5111     0.1372  1.7903948  13.844926    13.8159    38.6521    29.0526     3.7724    163.719 0.0000e+00
    188.863    297.479    13.8439   4.574506     2.5111     0.1419  1.7910053  13.844926    13.8159    38.6522    29.0527     3.7713    163.672 0.0000e+00
    189.472    298.479    13.8445   4.574608     2.5093     0.1358  1.7911070  13.843559    13.8164    38.6523    29.0527     3.7656    163.422 0.0000e+00
    190.313    299.479    13.8425   4.574498     2.5091     0.1293  1.7918193  13.837410    13.8144    38.6528    29.0535     3.7735    163.768 0.0000e+00
    191.023    300.479    13.8416   4.574451     2.5105     0.1428  1.7922772  13.842876    13.8133    38.6530    29.0539     3.7767    163.905 0.0000e+00
    191.566    301.479    13.8416   4.574493     2.5107     0.1400  1.7921246  13.842193    13.8132    38.6531    29.0540     3.7715    163.679 0.0000e+00
    192.235    302.479    13.8407   4.574441     2.5085     0.1389  1.7912597  13.844243    13.8122    38.6533    29.0544     3.7601    163.183 0.0000e+00
    192.860    303.479    13.8407   4.574480     2.5056     0.1469  1.7918193  13.838093    13.8122    38.6533    29.0544     3.7602    163.190 0.0000e+00
    193.528    304.479    13.8406   4.574497     2.5055     0.1425  1.7922263  13.840143    13.8120    38.6533    29.0544     3.7667    163.472 0.0000e+00
    194.277    305.479    13.8408   4.574546     2.5068     0.1500  1.7926333  13.833310    13.8120    38.6533    29.0544     3.7708    163.649 0.0000e+00
    194.880    306.479    13.8409   4.574585     2.5067     0.1439  1.7929894  13.837410    13.8120    38.6532    29.0544     3.7626    163.294 0.0000e+00
    195.446    307.479    13.8407   4.574591     2.5045     0.1358  1.7931421  13.838093    13.8117    38.6533    29.0545     3.7611    163.231 0.0000e+00
    196.184    308.479    13.8407   4.574632     2.5046     0.1257  1.7931929  13.835360    13.8116    38.6533    29.0545     3.7626    163.292 0.0000e+00
