Boussole/Data/SBEMOOSE/Work/cnv/bous228_03.cnv
* Sea-Bird SBE 9 Data File:
* FileName = C:\boussole\202103\bous228_03.hdr
* Software Version Seasave V 7.23.2
* Temperature SN = 2473
* Conductivity SN = 2929
* Number of Bytes Per Scan = 37
* Number of Voltage Words = 4
* Number of Scans Averaged by the Deck Unit = 1
* NMEA Latitude = 43 22.32 N
* NMEA Longitude = 007 53.85 E
* NMEA UTC (Time) = Mar 03 2021  13:34:34
* NMEA baud rate = 4800
** Navire
** Station:
** Date
** Heure debut [TU]
** Heure fin [TU]
** Heure locale / TU = +0
** Latitude
** Longitude
** Heure meteo [TU]
** T air sec [deg C]
** T mer [deg C]
** Vent [noeuds, degres]
# nquan = 14
# nvalues = 1182                        
# units = specified
# name 0 = prDM: Pressure, Digiquartz [db]
# name 1 = timeS: Time, Elapsed [seconds]
# name 2 = t090C: Temperature [ITS-90, deg C]
# name 3 = c0S/m: Conductivity [S/m]
# name 4 = sbeox0V: Oxygen raw, SBE 43 [V]
# name 5 = flC: Fluorescence, Chelsea Aqua 3 Chl Con [ug/l]
# name 6 = upoly0: Upoly 0, RINKOIII_DO
# name 7 = upoly1: Upoly 1, RINKOIII_Temp
# name 8 = potemp090C: Potential Temperature [ITS-90, deg C]
# name 9 = sal00: Salinity, Practical [PSU]
# name 10 = sigma-é00: Density [sigma-theta, kg/m^3]
# name 11 = sbeox0ML/L: Oxygen, SBE 43 [ml/l], WS = 2
# name 12 = sbox0Mm/Kg: Oxygen, SBE 43 [umol/kg], WS = 2
# name 13 = flag: flag
# span 0 =      0.276,    304.175       
# span 1 =      0.479,   1181.104       
# span 2 =    13.3993,    13.9487       
# span 3 =   0.783956,   4.575171       
# span 4 =     2.1858,     3.0275       
# span 5 =     0.1695,     5.6114       
# span 6 =  1.5201974,  1.8323158       
# span 7 =  13.385354,  13.781376       
# span 8 =    13.3952,    13.9486       
# span 9 =     5.7284,    38.6578       
# span 10 =     3.7364,    29.0739      
# span 11 =     3.1935,     4.8379      
# span 12 =    138.591,    209.990      
# span 13 = 0.0000e+00, 0.0000e+00      
# interval = seconds: 1                 
# start_time = Mar 03 2021 13:34:34 [NMEA time, header]
# bad_flag = -9.990e-29
*END*
[from data line 723]
    194.034    723.479    13.6186   4.544071     2.3746     0.2380  1.7394180  13.581737    13.5901    38.5877    29.0512     3.5536    154.225 0.0000e+00
    193.203    724.479    13.6180   4.543885     2.3754     0.2310  1.7415547  13.582421    13.5897    38.5869    29.0506     3.5571    154.375 0.0000e+00
    192.300    725.479    13.6123   4.542900     2.3751     0.2202  1.7426231  13.583789    13.5841    38.5836    29.0493     3.5542    154.251 0.0000e+00
    191.222    726.479    13.6098   4.542521     2.3750     0.2178  1.7437932  13.586525    13.5818    38.5831    29.0494     3.5570    154.370 0.0000e+00
    190.029    727.479    13.6097   4.542394     2.3765     0.2153  1.7451668  13.582421    13.5819    38.5825    29.0489     3.5621    154.594 0.0000e+00
    188.881    728.479    13.6050   4.541620     2.3774     0.2191  1.7461335  13.582421    13.5774    38.5803    29.0482     3.5596    154.484 0.0000e+00
    188.045    729.479    13.6026   4.541258     2.3773     0.2274  1.7462861  13.585157    13.5751    38.5797    29.0482     3.5631    154.636 0.0000e+00
    187.176    730.479    13.6005   4.540885     2.3802     0.2314  1.7461334  13.585157    13.5732    38.5786    29.0478     3.5738    155.101 0.0000e+00
    186.110    731.479    13.5991   4.540641     2.3822     0.2350  1.7467439  13.585841    13.5719    38.5782    29.0477     3.5695    154.916 0.0000e+00
    184.961    732.479    13.6058   4.541515     2.3810     0.2458  1.7469475  13.583105    13.5787    38.5803    29.0479     3.5588    154.449 0.0000e+00
    183.836    733.479    13.6143   4.542498     2.3786     0.2437  1.7471509  13.587209    13.5874    38.5816    29.0470     3.5531    154.203 0.0000e+00
    182.874    734.479    13.6154   4.542579     2.3780     0.2446  1.7473036  13.585841    13.5886    38.5818    29.0469     3.5587    154.446 0.0000e+00
    181.981    735.479    13.6158   4.542584     2.3793     0.2327  1.7472018  13.587893    13.5891    38.5818    29.0468     3.5636    154.659 0.0000e+00
    180.936    736.479    13.6146   4.542330     2.3805     0.2321  1.7471001  13.589261    13.5881    38.5810    29.0464     3.5645    154.698 0.0000e+00
    179.897    737.479    13.6096   4.541556     2.3810     0.2291  1.7475071  13.596100    13.5833    38.5792    29.0460     3.5598    154.491 0.0000e+00
    178.987    738.479    13.6150   4.542329     2.3787     0.2335  1.7477614  13.596784    13.5888    38.5815    29.0467     3.5437    153.795 0.0000e+00
    177.923    739.479    13.6433   4.545985     2.3731     0.2275  1.7478123  13.591996    13.6172    38.5882    29.0458     3.5241    152.943 0.0000e+00
    176.649    740.479    13.6662   4.548690     2.3676     0.2258  1.7479141  13.597468    13.6403    38.5915    29.0434     3.5149    152.545 0.0000e+00
    175.696    741.479    13.6716   4.549166     2.3651     0.2294  1.7479649  13.598152    13.6458    38.5910    29.0418     3.5192    152.731 0.0000e+00
    174.882    742.479    13.6706   4.548960     2.3652     0.2219  1.7473036  13.617301    13.6449    38.5904    29.0416     3.5217    152.843 0.0000e+00
    173.964    743.479    13.6667   4.548326     2.3648     0.2259  1.7483719  13.633713    13.6412    38.5887    29.0411     3.5216    152.838 0.0000e+00
    172.990    744.479    13.6614   4.547532     2.3653     0.2192  1.7504579  13.643970    13.6360    38.5869    29.0408     3.5240    152.940 0.0000e+00
    171.779    745.479    13.6606   4.547436     2.3656     0.2193  1.7529508  13.633030    13.6354    38.5873    29.0412     3.5221    152.857 0.0000e+00
    170.421    746.479    13.6662   4.548041     2.3651     0.2278  1.7540192  13.631662    13.6412    38.5881    29.0406     3.5172    152.647 0.0000e+00
    169.487    747.479    13.6655   4.547881     2.3637     0.2254  1.7544262  13.630978    13.6407    38.5877    29.0404     3.5151    152.554 0.0000e+00
    168.799    748.479    13.6644   4.547697     2.3639     0.2298  1.7547823  13.634397    13.6396    38.5874    29.0404     3.5230    152.896 0.0000e+00
    167.817    749.479    13.6552   4.546239     2.3671     0.2284  1.7545279  13.635765    13.6306    38.5832    29.0391     3.5352    153.426 0.0000e+00
    166.606    750.479    13.6490   4.545451     2.3701     0.2188  1.7550875  13.641919    13.6246    38.5825    29.0398     3.5406    153.659 0.0000e+00
    165.546    751.479    13.6516   4.545679     2.3734     0.2193  1.7554437  13.638500    13.6273    38.5826    29.0393     3.5470    153.941 0.0000e+00
    164.675    752.479    13.6424   4.544178     2.3762     0.2287  1.7554437  13.631662    13.6182    38.5780    29.0377     3.5534    154.217 0.0000e+00
    163.678    753.479    13.6337   4.542983     2.3803     0.2167  1.7544771  13.631662    13.6097    38.5758    29.0378     3.5702    154.946 0.0000e+00
    162.501    754.479    13.6265   4.541768     2.3873     0.2228  1.7536631  13.630294    13.6027    38.5720    29.0364     3.5902    155.814 0.0000e+00
    161.429    755.479    13.6145   4.540101     2.3944     0.2263  1.7526456  13.630294    13.5909    38.5687    29.0363     3.5981    156.156 0.0000e+00
    160.515    756.479    13.6134   4.539966     2.3972     0.2245  1.7522386  13.631662    13.5900    38.5689    29.0367     3.5942    155.989 0.0000e+00
    159.611    757.479    13.6147   4.540105     2.3993     0.2198  1.7521877  13.622772    13.5914    38.5694    29.0367     3.5996    156.220 0.0000e+00
    158.561    758.479    13.6149   4.540082     2.4019     0.2184  1.7503561  13.612514    13.5917    38.5694    29.0367     3.6022    156.337 0.0000e+00
    157.489    759.479    13.6138   4.539882     2.4032     0.2273  1.7478632  13.613881    13.5908    38.5691    29.0366     3.6034    156.388 0.0000e+00
    156.498    760.479    13.6132   4.539730     2.4048     0.2379  1.7462861  13.615249    13.5903    38.5687    29.0365     3.6044    156.429 0.0000e+00
    155.459    761.479    13.6090   4.539044     2.4051     0.2329  1.7459300  13.613197    13.5862    38.5669    29.0359     3.6059    156.498 0.0000e+00
    154.339    762.479    13.6058   4.538572     2.4073     0.2304  1.7452686  13.609094    13.5832    38.5661    29.0360     3.6121    156.766 0.0000e+00
    153.271    763.479    13.6030   4.538084     2.4089     0.2296  1.7444037  13.611146    13.5806    38.5648    29.0354     3.6191    157.068 0.0000e+00
    152.340    764.479    13.5952   4.536940     2.4129     0.2404  1.7436915  13.602939    13.5730    38.5621    29.0350     3.6280    157.453 0.0000e+00
    151.470    765.479    13.5936   4.536671     2.4152     0.2472  1.7427757  13.598836    13.5714    38.5616    29.0350     3.6348    157.752 0.0000e+00
    150.486    766.479    13.5915   4.536242     2.4209     0.2503  1.7415038  13.596784    13.5695    38.5601    29.0342     3.6553    158.641 0.0000e+00
    149.355    767.479    13.5808   4.534579     2.4277     0.2450  1.7397741  13.594732    13.5590    38.5555    29.0329     3.6678    159.182 0.0000e+00
    148.323    768.479    13.5726   4.533375     2.4329     0.2272  1.7386548  13.596100    13.5509    38.5528    29.0325     3.6786    159.650 0.0000e+00
    147.411    769.479    13.5640   4.532015     2.4393     0.2258  1.7376373  13.590629    13.5425    38.5489    29.0313     3.6934    160.292 0.0000e+00
    146.281    770.479    13.5543   4.530459     2.4447     0.2298  1.7375356  13.581737    13.5330    38.5443    29.0297     3.7001    160.587 0.0000e+00
    145.096    771.479    13.5481   4.529469     2.4491     0.2256  1.7349918  13.574897    13.5269    38.5417    29.0290     3.7097    161.001 0.0000e+00
    144.223    772.479    13.5427   4.528725     2.4543     0.2303  1.7358058  13.580369    13.5217    38.5405    29.0292     3.7234    161.595 0.0000e+00
    143.380    773.479    13.5384   4.528008     2.4603     0.2440  1.7316849  13.569425    13.5175    38.5383    29.0284     3.7375    162.207 0.0000e+00
    142.319    774.479    13.5249   4.526025     2.4661     0.2428  1.7306166  13.544799    13.5041    38.5336    29.0275     3.7469    162.616 0.0000e+00
    141.232    775.479    13.5225   4.525634     2.4710     0.2473  1.7269027  13.542063    13.5019    38.5327    29.0274     3.7549    162.965 0.0000e+00
    140.249    776.479    13.5212   4.525399     2.4748     0.2526  1.7244607  13.550956    13.5008    38.5322    29.0272     3.7591    163.147 0.0000e+00
    139.083    777.479    13.5205   4.525261     2.4779     0.2508  1.7226292  13.541379    13.5003    38.5321    29.0272     3.7626    163.295 0.0000e+00
    137.910    778.479    13.5227   4.525528     2.4804     0.2352  1.7204416  13.540695    13.5027    38.5330    29.0274     3.7662    163.453 0.0000e+00
    137.196    779.479    13.5219   4.525333     2.4822     0.2339  1.7191188  13.531802    13.5020    38.5322    29.0270     3.7654    163.419 0.0000e+00
    136.395    780.479    13.5228   4.525419     2.4829     0.2395  1.7182031  13.524961    13.5029    38.5326    29.0270     3.7650    163.403 0.0000e+00
    135.086    781.479    13.5256   4.525696     2.4829     0.2282  1.7167277  13.527013    13.5060    38.5329    29.0266     3.7594    163.160 0.0000e+00
    133.989    782.479    13.5243   4.525444     2.4817     0.2227  1.7146418  13.523592    13.5048    38.5323    29.0264     3.7590    163.140 0.0000e+00
    133.197    783.479    13.5202   4.524725     2.4831     0.2292  1.7128103  13.518119    13.5009    38.5299    29.0254     3.7687    163.564 0.0000e+00
    132.009    784.479    13.5155   4.524053     2.4855     0.2484  1.7114876  13.512646    13.4963    38.5289    29.0256     3.7755    163.856 0.0000e+00
    130.763    785.479    13.5148   4.523797     2.4885     0.2520  1.7094526  13.516067    13.4957    38.5277    29.0248     3.7852    164.279 0.0000e+00
    130.058    786.479    13.5091   4.523002     2.4933     0.2378  1.7089438  13.514014    13.4902    38.5261    29.0247     3.8017    164.996 0.0000e+00
    129.301    787.479    13.5041   4.522147     2.5006     0.2380  1.7089947  13.507172    13.4853    38.5234    29.0236     3.8246    165.989 0.0000e+00
    128.116    788.479    13.4802   4.518604     2.5090     0.2432  1.7082824  13.507856    13.4616    38.5141    29.0215     3.8430    166.789 0.0000e+00
    126.948    789.479    13.4655   4.516535     2.5166     0.2428  1.7070106  13.500330    13.4471    38.5098    29.0212     3.8562    167.360 0.0000e+00
    125.966    790.479    13.4647   4.516381     2.5227     0.2621  1.7055861  13.486645    13.4464    38.5095    29.0212     3.8624    167.628 0.0000e+00
    125.072    791.479    13.4663   4.516513     2.5265     0.2629  1.7016178  13.468170    13.4481    38.5096    29.0208     3.8637    167.686 0.0000e+00
    124.067    792.479    13.4689   4.516784     2.5295     0.2508  1.6985144  13.466802    13.4509    38.5101    29.0206     3.8710    168.004 0.0000e+00
    122.905    793.479    13.4625   4.515706     2.5339     0.2517  1.6960216  13.467486    13.4447    38.5067    29.0193     3.8808    168.430 0.0000e+00
    121.855    794.479    13.4554   4.514730     2.5369     0.2578  1.6944953  13.468855    13.4378    38.5050    29.0195     3.8842    168.577 0.0000e+00
    121.075    795.479    13.4538   4.514475     2.5403     0.2618  1.6937831  13.468855    13.4362    38.5046    29.0195     3.8949    169.039 0.0000e+00
    120.195    796.479    13.4523   4.514169     2.5451     0.2449  1.6935287  13.461327    13.4348    38.5036    29.0190     3.9066    169.549 0.0000e+00
    118.883    797.479    13.4518   4.513977     2.5497     0.2344  1.6919516  13.449009    13.4345    38.5029    29.0185     3.9131    169.830 0.0000e+00
    117.601    798.479    13.4494   4.513560     2.5534     0.2449  1.6893569  13.452431    13.4324    38.5018    29.0182     3.9261    170.397 0.0000e+00
    116.864    799.479    13.4506   4.513666     2.5615     0.2461  1.6876272  13.450378    13.4337    38.5020    29.0180     3.9503    171.445 0.0000e+00
    116.132    800.479    13.4521   4.513643     2.5692     0.2480  1.6860501  13.451062    13.4353    38.5006    29.0165     3.9646    172.064 0.0000e+00
    115.029    801.479    13.4517   4.513401     2.5777     0.2528  1.6847273  13.451062    13.4350    38.4992    29.0155     3.9896    173.151 0.0000e+00
    113.803    802.479    13.4522   4.513186     2.5896     0.2559  1.6822853  13.451062    13.4357    38.4972    29.0138     4.0196    174.453 0.0000e+00
    112.681    803.479    13.4533   4.513108     2.6011     0.2594  1.6794872  13.451062    13.4370    38.4958    29.0125     4.0358    175.159 0.0000e+00
    111.733    804.479    13.4558   4.513293     2.6095     0.2748  1.6771470  13.449693    13.4396    38.4955    29.0117     4.0434    175.488 0.0000e+00
    110.767    805.479    13.4567   4.513333     2.6151     0.2756  1.6728734  13.451746    13.4406    38.4954    29.0114     4.0494    175.748 0.0000e+00
    109.731    806.479    13.4572   4.513372     2.6205     0.2749  1.6682438  13.450378    13.4413    38.4958    29.0116     4.0581    176.126 0.0000e+00
    108.804    807.479    13.4583   4.513444     2.6247     0.2763  1.6646826  13.451062    13.4425    38.4958    29.0113     4.0657    176.455 0.0000e+00
    107.858    808.479    13.4590   4.513470     2.6293     0.2861  1.6629020  13.453799    13.4434    38.4957    29.0110     4.0691    176.602 0.0000e+00
    106.656    809.479    13.4593   4.513439     2.6305     0.2842  1.6620880  13.447640    13.4439    38.4956    29.0109     4.0680    176.555 0.0000e+00
    105.382    810.479    13.4597   4.513404     2.6334     0.2781  1.6617318  13.449693    13.4444    38.4955    29.0107     4.0769    176.939 0.0000e+00
    104.517    811.479    13.4611   4.513470     2.6361     0.2876  1.6612740  13.450378    13.4459    38.4951    29.0101     4.0808    177.112 0.0000e+00
    103.738    812.479    13.4673   4.514124     2.6390     0.2875  1.6591881  13.447640    13.4523    38.4954    29.0090     4.0880    177.425 0.0000e+00
    102.597    813.479    13.4788   4.515194     2.6428     0.2955  1.6576618  13.451062    13.4639    38.4946    29.0059     4.0953    177.742 0.0000e+00
    101.412    814.479    13.4808   4.515322     2.6459     0.2969  1.6554233  13.451062    13.4661    38.4944    29.0052     4.0969    177.812 0.0000e+00
    100.563    815.479    13.4827   4.515406     2.6476     0.3010  1.6530831  13.452431    13.4681    38.4936    29.0042     4.1000    177.945 0.0000e+00
     99.513    816.479    13.4795   4.514789     2.6512     0.3157  1.6517094  13.460643    13.4650    38.4915    29.0032     4.1146    178.580 0.0000e+00
     98.216    817.479    13.4763   4.514211     2.6566     0.3265  1.6496744  13.466802    13.4621    38.4897    29.0024     4.1291    179.208 0.0000e+00
     97.344    818.479    13.4748   4.513856     2.6629     0.3311  1.6477920  13.461327    13.4607    38.4882    29.0016     4.1444    179.873 0.0000e+00
     96.557    819.479    13.4731   4.513421     2.6696     0.3242  1.6468762  13.456537    13.4591    38.4862    29.0004     4.1570    180.420 0.0000e+00
     95.465    820.479    13.4720   4.513167     2.6755     0.3134  1.6455535  13.458590    13.4582    38.4853    28.9999     4.1666    180.837 0.0000e+00
     94.224    821.479    13.4713   4.512796     2.6811     0.3214  1.6434167  13.454484    13.4576    38.4831    28.9983     4.1798    181.407 0.0000e+00
     93.083    822.479    13.4705   4.512440     2.6875     0.3516  1.6411782  13.458590    13.4570    38.4810    28.9968     4.1915    181.918 0.0000e+00
     92.147    823.479    13.4700   4.512227     2.6930     0.3846  1.6382275  13.453799    13.4566    38.4799    28.9960     4.2008    182.320 0.0000e+00
     91.287    824.479    13.4695   4.512080     2.6983     0.3895  1.6359381  13.455168    13.4563    38.4793    28.9956     4.2166    183.005 0.0000e+00
