Boussole/Data/SBEMOOSE/Work/cnv/bous229_02.cnv
* Sea-Bird SBE 9 Data File:
* FileName = C:\boussole\202104\bous229_02.hdr
* Software Version Seasave V 7.23.2
* Temperature SN = 2473
* Conductivity SN = 2929
* Number of Bytes Per Scan = 37
* Number of Voltage Words = 4
* Number of Scans Averaged by the Deck Unit = 1
* NMEA Latitude = 43 21.84 N
* NMEA Longitude = 007 54.10 E
* NMEA UTC (Time) = Apr 09 2021  10:21:32
* NMEA baud rate = 4800
** Campagne = BOUSSOLE 229
** Navire = Tethys II
** Station = BOUS229_02
** Date = 09/04/2021
** Heure debut [TU] = 10:21
** Heure fin [TU] = 11:49
** Heure locale / TU = +0
** Latitude = 43 21.842 N
** Longitude = 007 54.109 E
** Heure meteo [TU] = 10:23
** T air sec [deg C] = 13.2
** T mer [deg C] = 14.07
** Vent [noeuds, degres] = 3, 182
** Pression atm [hpa] = 1026.6
** Humidite [%] = 49.8
** Nebulosite [octas] = 1
** Etat de la mer [code S] = 2
# nquan = 14
# nvalues = 5288                        
# units = specified
# name 0 = prDM: Pressure, Digiquartz [db]
# name 1 = timeS: Time, Elapsed [seconds]
# name 2 = t090C: Temperature [ITS-90, deg C]
# name 3 = c0S/m: Conductivity [S/m]
# name 4 = sbeox0V: Oxygen raw, SBE 43 [V]
# name 5 = flC: Fluorescence, Chelsea Aqua 3 Chl Con [ug/l]
# name 6 = upoly0: Upoly 0, RINKOIII_DO
# name 7 = upoly1: Upoly 1, RINKOIII_Temp
# name 8 = potemp090C: Potential Temperature [ITS-90, deg C]
# name 9 = sal00: Salinity, Practical [PSU]
# name 10 = sigma-é00: Density [sigma-theta, kg/m^3]
# name 11 = sbeox0ML/L: Oxygen, SBE 43 [ml/l], WS = 2
# name 12 = sbox0Mm/Kg: Oxygen, SBE 43 [umol/kg], WS = 2
# name 13 = flag: flag
# span 0 =      0.143,    405.497       
# span 1 =      0.479,   5287.333       
# span 2 =    13.4280,    14.3352       
# span 3 =   0.159634,   4.591173       
# span 4 =     2.1799,     3.0234       
# span 5 =    -0.2893,  1887.9148       
# span 6 =  1.5098698,  1.8387260       
# span 7 =  13.418210,  14.158352       
# span 8 =    13.4174,    14.3351       
# span 9 =     1.0411,    38.6807       
# span 10 =     0.0720,    29.0871      
# span 11 =     3.1968,     5.1402      
# span 12 =    138.734,    229.486      
# span 13 = 0.0000e+00, 0.0000e+00      
# interval = seconds: 1                 
# start_time = Apr 09 2021 10:21:32 [NMEA time, header]
# bad_flag = -9.990e-29
*END*
[from data line 4542]
      9.851   4542.479    13.9443   4.548005     2.9822     0.3987  1.5350529  13.928952    13.9428    38.3808    28.8151     4.6866    203.442 0.0000e+00
      9.877   4543.479    13.9452   4.548080     2.9809     0.4068  1.5352055  13.929635    13.9438    38.3806    28.8147     4.6865    203.437 0.0000e+00
     10.182   4544.479    13.9433   4.547897     2.9814     0.4085  1.5347985  13.926903    13.9418    38.3806    28.8152     4.6911    203.637 0.0000e+00
     10.345   4545.479    13.9427   4.547835     2.9813     0.3986  1.5352055  13.926903    13.9412    38.3806    28.8153     4.6893    203.560 0.0000e+00
     10.078   4546.479    13.9438   4.547975     2.9814     0.3966  1.5349511  13.927586    13.9423    38.3809    28.8153     4.6908    203.624 0.0000e+00
      9.715   4547.479    13.9475   4.548348     2.9822     0.3931  1.5349511  13.929635    13.9461    38.3809    28.8145     4.6933    203.730 0.0000e+00
      9.780   4548.479    13.9482   4.548417     2.9832     0.3985  1.5350020  13.928269    13.9467    38.3809    28.8143     4.6936    203.747 0.0000e+00
     10.163   4549.479    13.9432   4.547897     2.9831     0.3997  1.5352055  13.926903    13.9417    38.3807    28.8152     4.6936    203.746 0.0000e+00
     10.256   4550.479    13.9425   4.547816     2.9835     0.3952  1.5351546  13.927586    13.9410    38.3806    28.8154     4.6926    203.700 0.0000e+00
     10.096   4551.479    13.9444   4.548049     2.9819     0.3924  1.5351546  13.927586    13.9429    38.3810    28.8152     4.6840    203.328 0.0000e+00
      9.991   4552.479    13.9456   4.548131     2.9798     0.4023  1.5353073  13.932367    13.9441    38.3806    28.8146     4.6834    203.302 0.0000e+00
      9.871   4553.479    13.9458   4.548148     2.9802     0.4014  1.5351546  13.932367    13.9443    38.3806    28.8146     4.6872    203.470 0.0000e+00
      9.859   4554.479    13.9471   4.548285     2.9799     0.4029  1.5353581  13.933733    13.9456    38.3807    28.8144     4.6858    203.407 0.0000e+00
     10.151   4555.479    13.9440   4.547962     2.9806     0.4081  1.5352564  13.927586    13.9425    38.3806    28.8150     4.6895    203.569 0.0000e+00
     10.242   4556.479    13.9428   4.547861     2.9800     0.4148  1.5349511  13.927586    13.9413    38.3807    28.8154     4.6831    203.291 0.0000e+00
     10.049   4557.479    13.9449   4.548095     2.9794     0.3936  1.5353581  13.931001    13.9434    38.3810    28.8151     4.6880    203.504 0.0000e+00
     10.029   4558.479    13.9470   4.548287     2.9808     0.3914  1.5350529  13.928952    13.9455    38.3807    28.8144     4.6886    203.526 0.0000e+00
      9.986   4559.479    13.9463   4.548224     2.9798     0.4064  1.5355108  13.927586    13.9448    38.3808    28.8147     4.6836    203.312 0.0000e+00
      9.834   4560.479    13.9488   4.548489     2.9796     0.4063  1.5355616  13.931001    13.9473    38.3809    28.8142     4.6834    203.303 0.0000e+00
      9.954   4561.479    13.9485   4.548429     2.9788     0.4002  1.5349003  13.934416    13.9470    38.3806    28.8140     4.6844    203.346 0.0000e+00
     10.257   4562.479    13.9436   4.547938     2.9799     0.4000  1.5352055  13.927586    13.9421    38.3806    28.8151     4.6879    203.499 0.0000e+00
     10.281   4563.479    13.9430   4.547871     2.9795     0.4046  1.5352564  13.927586    13.9415    38.3806    28.8153     4.6830    203.283 0.0000e+00
      9.949   4564.479    13.9465   4.548254     2.9785     0.4064  1.5350020  13.928269    13.9450    38.3809    28.8147     4.6828    203.276 0.0000e+00
      9.905   4565.479    13.9476   4.548354     2.9790     0.4084  1.5351038  13.928952    13.9461    38.3807    28.8143     4.6855    203.392 0.0000e+00
     10.074   4566.479    13.9451   4.548096     2.9796     0.4059  1.5351038  13.928269    13.9437    38.3807    28.8148     4.6875    203.481 0.0000e+00
      9.879   4567.479    13.9461   4.548225     2.9801     0.4051  1.5351038  13.928952    13.9447    38.3811    28.8149     4.6884    203.519 0.0000e+00
      9.828   4568.479    13.9487   4.548483     2.9812     0.4088  1.5350020  13.933733    13.9473    38.3809    28.8142     4.6930    203.718 0.0000e+00
     10.298   4569.479    13.9444   4.548010     2.9825     0.4105  1.5349511  13.926903    13.9429    38.3806    28.8149     4.6938    203.756 0.0000e+00
     10.325   4570.479    13.9433   4.547907     2.9828     0.4051  1.5350529  13.927586    13.9418    38.3807    28.8152     4.6911    203.639 0.0000e+00
      9.760   4571.479    13.9476   4.548372     2.9816     0.4006  1.5351038  13.929635    13.9462    38.3810    28.8145     4.6861    203.419 0.0000e+00
      9.668   4572.479    13.9482   4.548388     2.9807     0.4064  1.5353581  13.928952    13.9468    38.3806    28.8141     4.6840    203.327 0.0000e+00
     10.185   4573.479    13.9435   4.547930     2.9793     0.4030  1.5350020  13.927586    13.9420    38.3807    28.8152     4.6835    203.308 0.0000e+00
     10.152   4574.479    13.9429   4.547863     2.9796     0.3974  1.5350020  13.926903    13.9414    38.3807    28.8153     4.6858    203.408 0.0000e+00
      9.851   4575.479    13.9463   4.548230     2.9790     0.3950  1.5350529  13.928952    13.9449    38.3809    28.8147     4.6828    203.276 0.0000e+00
      9.908   4576.479    13.9482   4.548392     2.9792     0.4062  1.5350020  13.928269    13.9468    38.3805    28.8140     4.6879    203.500 0.0000e+00
     10.165   4577.479    13.9441   4.547959     2.9809     0.4077  1.5355108  13.926903    13.9426    38.3804    28.8148     4.6931    203.723 0.0000e+00
     10.175   4578.479    13.9430   4.547866     2.9818     0.4120  1.5352055  13.926903    13.9415    38.3806    28.8152     4.6909    203.629 0.0000e+00
      9.811   4579.479    13.9469   4.548297     2.9815     0.4000  1.5350529  13.927586    13.9455    38.3809    28.8146     4.6882    203.510 0.0000e+00
      9.659   4580.479    13.9493   4.548506     2.9810     0.3890  1.5347985  13.930318    13.9479    38.3806    28.8138     4.6863    203.430 0.0000e+00
     10.139   4581.479    13.9440   4.547959     2.9809     0.3959  1.5349003  13.928269    13.9425    38.3805    28.8150     4.6906    203.616 0.0000e+00
     10.436   4582.479    13.9421   4.547767     2.9816     0.4035  1.5353581  13.927586    13.9406    38.3805    28.8154     4.6897    203.576 0.0000e+00
     10.066   4583.479    13.9449   4.548092     2.9810     0.3949  1.5353073  13.926903    13.9434    38.3809    28.8150     4.6893    203.560 0.0000e+00
      9.672   4584.479    13.9480   4.548389     2.9821     0.3807  1.5350529  13.929635    13.9466    38.3809    28.8143     4.6927    203.705 0.0000e+00
      9.719   4585.479    13.9477   4.548328     2.9827     0.3855  1.5351546  13.930318    13.9463    38.3805    28.8141     4.6939    203.758 0.0000e+00
     10.034   4586.479    13.9435   4.547905     2.9836     0.3951  1.5350020  13.926903    13.9420    38.3806    28.8151     4.6963    203.864 0.0000e+00
     10.275   4587.479    13.9413   4.547685     2.9841     0.4008  1.5351038  13.926903    13.9398    38.3805    28.8156     4.6949    203.800 0.0000e+00
     10.256   4588.479    13.9413   4.547690     2.9831     0.4050  1.5353581  13.928269    13.9398    38.3806    28.8156     4.6900    203.590 0.0000e+00
     10.042   4589.479    13.9431   4.547896     2.9823     0.4103  1.5351546  13.927586    13.9416    38.3808    28.8154     4.6910    203.634 0.0000e+00
      9.786   4590.479    13.9458   4.548148     2.9826     0.4007  1.5352055  13.930318    13.9443    38.3807    28.8147     4.6913    203.643 0.0000e+00
      9.765   4591.479    13.9485   4.548443     2.9818     0.4138  1.5353073  13.928952    13.9471    38.3808    28.8142     4.6852    203.382 0.0000e+00
     10.008   4592.479    13.9447   4.548033     2.9804     0.4137  1.5352055  13.928952    13.9432    38.3806    28.8149     4.6865    203.439 0.0000e+00
     10.260   4593.479    13.9417   4.547709     2.9810     0.4042  1.5352055  13.926903    13.9402    38.3804    28.8154     4.6901    203.593 0.0000e+00
     10.307   4594.479    13.9414   4.547703     2.9809     0.4069  1.5350529  13.928269    13.9399    38.3806    28.8156     4.6900    203.589 0.0000e+00
      9.981   4595.479    13.9446   4.548075     2.9817     0.4178  1.5353581  13.927586    13.9431    38.3811    28.8153     4.6913    203.645 0.0000e+00
      9.630   4596.479    13.9481   4.548361     2.9820     0.4067  1.5350529  13.927586    13.9467    38.3804    28.8140     4.6918    203.666 0.0000e+00
      9.793   4597.479    13.9467   4.548222     2.9828     0.3982  1.5353581  13.928269    13.9452    38.3805    28.8143     4.6947    203.792 0.0000e+00
     10.272   4598.479    13.9412   4.547687     2.9839     0.4091  1.5350529  13.926903    13.9397    38.3807    28.8157     4.6979    203.931 0.0000e+00
     10.405   4599.479    13.9398   4.547545     2.9842     0.4110  1.5353581  13.927586    13.9383    38.3807    28.8160     4.6942    203.771 0.0000e+00
     10.045   4600.479    13.9437   4.547960     2.9831     0.4112  1.5351546  13.926903    13.9422    38.3809    28.8153     4.6906    203.614 0.0000e+00
      9.585   4601.479    13.9480   4.548391     2.9830     0.4054  1.5350529  13.928269    13.9466    38.3808    28.8143     4.6921    203.679 0.0000e+00
      9.624   4602.479    13.9471   4.548283     2.9827     0.4112  1.5351038  13.930318    13.9457    38.3807    28.8144     4.6899    203.585 0.0000e+00
     10.151   4603.479    13.9412   4.547673     2.9820     0.4009  1.5351038  13.926903    13.9397    38.3806    28.8156     4.6911    203.638 0.0000e+00
     10.528   4604.479    13.9389   4.547445     2.9827     0.3944  1.5352564  13.926903    13.9373    38.3806    28.8161     4.6928    203.710 0.0000e+00
     10.383   4605.479    13.9406   4.547647     2.9818     0.3954  1.5353073  13.927586    13.9391    38.3808    28.8159     4.6872    203.467 0.0000e+00
      9.787   4606.479    13.9462   4.548249     2.9807     0.4127  1.5349003  13.926903    13.9448    38.3812    28.8150     4.6866    203.442 0.0000e+00
      9.297   4607.479    13.9499   4.548557     2.9808     0.4045  1.5350020  13.931001    13.9485    38.3807    28.8138     4.6849    203.369 0.0000e+00
      9.600   4608.479    13.9464   4.548207     2.9789     0.4052  1.5350529  13.929635    13.9450    38.3807    28.8145     4.6809    203.193 0.0000e+00
     10.525   4609.479    13.9397   4.547541     2.9798     0.3943  1.5354090  13.926903    13.9381    38.3807    28.8160     4.6923    203.689 0.0000e+00
     10.625   4610.479    13.9414   4.547745     2.9813     0.3780  1.5352055  13.927586    13.9398    38.3809    28.8159     4.6919    203.672 0.0000e+00
      9.950   4611.479    13.9466   4.548301     2.9815     0.3900  1.5351546  13.927586    13.9451    38.3812    28.8149     4.6884    203.519 0.0000e+00
      9.620   4612.479    13.9505   4.548632     2.9807     0.3920  1.5351038  13.927586    13.9491    38.3807    28.8136     4.6842    203.336 0.0000e+00
      9.881   4613.479    13.9442   4.547982     2.9795     0.3794  1.5349511  13.927586    13.9428    38.3806    28.8150     4.6813    203.211 0.0000e+00
     10.024   4614.479    13.9411   4.547668     2.9785     0.3899  1.5352564  13.928269    13.9396    38.3807    28.8157     4.6842    203.338 0.0000e+00
     10.103   4615.479    13.9431   4.547901     2.9793     0.3877  1.5351546  13.926903    13.9416    38.3809    28.8154     4.6867    203.448 0.0000e+00
     10.296   4616.479    13.9417   4.547735     2.9796     0.3939  1.5353073  13.928952    13.9402    38.3806    28.8155     4.6859    203.411 0.0000e+00
     10.159   4617.479    13.9416   4.547742     2.9787     0.3922  1.5349003  13.927586    13.9401    38.3809    28.8158     4.6812    203.205 0.0000e+00
      9.754   4618.479    13.9464   4.548272     2.9782     0.3955  1.5346968  13.927586    13.9450    38.3812    28.8150     4.6842    203.338 0.0000e+00
      9.812   4619.479    13.9465   4.548231     2.9796     0.4000  1.5349511  13.928269    13.9450    38.3808    28.8146     4.6897    203.574 0.0000e+00
     10.263   4620.479    13.9409   4.547649     2.9809     0.4012  1.5352564  13.926903    13.9394    38.3807    28.8158     4.6925    203.697 0.0000e+00
     10.184   4621.479    13.9418   4.547775     2.9819     0.3964  1.5350529  13.927586    13.9403    38.3809    28.8157     4.6923    203.687 0.0000e+00
      9.799   4622.479    13.9464   4.548259     2.9818     0.3911  1.5351546  13.928269    13.9450    38.3811    28.8149     4.6873    203.472 0.0000e+00
      9.921   4623.479    13.9452   4.548112     2.9804     0.3872  1.5350529  13.927586    13.9438    38.3808    28.8149     4.6866    203.439 0.0000e+00
     10.297   4624.479    13.9405   4.547602     2.9816     0.3886  1.5351546  13.926903    13.9390    38.3806    28.8157     4.6936    203.746 0.0000e+00
     10.193   4625.479    13.9408   4.547671     2.9818     0.3945  1.5352055  13.928269    13.9393    38.3809    28.8160     4.6867    203.444 0.0000e+00
      9.770   4626.479    13.9471   4.548340     2.9795     0.3941  1.5350020  13.928269    13.9457    38.3812    28.8148     4.6822    203.251 0.0000e+00
      9.722   4627.479    13.9485   4.548445     2.9800     0.3945  1.5350020  13.928952    13.9471    38.3808    28.8142     4.6885    203.523 0.0000e+00
     10.124   4628.479    13.9424   4.547819     2.9811     0.3996  1.5353073  13.927586    13.9409    38.3808    28.8155     4.6924    203.694 0.0000e+00
     10.270   4629.479    13.9402   4.547585     2.9819     0.3873  1.5351038  13.926903    13.9387    38.3807    28.8159     4.6911    203.636 0.0000e+00
     10.092   4630.479    13.9421   4.547716     2.9811     0.3881  1.5349003  13.928269    13.9406    38.3801    28.8150     4.6862    203.426 0.0000e+00
      9.930   4631.479    13.9440   4.547966     2.9806     0.3894  1.5352055  13.928952    13.9425    38.3806    28.8150     4.6885    203.522 0.0000e+00
      9.912   4632.479    13.9456   4.548129     2.9809     0.4010  1.5350020  13.929635    13.9441    38.3807    28.8147     4.6868    203.449 0.0000e+00
      9.911   4633.479    13.9447   4.548067     2.9801     0.3992  1.5351038  13.928952    13.9432    38.3809    28.8151     4.6846    203.355 0.0000e+00
      9.999   4634.479    13.9445   4.548034     2.9796     0.3949  1.5351038  13.928269    13.9430    38.3808    28.8150     4.6862    203.423 0.0000e+00
     10.250   4635.479    13.9410   4.547664     2.9803     0.4006  1.5349511  13.927586    13.9395    38.3807    28.8158     4.6878    203.495 0.0000e+00
     10.223   4636.479    13.9404   4.547620     2.9794     0.4045  1.5353073  13.926903    13.9389    38.3809    28.8160     4.6822    203.249 0.0000e+00
      9.890   4637.479    13.9437   4.547960     2.9785     0.3988  1.5350020  13.928952    13.9422    38.3810    28.8154     4.6837    203.316 0.0000e+00
      9.710   4638.479    13.9467   4.548279     2.9793     0.4005  1.5349003  13.931001    13.9453    38.3810    28.8147     4.6861    203.421 0.0000e+00
      9.926   4639.479    13.9453   4.548092     2.9795     0.4004  1.5353581  13.927586    13.9438    38.3806    28.8148     4.6850    203.373 0.0000e+00
     10.288   4640.479    13.9395   4.547495     2.9788     0.4065  1.5350529  13.926903    13.9380    38.3806    28.8160     4.6820    203.240 0.0000e+00
     10.236   4641.479    13.9406   4.547639     2.9778     0.4048  1.5351546  13.926903    13.9391    38.3808    28.8159     4.6805    203.175 0.0000e+00
      9.935   4642.479    13.9443   4.548036     2.9778     0.3859  1.5350529  13.928269    13.9428    38.3811    28.8153     4.6833    203.299 0.0000e+00
      9.926   4643.479    13.9480   4.548426     2.9779     0.3827  1.5351038  13.929635    13.9465    38.3810    28.8145     4.6804    203.172 0.0000e+00
     10.039   4644.479    13.9475   4.548335     2.9772     0.3936  1.5349511  13.926903    13.9460    38.3806    28.8143     4.6779    203.064 0.0000e+00
