Boussole/Data/SBEMOOSE/Work/cnv/bous222_03.cnv
* Sea-Bird SBE 9 Data File:
* FileName = C:\boussole\202009\Bous222_03.hdr
* Software Version Seasave V 7.23.2
* Temperature SN = 5545
* Conductivity SN = 4097
* Number of Bytes Per Scan = 37
* Number of Voltage Words = 4
* Number of Scans Averaged by the Deck Unit = 1
* NMEA Latitude = 43 21.96 N
* NMEA Longitude = 007 53.62 E
* NMEA UTC (Time) = Sep 12 2020  13:16:43
* NMEA baud rate = 4800
** Navire
** Station:
** Date
** Heure debut [TU]
** Heure fin [TU]
** Heure locale / TU = +0
** Latitude
** Longitude
** Heure meteo [TU]
** T air sec [deg C]
** T mer [deg C]
** Vent [noeuds, degres]
# nquan = 21
# nvalues = 917                         
# units = specified
# name 0 = prDM: Pressure, Digiquartz [db]
# name 1 = timeS: Time, Elapsed [seconds]
# name 2 = t090C: Temperature [ITS-90, deg C]
# name 3 = t190C: Temperature, 2 [ITS-90, deg C]
# name 4 = c0S/m: Conductivity [S/m]
# name 5 = c1S/m: Conductivity, 2 [S/m]
# name 6 = sbeox0V: Oxygen raw, SBE 43 [V]
# name 7 = v2: Voltage 2
# name 8 = flC: Fluorescence, Chelsea Aqua 3 Chl Con [ug/l]
# name 9 = v3: Voltage 3
# name 10 = CStarTr0: Beam Transmission, WET Labs C-Star [%]
# name 11 = CStarAt0: Beam Attenuation, WET Labs C-Star [1/m]
# name 12 = sbeox0ML/L: Oxygen, SBE 43 [ml/l], WS = 2
# name 13 = sbox0Mm/Kg: Oxygen, SBE 43 [umol/kg], WS = 2
# name 14 = potemp090C: Potential Temperature [ITS-90, deg C]
# name 15 = potemp190C: Potential Temperature, 2 [ITS-90, deg C]
# name 16 = sal00: Salinity, Practical [PSU]
# name 17 = sal11: Salinity, Practical, 2 [PSU]
# name 18 = sigma-é00: Density [sigma-theta, kg/m^3]
# name 19 = sigma-é11: Density, 2 [sigma-theta, kg/m^3]
# name 20 = flag: flag
# span 0 =      2.450,    405.536       
# span 1 =      0.479,    916.167       
# span 2 =    13.5634,    23.2280       
# span 3 =    13.5657,    23.1718       
# span 4 =   4.525255,   5.561754       
# span 5 =   4.525787,   5.553977       
# span 6 =     2.2369,     3.7904       
# span 7 =     1.2522,     1.7840       
# span 8 =     0.0294,     0.8402       
# span 9 =     4.4046,     4.7536       
# span 10 =    92.5435,    99.8986      
# span 11 =     0.0040,     0.3100      
# span 12 =     3.3398,     6.0451      
# span 13 =    144.942,    262.522      
# span 14 =    13.5038,    23.2275      
# span 15 =    13.5061,    23.1713      
# span 16 =    38.2036,    38.6618      
# span 17 =    38.3245,    38.6606      
# span 18 =    26.4448,    29.0911      
# span 19 =    26.4526,    29.0900      
# span 20 = 0.0000e+00, 0.0000e+00      
# interval = seconds: 1                 
# start_time = Sep 12 2020 13:16:43 [NMEA time, header]
# bad_flag = -9.990e-29
*END*
[from data line 345]
    148.228    345.479    13.7762    13.7809   4.560862   4.561192     2.3600     1.2966     0.0545     4.7458    99.7367     0.0105     3.4882    151.388    13.7544    13.7590    38.6092    38.6076    29.0326    29.0305 0.0000e+00
    148.951    346.479    13.7756    13.7792   4.560816   4.561061     2.3598     1.2878     0.0500     4.7444    99.7066     0.0118     3.4924    151.572    13.7536    13.7573    38.6091    38.6077    29.0327    29.0309 0.0000e+00
    149.441    347.479    13.7755    13.7790   4.560842   4.561063     2.3601     1.2834     0.0607     4.7392    99.5951     0.0162     3.4919    151.547    13.7535    13.7569    38.6091    38.6078    29.0328    29.0310 0.0000e+00
    149.722    348.479    13.7755    13.7786   4.560857   4.561049     2.3595     1.2780     0.0576     4.7428    99.6723     0.0131     3.4901    151.471    13.7534    13.7565    38.6091    38.6079    29.0328    29.0312 0.0000e+00
    150.174    349.479    13.7761    13.7796   4.561007   4.561211     2.3594     1.2907     0.0480     4.7460    99.7399     0.0104     3.4902    151.473    13.7540    13.7575    38.6098    38.6082    29.0332    29.0312 0.0000e+00
    150.943    350.479    13.7792    13.7823   4.561572   4.561714     2.3588     1.2871     0.0531     4.7460    99.7399     0.0104     3.4872    151.343    13.7569    13.7600    38.6117    38.6099    29.0341    29.0320 0.0000e+00
    151.504    351.479    13.7796    13.7824   4.561654   4.561800     2.3575     1.2755     0.0596     4.7459    99.7378     0.0105     3.4836    151.189    13.7572    13.7601    38.6119    38.6104    29.0341    29.0323 0.0000e+00
    151.689    352.479    13.7795    13.7822   4.561664   4.561779     2.3568     1.2817     0.0570     4.7457    99.7335     0.0107     3.4852    151.256    13.7571    13.7598    38.6120    38.6102    29.0342    29.0323 0.0000e+00
    152.172    353.479    13.7796    13.7833   4.561737   4.561936     2.3566     1.2895     0.0537     4.7456    99.7324     0.0107     3.4834    151.181    13.7571    13.7608    38.6123    38.6105    29.0345    29.0323 0.0000e+00
    152.843    354.479    13.7800    13.7835   4.561911   4.562084     2.3554     1.2865     0.0589     4.7460    99.7388     0.0104     3.4809    151.071    13.7575    13.7609    38.6132    38.6114    29.0351    29.0329 0.0000e+00
    153.386    355.479    13.7806    13.7837   4.562080   4.562223     2.3546     1.2825     0.0598     4.7457    99.7345     0.0106     3.4775    150.922    13.7580    13.7611    38.6140    38.6122    29.0356    29.0336 0.0000e+00
    153.822    356.479    13.7810    13.7842   4.562149   4.562316     2.3529     1.2887     0.0511     4.7460    99.7399     0.0104     3.4777    150.933    13.7583    13.7615    38.6141    38.6124    29.0356    29.0336 0.0000e+00
    154.309    357.479    13.7812    13.7846   4.562237   4.562421     2.3536     1.2897     0.0427     4.7464    99.7474     0.0101     3.4818    151.111    13.7584    13.7618    38.6145    38.6128    29.0359    29.0339 0.0000e+00
    154.777    358.479    13.7815    13.7844   4.562321   4.562480     2.3536     1.2794     0.0485     4.7467    99.7527     0.0099     3.4780    150.946    13.7587    13.7616    38.6147    38.6133    29.0360    29.0343 0.0000e+00
    155.378    359.479    13.7817    13.7852   4.562399   4.562628     2.3519     1.2691     0.0650     4.7461    99.7420     0.0103     3.4712    150.652    13.7587    13.7623    38.6151    38.6137    29.0363    29.0344 0.0000e+00
    155.824    360.479    13.7813    13.7844   4.562395   4.562578     2.3502     1.2762     0.0545     4.7461    99.7420     0.0103     3.4712    150.648    13.7583    13.7614    38.6152    38.6138    29.0365    29.0347 0.0000e+00
    156.143    361.479    13.7812    13.7843   4.562389   4.562578     2.3499     1.2958     0.0445     4.7449    99.7163     0.0114     3.4736    150.753    13.7582    13.7613    38.6151    38.6138    29.0364    29.0347 0.0000e+00
    156.779    362.479    13.7810    13.7850   4.562413   4.562691     2.3503     1.2834     0.0459     4.7460    99.7388     0.0104     3.4764    150.875    13.7578    13.7619    38.6153    38.6138    29.0366    29.0346 0.0000e+00
    157.445    363.479    13.7811    13.7844   4.562505   4.562700     2.3507     1.2713     0.0588     4.7458    99.7367     0.0105     3.4744    150.790    13.7578    13.7612    38.6158    38.6142    29.0370    29.0351 0.0000e+00
    157.940    364.479    13.7810    13.7845   4.562586   4.562760     2.3497     1.2730     0.0588     4.7463    99.7453     0.0102     3.4709    150.638    13.7577    13.7612    38.6164    38.6145    29.0375    29.0353 0.0000e+00
    158.150    365.479    13.7809    13.7842   4.562600   4.562769     2.3487     1.2886     0.0609     4.7467    99.7538     0.0099     3.4682    150.520    13.7576    13.7609    38.6165    38.6148    29.0376    29.0356 0.0000e+00
    158.548    366.479    13.7810    13.7849   4.562677   4.562930     2.3474     1.2886     0.0640     4.7465    99.7506     0.0100     3.4662    150.431    13.7576    13.7615    38.6169    38.6154    29.0379    29.0359 0.0000e+00
    159.367    367.479    13.7811    13.7848   4.562766   4.562993     2.3469     1.2910     0.0564     4.7461    99.7420     0.0103     3.4686    150.537    13.7576    13.7613    38.6173    38.6157    29.0383    29.0362 0.0000e+00
    159.990    368.479    13.7811    13.7843   4.562829   4.563027     2.3471     1.2946     0.0759     4.7462    99.7442     0.0102     3.4692    150.563    13.7575    13.7607    38.6176    38.6163    29.0385    29.0368 0.0000e+00
    160.198    369.479    13.7812    13.7840   4.562856   4.563000     2.3466     1.2857     0.0676     4.7462    99.7431     0.0103     3.4652    150.388    13.7576    13.7604    38.6177    38.6162    29.0385    29.0368 0.0000e+00
    160.618    370.479    13.7813    13.7852   4.562922   4.563168     2.3452     1.3084     0.0575     4.7457    99.7335     0.0107     3.4634    150.313    13.7576    13.7615    38.6180    38.6164    29.0388    29.0367 0.0000e+00
    161.286    371.479    13.7816    13.7850   4.563020   4.563237     2.3451     1.2989     0.0497     4.7458    99.7356     0.0106     3.4645    150.359    13.7578    13.7612    38.6184    38.6170    29.0390    29.0372 0.0000e+00
    161.764    372.479    13.7817    13.7849   4.563079   4.563257     2.3447     1.2871     0.0464     4.7462    99.7431     0.0103     3.4646    150.364    13.7578    13.7610    38.6186    38.6170    29.0392    29.0373 0.0000e+00
    162.287    373.479    13.7818    13.7855   4.563143   4.563374     2.3445     1.2777     0.0667     4.7462    99.7431     0.0103     3.4635    150.315    13.7579    13.7616    38.6189    38.6173    29.0394    29.0374 0.0000e+00
    162.927    374.479    13.7821    13.7853   4.563236   4.563430     2.3440     1.2735     0.0660     4.7465    99.7495     0.0100     3.4616    150.233    13.7581    13.7613    38.6192    38.6177    29.0396    29.0378 0.0000e+00
    163.175    375.479    13.7822    13.7850   4.563256   4.563404     2.3431     1.2978     0.0604     4.7464    99.7485     0.0101     3.4620    150.251    13.7582    13.7609    38.6191    38.6177    29.0395    29.0379 0.0000e+00
    163.532    376.479    13.7823    13.7857   4.563289   4.563508     2.3437     1.2970     0.0623     4.7461    99.7420     0.0103     3.4657    150.409    13.7582    13.7616    38.6192    38.6178    29.0396    29.0378 0.0000e+00
    164.386    377.479    13.7825    13.7862   4.563363   4.563610     2.3442     1.2905     0.0610     4.7460    99.7388     0.0104     3.4645    150.358    13.7583    13.7619    38.6193    38.6179    29.0396    29.0378 0.0000e+00
    164.894    378.479    13.7829    13.7857   4.563438   4.563592     2.3432     1.2927     0.0735     4.7465    99.7495     0.0100     3.4600    150.161    13.7586    13.7614    38.6194    38.6180    29.0396    29.0380 0.0000e+00
    164.967    379.479    13.7825    13.7854   4.563387   4.563555     2.3423     1.2911     0.0562     4.7457    99.7334     0.0107     3.4604    150.181    13.7581    13.7610    38.6193    38.6180    29.0397    29.0380 0.0000e+00
    165.520    380.479    13.7824    13.7863   4.563442   4.563693     2.3426     1.3057     0.0483     4.7455    99.7291     0.0109     3.4648    150.369    13.7580    13.7619    38.6196    38.6181    29.0400    29.0379 0.0000e+00
    166.369    381.479    13.7820    13.7856   4.563429   4.563659     2.3438     1.2854     0.0554     4.7463    99.7463     0.0101     3.4674    150.486    13.7575    13.7610    38.6195    38.6181    29.0400    29.0382 0.0000e+00
    166.798    382.479    13.7823    13.7850   4.563486   4.563624     2.3438     1.2760     0.0525     4.7466    99.7528     0.0099     3.4638    150.326    13.7577    13.7604    38.6196    38.6182    29.0400    29.0384 0.0000e+00
    166.970    383.479    13.7816    13.7849   4.563383   4.563609     2.3427     1.2845     0.0606     4.7458    99.7345     0.0106     3.4611    150.211    13.7570    13.7602    38.6192    38.6181    29.0399    29.0383 0.0000e+00
    167.588    384.479    13.7796    13.7845   4.563188   4.563581     2.3428     1.2810     0.0659     4.7462    99.7442     0.0102     3.4622    150.260    13.7548    13.7598    38.6191    38.6179    29.0403    29.0383 0.0000e+00
    168.281    385.479    13.7788    13.7822   4.563207   4.563431     2.3416     1.2907     0.0725     4.7464    99.7485     0.0101     3.4577    150.065    13.7540    13.7574    38.6198    38.6184    29.0410    29.0392 0.0000e+00
    168.611    386.479    13.7794    13.7825   4.563337   4.563510     2.3407     1.2969     0.0630     4.7468    99.7549     0.0098     3.4591    150.124    13.7545    13.7576    38.6202    38.6188    29.0412    29.0394 0.0000e+00
    169.137    387.479    13.7804    13.7835   4.563590   4.563680     2.3405     1.3046     0.0517     4.7462    99.7442     0.0102     3.4581    150.081    13.7555    13.7585    38.6214    38.6192    29.0419    29.0395 0.0000e+00
    169.786    388.479    13.7847    13.7871   4.564306   4.564418     2.3399     1.2934     0.0479     4.7468    99.7560     0.0098     3.4556    149.973    13.7596    13.7621    38.6236    38.6222    29.0427    29.0411 0.0000e+00
    170.141    389.479    13.7864    13.7885   4.564575   4.564625     2.3387     1.2800     0.0624     4.7469    99.7581     0.0097     3.4515    149.794    13.7612    13.7634    38.6244    38.6227    29.0429    29.0412 0.0000e+00
    170.558    390.479    13.7872    13.7901   4.564758   4.564845     2.3373     1.2755     0.0528     4.7460    99.7399     0.0104     3.4492    149.695    13.7620    13.7649    38.6250    38.6229    29.0433    29.0410 0.0000e+00
    171.276    391.479    13.7875    13.7909   4.564879   4.565056     2.3362     1.2928     0.0480     4.7462    99.7431     0.0103     3.4461    149.561    13.7622    13.7656    38.6255    38.6238    29.0436    29.0416 0.0000e+00
    171.815    392.479    13.7874    13.7905   4.564889   4.565060     2.3344     1.2813     0.0526     4.7461    99.7420     0.0103     3.4433    149.437    13.7620    13.7651    38.6255    38.6240    29.0437    29.0418 0.0000e+00
    172.020    393.479    13.7874    13.7901   4.564890   4.565042     2.3337     1.2755     0.0538     4.7461    99.7410     0.0104     3.4455    149.534    13.7620    13.7647    38.6254    38.6241    29.0436    29.0420 0.0000e+00
    172.558    394.479    13.7871    13.7912   4.564914   4.565178     2.3340     1.2811     0.0506     4.7467    99.7538     0.0099     3.4479    149.635    13.7616    13.7657    38.6257    38.6241    29.0439    29.0418 0.0000e+00
    173.322    395.479    13.7871    13.7905   4.564972   4.565174     2.3339     1.2827     0.0571     4.7461    99.7420     0.0103     3.4448    149.505    13.7615    13.7649    38.6259    38.6244    29.0441    29.0422 0.0000e+00
    173.665    396.479    13.7874    13.7902   4.565020   4.565182     2.3329     1.2788     0.0553     4.7462    99.7442     0.0102     3.4442    149.479    13.7618    13.7646    38.6259    38.6246    29.0440    29.0424 0.0000e+00
    173.953    397.479    13.7872    13.7904   4.565015   4.565221     2.3336     1.2866     0.0589     4.7462    99.7442     0.0102     3.4473    149.613    13.7615    13.7647    38.6260    38.6247    29.0441    29.0424 0.0000e+00
    174.561    398.479    13.7860    13.7902   4.564937   4.565227     2.3330     1.2844     0.0551     4.7462    99.7442     0.0102     3.4438    149.457    13.7602    13.7644    38.6261    38.6247    29.0445    29.0425 0.0000e+00
    175.128    399.479    13.7847    13.7883   4.564838   4.565084     2.3325     1.2886     0.0477     4.7465    99.7495     0.0100     3.4448    149.502    13.7589    13.7624    38.6262    38.6250    29.0449    29.0432 0.0000e+00
    175.587    400.479    13.7842    13.7876   4.564814   4.565044     2.3327     1.2841     0.0486     4.7467    99.7538     0.0099     3.4457    149.541    13.7583    13.7617    38.6263    38.6251    29.0450    29.0434 0.0000e+00
    176.086    401.479    13.7832    13.7871   4.564736   4.565000     2.3322     1.2752     0.0511     4.7466    99.7528     0.0099     3.4433    149.437    13.7572    13.7611    38.6263    38.6250    29.0453    29.0435 0.0000e+00
    176.647    402.479    13.7826    13.7858   4.564721   4.564922     2.3317     1.2763     0.0506     4.7466    99.7517     0.0099     3.4418    149.372    13.7565    13.7597    38.6266    38.6253    29.0457    29.0440 0.0000e+00
    177.126    403.479    13.7825    13.7852   4.564759   4.564918     2.3308     1.2794     0.0439     4.7456    99.7313     0.0108     3.4409    149.332    13.7564    13.7590    38.6268    38.6256    29.0459    29.0444 0.0000e+00
    177.477    404.479    13.7814    13.7846   4.564673   4.564884     2.3307     1.2787     0.0466     4.7471    99.7624     0.0095     3.4429    149.419    13.7552    13.7584    38.6270    38.6258    29.0463    29.0447 0.0000e+00
    178.054    405.479    13.7762    13.7808   4.564095   4.564485     2.3308     1.2706     0.0574     4.7473    99.7656     0.0094     3.4420    149.383    13.7499    13.7545    38.6264    38.6255    29.0470    29.0453 0.0000e+00
    178.781    406.479    13.7740    13.7777   4.563935   4.564229     2.3297     1.2739     0.0508     4.7473    99.7656     0.0094     3.4374    149.180    13.7476    13.7513    38.6268    38.6259    29.0478    29.0462 0.0000e+00
    179.160    407.479    13.7739    13.7768   4.563961   4.564155     2.3285     1.2869     0.0512     4.7472    99.7645     0.0094     3.4380    149.209    13.7475    13.7504    38.6269    38.6259    29.0479    29.0465 0.0000e+00
    179.453    408.479    13.7739    13.7770   4.563988   4.564197     2.3287     1.2789     0.0607     4.7474    99.7688     0.0093     3.4400    149.295    13.7474    13.7505    38.6271    38.6260    29.0481    29.0465 0.0000e+00
    180.120    409.479    13.7745    13.7783   4.564102   4.564381     2.3287     1.2795     0.0550     4.7475    99.7710     0.0092     3.4401    149.296    13.7479    13.7517    38.6273    38.6261    29.0481    29.0463 0.0000e+00
    180.813    410.479    13.7749    13.7779   4.564194   4.564398     2.3288     1.2909     0.0518     4.7474    99.7677     0.0093     3.4409    149.333    13.7482    13.7512    38.6275    38.6263    29.0482    29.0466 0.0000e+00
    181.235    411.479    13.7750    13.7776   4.564244   4.564402     2.3287     1.2841     0.0555     4.7474    99.7688     0.0093     3.4398    149.285    13.7482    13.7508    38.6277    38.6265    29.0483    29.0468 0.0000e+00
    181.558    412.479    13.7742    13.7780   4.564215   4.564453     2.3285     1.2802     0.0636     4.7473    99.7656     0.0094     3.4396    149.277    13.7474    13.7512    38.6281    38.6265    29.0488    29.0467 0.0000e+00
