Boussole/Data/SBEMOOSE/Work/cnv/Bous222_01.cnv
* Sea-Bird SBE 9 Data File:
* FileName = C:\boussole\202009\Bous222_01.hdr
* Software Version Seasave V 7.23.2
* Temperature SN = 5545
* Conductivity SN = 4097
* Number of Bytes Per Scan = 37
* Number of Voltage Words = 4
* Number of Scans Averaged by the Deck Unit = 1
* NMEA Latitude = 43 21.89 N
* NMEA Longitude = 007 53.94 E
* NMEA UTC (Time) = Sep 12 2020  10:41:40
* NMEA baud rate = 4800
** Navire
** Station:
** Date
** Heure debut [TU]
** Heure fin [TU]
** Heure locale / TU = +0
** Latitude
** Longitude
** Heure meteo [TU]
** T air sec [deg C]
** T mer [deg C]
** Vent [noeuds, degres]
# nquan = 21
# nvalues = 268                         
# units = specified
# name 0 = prDM: Pressure, Digiquartz [db]
# name 1 = timeS: Time, Elapsed [seconds]
# name 2 = t090C: Temperature [ITS-90, deg C]
# name 3 = t190C: Temperature, 2 [ITS-90, deg C]
# name 4 = c0S/m: Conductivity [S/m]
# name 5 = c1S/m: Conductivity, 2 [S/m]
# name 6 = sbeox0V: Oxygen raw, SBE 43 [V]
# name 7 = v2: Voltage 2
# name 8 = flC: Fluorescence, Chelsea Aqua 3 Chl Con [ug/l]
# name 9 = v3: Voltage 3
# name 10 = CStarTr0: Beam Transmission, WET Labs C-Star [%]
# name 11 = CStarAt0: Beam Attenuation, WET Labs C-Star [1/m]
# name 12 = sbeox0ML/L: Oxygen, SBE 43 [ml/l], WS = 2
# name 13 = sbox0Mm/Kg: Oxygen, SBE 43 [umol/kg], WS = 2
# name 14 = potemp090C: Potential Temperature [ITS-90, deg C]
# name 15 = potemp190C: Potential Temperature, 2 [ITS-90, deg C]
# name 16 = sal00: Salinity, Practical [PSU]
# name 17 = sal11: Salinity, Practical, 2 [PSU]
# name 18 = sigma-é00: Density [sigma-theta, kg/m^3]
# name 19 = sigma-é11: Density, 2 [sigma-theta, kg/m^3]
# name 20 = flag: flag
# span 0 =      2.143,    104.465       
# span 1 =      0.479,    267.125       
# span 2 =    13.6170,    22.8676       
# span 3 =    13.6214,    22.8648       
# span 4 =   4.523616,   5.520385       
# span 5 =   4.523546,   5.520365       
# span 6 =     2.4254,     3.7290       
# span 7 =     1.1875,     1.7845       
# span 8 =    -0.0170,     0.8416       
# span 9 =     4.4160,     4.7384       
# span 10 =    92.7826,    99.5790      
# span 11 =     0.0169,     0.2997      
# span 12 =     3.6059,     5.9549      
# span 13 =    156.500,    258.577      
# span 14 =    13.6078,    22.8671      
# span 15 =    13.6123,    22.8644      
# span 16 =    38.3878,    38.6744      
# span 17 =    38.3396,    38.5361      
# span 18 =    26.5446,    28.9930      
# span 19 =    26.5470,    28.9919      
# span 20 = 0.0000e+00, 0.0000e+00      
# interval = seconds: 1                 
# start_time = Sep 12 2020 10:41:40 [NMEA time, header]
# bad_flag = -9.990e-29
*END*
      2.255      0.479    22.8676    22.8608   5.520385   5.519851     3.1514     1.3144     0.0165     4.6591    97.9083     0.0846     4.2370    184.329    22.8671    22.8603    38.3880    38.3898    26.5446    26.5480 0.0000e+00
      2.383      1.479    22.8633    22.8637   5.520096   5.520214     3.1467     1.3119     0.0519     4.6594    97.9148     0.0843     4.2216    183.663    22.8628    22.8632    38.3895    38.3900    26.5470    26.5473 0.0000e+00
      2.576      2.479    22.8606    22.8596   5.519747   5.519876     3.1423     1.2344    -0.0170     4.6593    97.9126     0.0844     4.2171    183.464    22.8601    22.8591    38.3890    38.3909    26.5474    26.5492 0.0000e+00
      2.459      3.479    22.8593    22.8610   5.519616   5.520002     3.1415     1.2802     0.0523     4.6595    97.9158     0.0843     4.2262    183.860    22.8588    22.8605    38.3892    38.3908    26.5479    26.5486 0.0000e+00
      2.286      4.479    22.8622    22.8623   5.519922   5.520149     3.1482     1.1875     0.0761     4.6595    97.9169     0.0842     4.2366    184.315    22.8617    22.8618    38.3891    38.3908    26.5470    26.5483 0.0000e+00
      2.308      5.479    22.8642    22.8644   5.520175   5.520365     3.1460     1.2788     0.0583     4.6603    97.9330     0.0835     4.2244    183.783    22.8637    22.8639    38.3894    38.3906    26.5466    26.5475 0.0000e+00
      2.588      6.479    22.8491    22.8574   5.518834   5.519608     3.1462     1.3085     0.0938     4.6601    97.9287     0.0837     4.2333    184.169    22.8486    22.8569    38.3920    38.3908    26.5531    26.5497 0.0000e+00
      2.520      7.479    22.8529    22.8561   5.518723   5.519485     3.1494     1.2876     0.1327     4.6604    97.9341     0.0835     4.2385    184.396    22.8524    22.8556    38.3878    38.3910    26.5487    26.5502 0.0000e+00
      2.143      8.479    22.8622    22.8620   5.519754   5.520105     3.1504     1.3270     0.1334     4.6602    97.9298     0.0837     4.2358    184.280    22.8618    22.8616    38.3878    38.3908    26.5460    26.5483 0.0000e+00
      2.281      9.479    22.8643    22.8620   5.520185   5.520151     3.1500     1.3682     0.0689     4.6593    97.9115     0.0844     4.2345    184.221    22.8638    22.8615    38.3894    38.3911    26.5466    26.5486 0.0000e+00
      2.725     10.479    22.8575    22.8577   5.519545   5.519649     3.1499     1.3689     0.1056     4.6596    97.9180     0.0842     4.2320    184.112    22.8569    22.8571    38.3901    38.3908    26.5492    26.5496 0.0000e+00
      2.471     11.479    22.8569    22.8613   5.519385   5.520152     3.1457     1.2998     0.0684     4.6599    97.9244     0.0839     4.2236    183.746    22.8564    22.8608    38.3895    38.3916    26.5488    26.5492 0.0000e+00
      2.176     12.479    22.8566    22.8648   5.519479   5.520344     3.1469     1.3404     0.0269     4.6600    97.9255     0.0838     4.2345    184.221    22.8562    22.8644    38.3906    38.3902    26.5498    26.5470 0.0000e+00
      2.484     13.479    22.8414    22.8520   5.517863   5.518969     3.1488     1.2997     0.0669     4.6546    97.8129     0.0884     4.2397    184.447    22.8408    22.8515    38.3912    38.3906    26.5547    26.5511 0.0000e+00
      2.923     14.479    22.8358    22.8370   5.517119   5.517367     3.1536     1.2488     0.1127     4.6574    97.8719     0.0860     4.2445    184.657    22.8352    22.8364    38.3900    38.3909    26.5555    26.5558 0.0000e+00
      3.180     15.479    22.8298    22.8330   5.516576   5.517008     3.1492     1.2979     0.1174     4.6593    97.9115     0.0844     4.2289    183.975    22.8292    22.8323    38.3910    38.3916    26.5579    26.5574 0.0000e+00
      3.383     16.479    22.8183    22.8222   5.515492   5.515672     3.1460     1.3478     0.0952     4.6592    97.9094     0.0845     4.2262    183.860    22.8176    22.8215    38.3925    38.3905    26.5624    26.5598 0.0000e+00
      3.621     17.479    22.8009    22.8007   5.513576   5.513283     3.1409     1.3528     0.1023     4.6583    97.8901     0.0853     4.2143    183.338    22.8002    22.7999    38.3926    38.3906    26.5677    26.5661 0.0000e+00
      4.186     18.479    22.7851    22.7880   5.511899   5.511955     3.1352     1.3296     0.0990     4.6580    97.8837     0.0855     4.2150    183.371    22.7843    22.7871    38.3931    38.3911    26.5727    26.5702 0.0000e+00
      4.943     19.479    22.7540    22.7597   5.508653   5.508910     3.1408     1.3373     0.0921     4.6572    97.8676     0.0862     4.2427    184.572    22.7530    22.7587    38.3947    38.3917    26.5829    26.5790 0.0000e+00
      5.345     20.479    22.7443    22.7469   5.507122   5.507486     3.1486     1.3337     0.0835     4.6571    97.8654     0.0863     4.2520    184.976    22.7432    22.7458    38.3910    38.3917    26.5830    26.5827 0.0000e+00
      5.684     21.479    22.7378    22.7460   5.506781   5.507402     3.1528     1.3263     0.0890     4.6554    97.8290     0.0878     4.2569    185.188    22.7367    22.7449    38.3939    38.3916    26.5871    26.5830 0.0000e+00
      6.289     22.479    22.7003    22.7200   5.502909   5.504336     3.1556     1.3169     0.0952     4.6553    97.8279     0.0878     4.2613    185.380    22.6991    22.7187    38.3962    38.3901    26.5998    26.5894 0.0000e+00
      6.924     23.479    22.6642    22.6732   5.498774   5.499350     3.1556     1.3229     0.0970     4.6544    97.8075     0.0887     4.2614    185.382    22.6628    22.6718    38.3952    38.3918    26.6096    26.6044 0.0000e+00
      7.320     24.479    22.6509    22.6607   5.496940   5.497985     3.1549     1.3296     0.1051     4.6543    97.8065     0.0887     4.2577    185.218    22.6494    22.6592    38.3924    38.3920    26.6113    26.6081 0.0000e+00
      7.713     25.479    22.6384    22.6458   5.495656   5.496274     3.1504     1.3316     0.0991     4.6531    97.7807     0.0897     4.2491    184.845    22.6368    22.6442    38.3932    38.3914    26.6155    26.6121 0.0000e+00
      8.350     26.479    22.6286    22.6334   5.494545   5.494943     3.1489     1.3402     0.1010     4.6508    97.7314     0.0917     4.2522    184.981    22.6269    22.6317    38.3927    38.3916    26.6181    26.6158 0.0000e+00
      8.897     27.479    22.6235    22.6250   5.493891   5.494065     3.1469     1.3338     0.1027     4.6509    97.7336     0.0917     4.2493    184.854    22.6217    22.6232    38.3919    38.3919    26.6189    26.6186 0.0000e+00
      9.227     28.479    22.6221    22.6238   5.493715   5.493870     3.1475     1.3358     0.1131     4.6507    97.7304     0.0918     4.2533    185.028    22.6201    22.6219    38.3917    38.3913    26.6192    26.6184 0.0000e+00
      9.672     29.479    22.6152    22.6175   5.493043   5.493221     3.1477     1.3377     0.1051     4.6502    97.7185     0.0923     4.2537    185.044    22.6132    22.6155    38.3922    38.3916    26.6217    26.6205 0.0000e+00
     10.251     30.479    22.6119    22.6136   5.492653   5.492782     3.1476     1.3485     0.0945     4.6504    97.7239     0.0921     4.2526    184.995    22.6098    22.6115    38.3919    38.3914    26.6224    26.6215 0.0000e+00
     10.818     31.479    22.6090    22.6111   5.492333   5.492507     3.1466     1.3402     0.0996     4.6498    97.7110     0.0926     4.2561    185.150    22.6068    22.6089    38.3917    38.3912    26.6231    26.6222 0.0000e+00
     11.278     32.479    22.6056    22.6076   5.491979   5.492137     3.1517     1.3288     0.1044     4.6496    97.7067     0.0928     4.2646    185.517    22.6033    22.6053    38.3917    38.3912    26.6241    26.6232 0.0000e+00
     11.662     33.479    22.6038    22.6060   5.491750   5.491947     3.1463     1.3344     0.1053     4.6491    97.6971     0.0932     4.2376    184.342    22.6014    22.6037    38.3913    38.3909    26.6244    26.6234 0.0000e+00
     12.134     34.479    22.6022    22.6048   5.491570   5.491812     3.1385     1.3395     0.1060     4.5909    96.4703     0.1437     4.2370    184.316    22.5997    22.6023    38.3912    38.3908    26.6248    26.6237 0.0000e+00
     12.720     35.479    22.5978    22.5997   5.491182   5.491275     3.1403     1.3403     0.1072     4.5904    96.4596     0.1442     4.2449    184.660    22.5952    22.5971    38.3917    38.3908    26.6265    26.6253 0.0000e+00
     13.237     36.479    22.5946    22.5965   5.490812   5.490947     3.1395     1.3411     0.1117     4.5905    96.4618     0.1441     4.2422    184.542    22.5919    22.5937    38.3915    38.3909    26.6273    26.6263 0.0000e+00
     13.668     37.479    22.5924    22.5949   5.490571   5.490793     3.1409     1.3423     0.1109     4.5900    96.4521     0.1445     4.2501    184.886    22.5896    22.5921    38.3914    38.3909    26.6278    26.6268 0.0000e+00
     14.143     38.479    22.5925    22.5946   5.490563   5.490767     3.1435     1.3471     0.1145     4.5903    96.4575     0.1443     4.2541    185.059    22.5896    22.5917    38.3910    38.3908    26.6276    26.6268 0.0000e+00
     14.603     39.479    22.5904    22.5923   5.490409   5.490516     3.1456     1.3463     0.1093     4.5898    96.4468     0.1447     4.2612    185.367    22.5875    22.5893    38.3915    38.3907    26.6286    26.6275 0.0000e+00
     15.109     40.479    22.5862    22.5890   5.489984   5.490174     3.1509     1.3499     0.0976     4.5895    96.4403     0.1450     4.2674    185.639    22.5831    22.5859    38.3917    38.3907    26.6300    26.6284 0.0000e+00
     15.678     41.479    22.5826    22.5838   5.489622   5.489649     3.1490     1.3446     0.1084     4.5901    96.4543     0.1444     4.2558    185.133    22.5794    22.5806    38.3918    38.3909    26.6311    26.6301 0.0000e+00
     16.081     42.479    22.5807    22.5815   5.489381   5.489391     3.1449     1.3322     0.1087     4.5897    96.4446     0.1448     4.2466    184.732    22.5774    22.5782    38.3914    38.3908    26.6314    26.6307 0.0000e+00
     16.574     43.479    22.5765    22.5794   5.488947   5.489153     3.1400     1.3436     0.1114     4.5901    96.4532     0.1445     4.2447    184.649    22.5731    22.5760    38.3915    38.3905    26.6328    26.6312 0.0000e+00
     17.124     44.479    22.5741    22.5762   5.488671   5.488838     3.1425     1.3440     0.1084     4.5906    96.4628     0.1440     4.2551    185.103    22.5706    22.5727    38.3913    38.3907    26.6333    26.6322 0.0000e+00
     17.599     45.479    22.5729    22.5751   5.488552   5.488723     3.1429     1.3467     0.1164     4.5903    96.4564     0.1443     4.2525    184.991    22.5693    22.5715    38.3912    38.3906    26.6336    26.6325 0.0000e+00
     18.080     46.479    22.5704    22.5735   5.488306   5.488554     3.1427     1.3436     0.1242     4.5915    96.4832     0.1432     4.2550    185.099    22.5667    22.5698    38.3913    38.3905    26.6344    26.6329 0.0000e+00
     18.573     47.479    22.5672    22.5704   5.487983   5.488204     3.1463     1.3518     0.1322     4.5921    96.4950     0.1427     4.2630    185.446    22.5634    22.5666    38.3914    38.3903    26.6354    26.6338 0.0000e+00
     19.062     48.479    22.5623    22.5655   5.487471   5.487701     3.1448     1.3597     0.1316     4.6077    96.8253     0.1291     4.2560    185.141    22.5584    22.5616    38.3915    38.3905    26.6370    26.6353 0.0000e+00
     19.551     49.479    22.5558    22.5608   5.486972   5.487169     3.1473     1.3677     0.1254     4.5967    96.5915     0.1387     4.2741    185.927    22.5518    22.5568    38.3931    38.3902    26.6401    26.6365 0.0000e+00
     20.074     50.479    22.4865    22.5107   5.480351   5.481369     3.1570     1.3672     0.1201     4.5857    96.3610     0.1483     4.3014    187.109    22.4824    22.5066    38.4017    38.3884    26.6667    26.6496 0.0000e+00
     20.585     51.479    22.4335    22.4462   5.473741   5.474390     3.1672     1.3610     0.1211     4.5887    96.4232     0.1457     4.3224    188.022    22.4293    22.4420    38.3961    38.3900    26.6778    26.6695 0.0000e+00
     21.051     52.479    22.3152    22.3908   5.463605   5.467939     3.1735     1.3557     0.1259     4.5945    96.5465     0.1406     4.3606    189.676    22.3109    22.3865    38.4203    38.3877    26.7302    26.6838 0.0000e+00
     21.511     53.479    21.4856    21.7823   5.393191   5.394297     3.2175     1.3566     0.1323     4.5946    96.5476     0.1405     4.6223    200.985    21.4814    21.7780    38.5982    38.3396    27.1005    26.8199 0.0000e+00
     22.024     54.479    19.3251    20.0410   5.162951   5.202661     3.3397     1.3615     0.1452     4.5783    96.2044     0.1548     5.1595    224.203    19.3211    20.0369    38.6744    38.3451    27.7471    27.3033 0.0000e+00
     22.579     55.479    17.9236    18.1994   4.997815   5.008713     3.4812     1.3678     0.1601     4.5547    95.7069     0.1755     5.5566    241.391    17.9197    18.1954    38.5771    38.4112    28.0348    27.8378 0.0000e+00
     23.091     56.479    17.4612    17.6851   4.942065   4.953026     3.5845     1.3803     0.1723     4.5207    94.9895     0.2056     5.7159    248.290    17.4572    17.6811    38.5299    38.4128    28.1141    27.9683 0.0000e+00
     23.547     57.479    16.8983    17.0072   4.879248   4.880949     3.6510     1.3944     0.2045     4.4894    94.3311     0.2334     5.8360    253.479    16.8943    17.0032    38.5141    38.4247    28.2400    28.1447 0.0000e+00
     24.048     58.479    16.5676    16.7689   4.839970   4.854975     3.6898     1.4056     0.2631     4.4555    93.6169     0.2638     5.8986    256.183    16.5636    16.7649    38.4824    38.4224    28.2955    28.2009 0.0000e+00
     24.589     59.479    16.4424    16.5438   4.823980   4.829876     3.7178     1.4335     0.2920     4.4451    93.3971     0.2732     5.9453    258.208    16.4383    16.5397    38.4599    38.4148    28.3082    28.2492 0.0000e+00
     24.950     60.479    16.3258    16.3883   4.810386   4.812963     3.7290     1.4807     0.3194     4.4333    93.1483     0.2839     5.9213    257.159    16.3217    16.3843    38.4505    38.4131    28.3287    28.2850 0.0000e+00
     25.457     61.479    16.1436    16.2341   4.791661   4.796573     3.7185     1.5022     0.3311     4.4285    93.0464     0.2883     5.9051    256.444    16.1394    16.2299    38.4582    38.4147    28.3778    28.3229 0.0000e+00
     26.141     62.479    15.9130    15.9621   4.768769   4.767082     3.7128     1.5216     0.3323     4.4398    93.2845     0.2781     5.9283    257.436    15.9088    15.9579    38.4750    38.4119    28.4450    28.3849 0.0000e+00
     26.575     63.479    15.7581    15.8004   4.750063   4.750886     3.7086     1.5297     0.3589     4.4312    93.1043     0.2858     5.9474    258.260    15.7538    15.7961    38.4560    38.4222    28.4665    28.4306 0.0000e+00
     26.911     64.479    15.6690    15.7162   4.740548   4.741284     3.7068     1.5304     0.3765     4.4181    92.8287     0.2976     5.9549    258.577    15.6647    15.7119    38.4562    38.4168    28.4874    28.4460 0.0000e+00
     27.366     65.479    15.6257    15.6461   4.734590   4.733799     3.7026     1.5481     0.3904     4.4162    92.7880     0.2994     5.9319    257.579    15.6213    15.6417    38.4440    38.4168    28.4880    28.4623 0.0000e+00
     27.945     66.479    15.5755    15.5719   4.730211   4.725494     3.6861     1.5594     0.3895     4.4188    92.8427     0.2971     5.8714    254.949    15.5710    15.5674    38.4528    38.4132    28.5065    28.4768 0.0000e+00
     28.513     67.479    15.4014    15.4393   4.713263   4.711424     3.6580     1.5681     0.4014     4.4207    92.8823     0.2953     5.8229    252.832    15.3969    15.4348    38.4680    38.4140    28.5583    28.5079 0.0000e+00
