Boussole/Data/SBEMOOSE/Work/cnv/bous228_02.cnv
* Sea-Bird SBE 9 Data File:
* FileName = C:\boussole\202103\bous228_02.hdr
* Software Version Seasave V 7.23.2
* Temperature SN = 2473
* Conductivity SN = 2929
* Number of Bytes Per Scan = 37
* Number of Voltage Words = 4
* Number of Scans Averaged by the Deck Unit = 1
* NMEA Latitude = 43 22.28 N
* NMEA Longitude = 007 53.58 E
* NMEA UTC (Time) = Mar 03 2021  11:41:04
* NMEA baud rate = 4800
** Navire
** Station:
** Date
** Heure debut [TU]
** Heure fin [TU]
** Heure locale / TU = +0
** Latitude
** Longitude
** Heure meteo [TU]
** T air sec [deg C]
** T mer [deg C]
** Vent [noeuds, degres]
# nquan = 14
# nvalues = 1999                        
# units = specified
# name 0 = prDM: Pressure, Digiquartz [db]
# name 1 = timeS: Time, Elapsed [seconds]
# name 2 = t090C: Temperature [ITS-90, deg C]
# name 3 = c0S/m: Conductivity [S/m]
# name 4 = sbeox0V: Oxygen raw, SBE 43 [V]
# name 5 = flC: Fluorescence, Chelsea Aqua 3 Chl Con [ug/l]
# name 6 = upoly0: Upoly 0, RINKOIII_DO
# name 7 = upoly1: Upoly 1, RINKOIII_Temp
# name 8 = potemp090C: Potential Temperature [ITS-90, deg C]
# name 9 = sal00: Salinity, Practical [PSU]
# name 10 = sigma-é00: Density [sigma-theta, kg/m^3]
# name 11 = sbeox0ML/L: Oxygen, SBE 43 [ml/l], WS = 2
# name 12 = sbox0Mm/Kg: Oxygen, SBE 43 [umol/kg], WS = 2
# name 13 = flag: flag
# span 0 =      0.237,    406.151       
# span 1 =      0.479,   1998.188       
# span 2 =    13.3983,    13.8038       
# span 3 =   0.869973,   4.571743       
# span 4 =     2.1392,     3.0324       
# span 5 =    -0.2893,     2.4742       
# span 6 =  1.5174501,  1.8386243       
# span 7 =  13.384669,  13.767707       
# span 8 =    13.3944,    13.8036       
# span 9 =     6.3617,    38.6555       
# span 10 =     4.2172,    29.0900      
# span 11 =     3.1411,     4.8479      
# span 12 =    136.318,    210.419      
# span 13 = 0.0000e+00, 0.0000e+00      
# interval = seconds: 1                 
# start_time = Mar 03 2021 11:41:04 [NMEA time, header]
# bad_flag = -9.990e-29
*END*
[from data line 1239]
     92.681   1239.479    13.5352   4.522700     2.5634     0.2701  1.6845238  13.513330    13.5217    38.5140    29.0086     3.9280    170.479 0.0000e+00
     91.647   1240.479    13.5252   4.521081     2.5711     0.2748  1.6815731  13.516067    13.5119    38.5090    29.0069     3.9522    171.532 0.0000e+00
     90.688   1241.479    13.5099   4.518853     2.5807     0.2724  1.6794363  13.516751    13.4968    38.5036    29.0059     3.9871    173.046 0.0000e+00
     89.746   1242.479    13.5072   4.518227     2.5984     0.2632  1.6778592  13.516067    13.4942    38.5008    29.0042     4.0527    175.890 0.0000e+00
     88.479   1243.479    13.4892   4.515076     2.6235     0.2618  1.6766891  13.505119    13.4764    38.4894    28.9992     4.1143    178.567 0.0000e+00
     87.270   1244.479    13.4771   4.513317     2.6474     0.2836  1.6743997  13.514014    13.4644    38.4854    28.9986     4.1518    180.192 0.0000e+00
     86.471   1245.479    13.4751   4.512926     2.6648     0.2914  1.6745014  13.513330    13.4625    38.4841    28.9980     4.1767    181.275 0.0000e+00
     85.567   1246.479    13.4738   4.512581     2.6838     0.3320  1.6725173  13.492119    13.4614    38.4825    28.9970     4.2295    183.566 0.0000e+00
     84.675   1247.479    13.4667   4.511221     2.7070     0.3928  1.6639195  13.483908    13.4544    38.4770    28.9943     4.2776    185.655 0.0000e+00
     84.075   1248.479    13.4548   4.509329     2.7271     0.4285  1.6538971  13.481171    13.4426    38.4712    28.9922     4.3123    187.161 0.0000e+00
     83.602   1249.479    13.4472   4.508169     2.7446     0.4340  1.6436202  13.474329    13.4351    38.4679    28.9913     4.3372    188.244 0.0000e+00
     83.099   1250.479    13.4454   4.507889     2.7578     0.4298  1.6359890  13.461327    13.4333    38.4674    28.9912     4.3511    188.846 0.0000e+00
     82.571   1251.479    13.4456   4.507904     2.7669     0.4271  1.6273911  13.455852    13.4337    38.4675    28.9913     4.3610    189.273 0.0000e+00
     82.113   1252.479    13.4453   4.507777     2.7748     0.4177  1.6187932  13.451746    13.4334    38.4668    28.9907     4.3766    189.951 0.0000e+00
     81.748   1253.479    13.4422   4.507253     2.7830     0.4541  1.6136040  13.454484    13.4304    38.4651    28.9901     4.3891    190.495 0.0000e+00
     81.412   1254.479    13.4407   4.506974     2.7880     0.5012  1.6096357  13.453799    13.4289    38.4641    28.9896     4.3930    190.666 0.0000e+00
     81.145   1255.479    13.4397   4.506808     2.7926     0.5581  1.6063797  13.450378    13.4280    38.4636    28.9894     4.4008    191.004 0.0000e+00
     80.846   1256.479    13.4392   4.506722     2.7962     0.5823  1.6039886  13.443534    13.4275    38.4634    28.9894     4.4074    191.290 0.0000e+00
     80.303   1257.479    13.4390   4.506636     2.8003     0.6099  1.6003256  13.436006    13.4274    38.4631    28.9892     4.4117    191.476 0.0000e+00
     79.666   1258.479    13.4385   4.506520     2.8017     0.6169  1.5975275  13.448324    13.4270    38.4628    28.9890     4.4093    191.373 0.0000e+00
     79.400   1259.479    13.4388   4.506585     2.8023     0.6445  1.5966117  13.443534    13.4273    38.4632    28.9892     4.4086    191.342 0.0000e+00
     79.689   1260.479    13.4401   4.506813     2.8029     0.7271  1.5950855  13.433268    13.4286    38.4640    28.9896     4.4109    191.441 0.0000e+00
     79.822   1261.479    13.4393   4.506659     2.8041     0.6815  1.5919312  13.434637    13.4278    38.4632    28.9891     4.4166    191.689 0.0000e+00
     79.606   1262.479    13.4382   4.506479     2.8064     0.6777  1.5907611  13.434637    13.4267    38.4627    28.9890     4.4239    192.005 0.0000e+00
     79.581   1263.479    13.4382   4.506498     2.8089     0.7477  1.5894892  13.433952    13.4267    38.4629    28.9892     4.4270    192.142 0.0000e+00
     79.821   1264.479    13.4383   4.506508     2.8104     0.7995  1.5890822  13.425055    13.4268    38.4628    28.9891     4.4279    192.181 0.0000e+00
     79.704   1265.479    13.4379   4.506438     2.8114     0.7600  1.5868437  13.423686    13.4264    38.4626    28.9890     4.4297    192.255 0.0000e+00
     79.498   1266.479    13.4379   4.506436     2.8123     0.7529  1.5852666  13.433953    13.4264    38.4627    28.9891     4.4287    192.214 0.0000e+00
     79.713   1267.479    13.4379   4.506443     2.8120     0.7691  1.5844017  13.420948    13.4264    38.4626    28.9890     4.4228    191.956 0.0000e+00
     79.856   1268.479    13.4380   4.506460     2.8096     0.7692  1.5830281  13.420948    13.4264    38.4626    28.9890     4.4168    191.697 0.0000e+00
     79.643   1269.479    13.4377   4.506416     2.8087     0.7761  1.5825702  13.430530    13.4262    38.4626    28.9890     4.4193    191.804 0.0000e+00
     79.634   1270.479    13.4377   4.506404     2.8083     0.7746  1.5820615  13.426423    13.4262    38.4624    28.9889     4.4185    191.772 0.0000e+00
     79.744   1271.479    13.4377   4.506407     2.8083     0.7832  1.5818580  13.421632    13.4262    38.4624    28.9889     4.4232    191.976 0.0000e+00
     79.713   1272.479    13.4375   4.506373     2.8101     0.8877  1.5811966  13.424370    13.4260    38.4623    28.9888     4.4286    192.208 0.0000e+00
     79.785   1273.479    13.4375   4.506366     2.8114     0.8486  1.5810440  13.425055    13.4260    38.4623    28.9888     4.4300    192.270 0.0000e+00
     79.873   1274.479    13.4376   4.506387     2.8124     0.8144  1.5809422  13.427792    13.4261    38.4623    28.9889     4.4292    192.237 0.0000e+00
     79.792   1275.479    13.4374   4.506357     2.8118     0.8006  1.5809422  13.427108    13.4259    38.4622    28.9888     4.4259    192.093 0.0000e+00
     79.622   1276.479    13.4374   4.506356     2.8121     0.8214  1.5807387  13.427108    13.4260    38.4623    28.9888     4.4283    192.199 0.0000e+00
     79.579   1277.479    13.4374   4.506333     2.8118     0.7999  1.5807896  13.424370    13.4259    38.4621    28.9888     4.4239    192.005 0.0000e+00
     79.735   1278.479    13.4375   4.506370     2.8105     0.7823  1.5805861  13.426423    13.4260    38.4623    28.9889     4.4208    191.871 0.0000e+00
     79.976   1279.479    13.4376   4.506404     2.8097     0.7714  1.5804843  13.420263    13.4260    38.4624    28.9889     4.4204    191.853 0.0000e+00
     79.935   1280.479    13.4373   4.506352     2.8089     0.7927  1.5803826  13.423686    13.4258    38.4622    28.9888     4.4198    191.827 0.0000e+00
     79.727   1281.479    13.4375   4.506369     2.8090     0.8030  1.5805352  13.434637    13.4260    38.4623    28.9889     4.4229    191.960 0.0000e+00
     79.693   1282.479    13.4374   4.506352     2.8098     0.8101  1.5804335  13.427792    13.4259    38.4622    28.9888     4.4256    192.079 0.0000e+00
     79.751   1283.479    13.4373   4.506342     2.8107     0.8091  1.5803826  13.425055    13.4258    38.4622    28.9888     4.4248    192.045 0.0000e+00
     79.804   1284.479    13.4373   4.506344     2.8097     0.8137  1.5802809  13.429161    13.4258    38.4622    28.9888     4.4203    191.848 0.0000e+00
     79.797   1285.479    13.4374   4.506357     2.8096     0.7888  1.5806370  13.425739    13.4259    38.4622    28.9888     4.4263    192.110 0.0000e+00
     79.785   1286.479    13.4375   4.506349     2.8120     0.7946  1.5805861  13.431899    13.4260    38.4621    28.9887     4.4353    192.499 0.0000e+00
     79.914   1287.479    13.4375   4.506371     2.8139     0.7910  1.5802300  13.424370    13.4260    38.4622    28.9888     4.4338    192.435 0.0000e+00
     79.885   1288.479    13.4374   4.506341     2.8141     0.7841  1.5801791  13.423686    13.4258    38.4621    28.9887     4.4342    192.453 0.0000e+00
     79.615   1289.479    13.4374   4.506320     2.8150     0.7837  1.5802300  13.423686    13.4259    38.4620    28.9887     4.4347    192.475 0.0000e+00
     79.756   1290.479    13.4374   4.506340     2.8148     0.8045  1.5803826  13.420263    13.4259    38.4621    28.9888     4.4323    192.369 0.0000e+00
     80.060   1291.479    13.4376   4.506377     2.8145     0.8097  1.5800265  13.418210    13.4260    38.4622    28.9887     4.4331    192.404 0.0000e+00
     79.859   1292.479    13.4376   4.506355     2.8151     0.8148  1.5801791  13.423001    13.4261    38.4620    28.9886     4.4346    192.469 0.0000e+00
     79.556   1293.479    13.4374   4.506339     2.8147     0.8016  1.5801791  13.421632    13.4259    38.4621    28.9887     4.4322    192.364 0.0000e+00
     79.704   1294.479    13.4376   4.506382     2.8147     0.8455  1.5802300  13.418210    13.4261    38.4624    28.9889     4.4326    192.385 0.0000e+00
     80.070   1295.479    13.4378   4.506437     2.8145     0.8425  1.5798739  13.419579    13.4262    38.4625    28.9890     4.4324    192.374 0.0000e+00
     79.916   1296.479    13.4378   4.506411     2.8142     0.8180  1.5798230  13.420263    13.4262    38.4624    28.9889     4.4311    192.316 0.0000e+00
     79.675   1297.479    13.4374   4.506343     2.8139     0.8136  1.5799247  13.423001    13.4259    38.4622    28.9888     4.4317    192.344 0.0000e+00
     79.785   1298.479    13.4376   4.506386     2.8146     0.8020  1.5801282  13.418894    13.4261    38.4623    28.9889     4.4347    192.474 0.0000e+00
     79.891   1299.479    13.4377   4.506412     2.8147     0.8128  1.5801282  13.419579    13.4262    38.4624    28.9889     4.4316    192.340 0.0000e+00
     79.737   1300.479    13.4375   4.506370     2.8143     0.8127  1.5799247  13.420263    13.4260    38.4623    28.9889     4.4349    192.483 0.0000e+00
     79.691   1301.479    13.4373   4.506330     2.8159     0.7947  1.5801282  13.420263    13.4258    38.4621    28.9888     4.4380    192.618 0.0000e+00
     80.055   1302.479    13.4375   4.506399     2.8158     0.8130  1.5799756  13.418210    13.4260    38.4624    28.9889     4.4350    192.486 0.0000e+00
     80.066   1303.479    13.4377   4.506413     2.8159     0.8047  1.5803317  13.420263    13.4261    38.4623    28.9889     4.4343    192.459 0.0000e+00
     79.574   1304.479    13.4374   4.506333     2.8147     0.7845  1.5801791  13.420263    13.4259    38.4621    28.9887     4.4298    192.262 0.0000e+00
     79.615   1305.479    13.4373   4.506316     2.8141     0.7779  1.5800265  13.418210    13.4258    38.4620    28.9886     4.4313    192.325 0.0000e+00
     80.058   1306.479    13.4375   4.506391     2.8144     0.7876  1.5798739  13.418210    13.4259    38.4623    28.9889     4.4342    192.454 0.0000e+00
     79.875   1307.479    13.4376   4.506359     2.8148     0.7893  1.5803317  13.419579    13.4260    38.4620    28.9886     4.4331    192.403 0.0000e+00
     79.622   1308.479    13.4371   4.506282     2.8142     0.7942  1.5799247  13.418894    13.4256    38.4619    28.9886     4.4298    192.262 0.0000e+00
     79.872   1309.479    13.4373   4.506342     2.8139     0.7933  1.5799756  13.418210    13.4258    38.4622    28.9888     4.4339    192.440 0.0000e+00
     79.986   1310.479    13.4374   4.506350     2.8154     0.7965  1.5800265  13.418894    13.4258    38.4621    28.9887     4.4368    192.566 0.0000e+00
     79.786   1311.479    13.4371   4.506294     2.8152     0.8101  1.5801791  13.420263    13.4256    38.4620    28.9887     4.4304    192.290 0.0000e+00
     79.778   1312.479    13.4370   4.506292     2.8134     0.8351  1.5801282  13.418894    13.4255    38.4620    28.9887     4.4302    192.279 0.0000e+00
     79.931   1313.479    13.4372   4.506318     2.8152     0.8183  1.5799756  13.420263    13.4256    38.4620    28.9887     4.4400    192.703 0.0000e+00
     79.815   1314.479    13.4370   4.506287     2.8162     0.8036  1.5804335  13.418210    13.4255    38.4620    28.9887     4.4360    192.529 0.0000e+00
     79.782   1315.479    13.4369   4.506250     2.8154     0.8451  1.5801282  13.419579    13.4254    38.4618    28.9886     4.4318    192.350 0.0000e+00
     79.952   1316.479    13.4371   4.506320     2.8149     0.8210  1.5798230  13.418210    13.4255    38.4621    28.9888     4.4336    192.425 0.0000e+00
     79.905   1317.479    13.4375   4.506375     2.8152     0.8006  1.5799756  13.421632    13.4259    38.4623    28.9889     4.4344    192.463 0.0000e+00
     79.757   1318.479    13.4374   4.506371     2.8148     0.7866  1.5800774  13.420263    13.4259    38.4624    28.9889     4.4304    192.288 0.0000e+00
     79.848   1319.479    13.4376   4.506382     2.8138     0.8023  1.5800265  13.418210    13.4260    38.4623    28.9889     4.4298    192.261 0.0000e+00
     79.843   1320.479    13.4376   4.506389     2.8138     0.7923  1.5799247  13.421632    13.4260    38.4624    28.9889     4.4314    192.332 0.0000e+00
     79.775   1321.479    13.4374   4.506348     2.8142     0.7784  1.5799756  13.422317    13.4259    38.4622    28.9888     4.4326    192.383 0.0000e+00
     79.870   1322.479    13.4373   4.506350     2.8136     0.7997  1.5796704  13.420948    13.4258    38.4622    28.9889     4.4293    192.239 0.0000e+00
     79.931   1323.479    13.4373   4.506353     2.8135     0.8390  1.5800774  13.421632    13.4257    38.4622    28.9888     4.4306    192.296 0.0000e+00
     79.913   1324.479    13.4372   4.506338     2.8138     0.8357  1.5798739  13.422317    13.4256    38.4622    28.9889     4.4360    192.531 0.0000e+00
     79.885   1325.479    13.4372   4.506318     2.8164     0.8072  1.5798230  13.422317    13.4256    38.4621    28.9888     4.4428    192.825 0.0000e+00
     79.812   1326.479    13.4370   4.506282     2.8166     0.7929  1.5800774  13.420948    13.4255    38.4619    28.9887     4.4335    192.420 0.0000e+00
     79.785   1327.479    13.4371   4.506299     2.8152     0.7844  1.5802300  13.420263    13.4256    38.4620    28.9887     4.4332    192.411 0.0000e+00
     79.781   1328.479    13.4371   4.506304     2.8158     0.7759  1.5799756  13.422317    13.4256    38.4620    28.9888     4.4372    192.581 0.0000e+00
     79.853   1329.479    13.4369   4.506259     2.8159     0.7924  1.5800265  13.418894    13.4253    38.4618    28.9886     4.4347    192.473 0.0000e+00
     80.034   1330.479    13.4370   4.506296     2.8156     0.7918  1.5799756  13.421632    13.4254    38.4619    28.9887     4.4358    192.520 0.0000e+00
     79.946   1331.479    13.4371   4.506307     2.8161     0.7776  1.5799247  13.423001    13.4255    38.4620    28.9887     4.4362    192.539 0.0000e+00
     79.682   1332.479    13.4370   4.506285     2.8152     0.7823  1.5800265  13.423001    13.4255    38.4621    28.9888     4.4272    192.148 0.0000e+00
     79.694   1333.479    13.4373   4.506336     2.8120     0.7901  1.5796195  13.420948    13.4258    38.4623    28.9889     4.4178    191.742 0.0000e+00
     79.930   1334.479    13.4381   4.506500     2.8096     0.8059  1.5799756  13.419579    13.4265    38.4629    28.9892     4.4197    191.821 0.0000e+00
     79.923   1335.479    13.4383   4.506522     2.8101     0.7963  1.5802300  13.418894    13.4267    38.4629    28.9892     4.4258    192.090 0.0000e+00
     79.811   1336.479    13.4379   4.506432     2.8111     0.7797  1.5799756  13.421632    13.4264    38.4625    28.9889     4.4302    192.279 0.0000e+00
     79.963   1337.479    13.4373   4.506339     2.8129     0.7909  1.5797212  13.419579    13.4257    38.4621    28.9888     4.4348    192.479 0.0000e+00
     80.005   1338.479    13.4380   4.506489     2.8140     0.7873  1.5802808  13.418894    13.4264    38.4628    28.9891     4.4339    192.439 0.0000e+00
     79.714   1339.479    13.4379   4.506423     2.8146     0.7749  1.5800774  13.418210    13.4264    38.4624    28.9889     4.4339    192.441 0.0000e+00
     79.608   1340.479    13.4380   4.506446     2.8148     0.7820  1.5803826  13.420948    13.4265    38.4626    28.9890     4.4332    192.410 0.0000e+00
