Boussole/Data/SBEMOOSE/Work/cnv/bous222_03.cnv
* Sea-Bird SBE 9 Data File:
* FileName = C:\boussole\202009\Bous222_03.hdr
* Software Version Seasave V 7.23.2
* Temperature SN = 5545
* Conductivity SN = 4097
* Number of Bytes Per Scan = 37
* Number of Voltage Words = 4
* Number of Scans Averaged by the Deck Unit = 1
* NMEA Latitude = 43 21.96 N
* NMEA Longitude = 007 53.62 E
* NMEA UTC (Time) = Sep 12 2020  13:16:43
* NMEA baud rate = 4800
** Navire
** Station:
** Date
** Heure debut [TU]
** Heure fin [TU]
** Heure locale / TU = +0
** Latitude
** Longitude
** Heure meteo [TU]
** T air sec [deg C]
** T mer [deg C]
** Vent [noeuds, degres]
# nquan = 21
# nvalues = 917                         
# units = specified
# name 0 = prDM: Pressure, Digiquartz [db]
# name 1 = timeS: Time, Elapsed [seconds]
# name 2 = t090C: Temperature [ITS-90, deg C]
# name 3 = t190C: Temperature, 2 [ITS-90, deg C]
# name 4 = c0S/m: Conductivity [S/m]
# name 5 = c1S/m: Conductivity, 2 [S/m]
# name 6 = sbeox0V: Oxygen raw, SBE 43 [V]
# name 7 = v2: Voltage 2
# name 8 = flC: Fluorescence, Chelsea Aqua 3 Chl Con [ug/l]
# name 9 = v3: Voltage 3
# name 10 = CStarTr0: Beam Transmission, WET Labs C-Star [%]
# name 11 = CStarAt0: Beam Attenuation, WET Labs C-Star [1/m]
# name 12 = sbeox0ML/L: Oxygen, SBE 43 [ml/l], WS = 2
# name 13 = sbox0Mm/Kg: Oxygen, SBE 43 [umol/kg], WS = 2
# name 14 = potemp090C: Potential Temperature [ITS-90, deg C]
# name 15 = potemp190C: Potential Temperature, 2 [ITS-90, deg C]
# name 16 = sal00: Salinity, Practical [PSU]
# name 17 = sal11: Salinity, Practical, 2 [PSU]
# name 18 = sigma-é00: Density [sigma-theta, kg/m^3]
# name 19 = sigma-é11: Density, 2 [sigma-theta, kg/m^3]
# name 20 = flag: flag
# span 0 =      2.450,    405.536       
# span 1 =      0.479,    916.167       
# span 2 =    13.5634,    23.2280       
# span 3 =    13.5657,    23.1718       
# span 4 =   4.525255,   5.561754       
# span 5 =   4.525787,   5.553977       
# span 6 =     2.2369,     3.7904       
# span 7 =     1.2522,     1.7840       
# span 8 =     0.0294,     0.8402       
# span 9 =     4.4046,     4.7536       
# span 10 =    92.5435,    99.8986      
# span 11 =     0.0040,     0.3100      
# span 12 =     3.3398,     6.0451      
# span 13 =    144.942,    262.522      
# span 14 =    13.5038,    23.2275      
# span 15 =    13.5061,    23.1713      
# span 16 =    38.2036,    38.6618      
# span 17 =    38.3245,    38.6606      
# span 18 =    26.4448,    29.0911      
# span 19 =    26.4526,    29.0900      
# span 20 = 0.0000e+00, 0.0000e+00      
# interval = seconds: 1                 
# start_time = Sep 12 2020 13:16:43 [NMEA time, header]
# bad_flag = -9.990e-29
*END*
[from data line 828]
    393.055    828.479    13.5752    13.5784   4.552032   4.552296     2.2400     1.2874     0.0443     4.7528    99.8825     0.0047     3.3546    145.583    13.5173    13.5205    38.6178    38.6171    29.0900    29.0888 0.0000e+00
    393.759    829.479    13.5746    13.5772   4.552005   4.552189     2.2392     1.2891     0.0520     4.7530    99.8868     0.0045     3.3543    145.569    13.5167    13.5192    38.6178    38.6170    29.0902    29.0890 0.0000e+00
    394.255    830.479    13.5742    13.5771   4.551965   4.552206     2.2387     1.2710     0.0667     4.7529    99.8846     0.0046     3.3551    145.602    13.5161    13.5191    38.6176    38.6170    29.0901    29.0890 0.0000e+00
    394.761    831.479    13.5728    13.5758   4.551834   4.552072     2.2390     1.2804     0.0630     4.7529    99.8835     0.0047     3.3585    145.751    13.5147    13.5177    38.6176    38.6168    29.0904    29.0892 0.0000e+00
    395.171    832.479    13.5727    13.5751   4.551822   4.552015     2.2399     1.2979     0.0584     4.7531    99.8889     0.0044     3.3616    145.884    13.5145    13.5169    38.6174    38.6168    29.0904    29.0893 0.0000e+00
    395.736    833.479    13.5726    13.5752   4.551850   4.552037     2.2405     1.2935     0.0530     4.7531    99.8889     0.0044     3.3617    145.888    13.5144    13.5170    38.6175    38.6166    29.0904    29.0892 0.0000e+00
    396.465    834.479    13.5722    13.5752   4.551816   4.552056     2.2409     1.2882     0.0473     4.7525    99.8771     0.0049     3.3624    145.918    13.5138    13.5168    38.6173    38.6166    29.0904    29.0892 0.0000e+00
    396.940    835.479    13.5716    13.5740   4.551776   4.551954     2.2410     1.2816     0.0490     4.7533    99.8932     0.0042     3.3624    145.920    13.5131    13.5156    38.6173    38.6165    29.0905    29.0894 0.0000e+00
    397.252    836.479    13.5715    13.5743   4.551772   4.551989     2.2415     1.2747     0.0495     4.7533    99.8921     0.0043     3.3659    146.073    13.5130    13.5157    38.6171    38.6165    29.0905    29.0894 0.0000e+00
    397.923    837.479    13.5710    13.5741   4.551737   4.551992     2.2424     1.2769     0.0556     4.7531    99.8878     0.0045     3.3656    146.058    13.5124    13.5155    38.6170    38.6163    29.0905    29.0893 0.0000e+00
    398.651    838.479    13.5699    13.5729   4.551646   4.551868     2.2417     1.2774     0.0494     4.7527    99.8814     0.0047     3.3614    145.877    13.5112    13.5142    38.6170    38.6160    29.0907    29.0893 0.0000e+00
    398.824    839.479    13.5698    13.5727   4.551633   4.551876     2.2409     1.2848     0.0630     4.7530    99.8868     0.0045     3.3584    145.746    13.5111    13.5140    38.6168    38.6163    29.0906    29.0896 0.0000e+00
    399.242    840.479    13.5689    13.5725   4.551522   4.551827     2.2394     1.2773     0.0632     4.7531    99.8889     0.0044     3.3562    145.653    13.5101    13.5137    38.6165    38.6158    29.0906    29.0892 0.0000e+00
    400.087    841.479    13.5666    13.5705   4.551265   4.551631     2.2391     1.2935     0.0502     4.7532    99.8911     0.0043     3.3597    145.803    13.5077    13.5116    38.6160    38.6155    29.0907    29.0895 0.0000e+00
    400.648    842.479    13.5656    13.5686   4.551186   4.551413     2.2394     1.2938     0.0480     4.7527    99.8814     0.0047     3.3616    145.886    13.5066    13.5095    38.6161    38.6152    29.0910    29.0897 0.0000e+00
    400.810    843.479    13.5657    13.5694   4.551188   4.551530     2.2398     1.2782     0.0533     4.7524    99.8739     0.0051     3.3621    145.908    13.5067    13.5104    38.6159    38.6154    29.0908    29.0897 0.0000e+00
    401.248    844.479    13.5653    13.5684   4.551163   4.551432     2.2401     1.2755     0.0530     4.7527    99.8814     0.0047     3.3645    146.011    13.5062    13.5093    38.6159    38.6153    29.0909    29.0898 0.0000e+00
    401.903    845.479    13.5652    13.5681   4.551178   4.551411     2.2406     1.2820     0.0531     4.7527    99.8814     0.0047     3.3628    145.938    13.5061    13.5089    38.6158    38.6151    29.0909    29.0898 0.0000e+00
    402.329    846.479    13.5653    13.5678   4.551223   4.551401     2.2401     1.2816     0.0443     4.7530    99.8857     0.0046     3.3629    145.940    13.5061    13.5085    38.6159    38.6151    29.0910    29.0899 0.0000e+00
    402.792    847.479    13.5652    13.5680   4.551232   4.551437     2.2407     1.2818     0.0540     4.7533    99.8932     0.0042     3.3640    145.990    13.5059    13.5087    38.6159    38.6150    29.0910    29.0897 0.0000e+00
    403.255    848.479    13.5651    13.5677   4.551245   4.551437     2.2400     1.2711     0.0515     4.7533    99.8921     0.0043     3.3595    145.794    13.5057    13.5083    38.6159    38.6151    29.0911    29.0899 0.0000e+00
    403.553    849.479    13.5654    13.5677   4.551281   4.551443     2.2388     1.2829     0.0336     4.7533    99.8921     0.0043     3.3581    145.732    13.5060    13.5083    38.6159    38.6151    29.0910    29.0899 0.0000e+00
    404.160    850.479    13.5652    13.5680   4.551286   4.551493     2.2388     1.2797     0.0494     4.7531    99.8878     0.0045     3.3610    145.859    13.5057    13.5085    38.6159    38.6150    29.0910    29.0898 0.0000e+00
    404.741    851.479    13.5652    13.5677   4.551318   4.551491     2.2391     1.2576     0.0583     4.7534    99.8943     0.0042     3.3633    145.959    13.5056    13.5081    38.6158    38.6150    29.0910    29.0898 0.0000e+00
    404.673    852.479    13.5652    13.5677   4.551297   4.551490     2.2399     1.2772     0.0638     4.7531    99.8879     0.0045     3.3655    146.054    13.5056    13.5081    38.6157    38.6150    29.0909    29.0899 0.0000e+00
    404.533    853.479    13.5654    13.5678   4.551323   4.551486     2.2402     1.2880     0.0697     4.7529    99.8835     0.0047     3.3639    145.987    13.5058    13.5082    38.6158    38.6150    29.0909    29.0898 0.0000e+00
    405.204    854.479    13.5653    13.5682   4.551330   4.551573     2.2400     1.2944     0.0791     4.7532    99.8911     0.0043     3.3613    145.872    13.5056    13.5086    38.6157    38.6150    29.0909    29.0898 0.0000e+00
    405.380    855.479    13.5652    13.5683   4.551316   4.551578     2.2389     1.3013     0.0775     4.7530    99.8868     0.0045     3.3600    145.815    13.5055    13.5086    38.6156    38.6150    29.0909    29.0897 0.0000e+00
    404.660    856.479    13.5656    13.5679   4.551343   4.551509     2.2395     1.3120     0.0519     4.7529    99.8836     0.0047     3.3641    145.993    13.5061    13.5083    38.6157    38.6150    29.0908    29.0898 0.0000e+00
    404.505    857.479    13.5654    13.5683   4.551326   4.551529     2.2398     1.3101     0.0530     4.7527    99.8814     0.0047     3.3637    145.978    13.5059    13.5087    38.6158    38.6149    29.0909    29.0896 0.0000e+00
    404.994    858.479    13.5656    13.5679   4.551358   4.551528     2.2400     1.2803     0.0551     4.7531    99.8889     0.0044     3.3637    145.975    13.5060    13.5083    38.6158    38.6150    29.0909    29.0898 0.0000e+00
    405.249    859.479    13.5658    13.5682   4.551401   4.551564     2.2399     1.2816     0.0580     4.7529    99.8836     0.0047     3.3618    145.892    13.5061    13.5085    38.6158    38.6150    29.0909    29.0897 0.0000e+00
    404.928    860.479    13.5656    13.5681   4.551371   4.551537     2.2389     1.2841     0.0468     4.7527    99.8803     0.0048     3.3587    145.761    13.5060    13.5085    38.6159    38.6149    29.0910    29.0897 0.0000e+00
    404.655    861.479    13.5658    13.5681   4.551377   4.551539     2.2387     1.2876     0.0513     4.7530    99.8868     0.0045     3.3608    145.853    13.5062    13.5085    38.6159    38.6151    29.0909    29.0898 0.0000e+00
    404.620    862.479    13.5658    13.5680   4.551377   4.551521     2.2391     1.2741     0.0495     4.7529    99.8846     0.0046     3.3637    145.976    13.5062    13.5084    38.6159    38.6150    29.0909    29.0898 0.0000e+00
    405.019    863.479    13.5659    13.5686   4.551419   4.551589     2.2397     1.2797     0.0517     4.7530    99.8857     0.0046     3.3640    145.991    13.5062    13.5090    38.6160    38.6149    29.0910    29.0895 0.0000e+00
    405.304    864.479    13.5658    13.5684   4.551395   4.551584     2.2396     1.2774     0.0604     4.7529    99.8836     0.0047     3.3601    145.820    13.5061    13.5087    38.6158    38.6150    29.0909    29.0897 0.0000e+00
    404.761    865.479    13.5658    13.5682   4.551358   4.551561     2.2387     1.2800     0.0587     4.7529    99.8836     0.0047     3.3578    145.719    13.5062    13.5086    38.6157    38.6151    29.0908    29.0898 0.0000e+00
    404.409    866.479    13.5657    13.5683   4.551353   4.551539     2.2378     1.2905     0.0509     4.7534    99.8943     0.0042     3.3553    145.610    13.5062    13.5087    38.6158    38.6150    29.0909    29.0897 0.0000e+00
    404.878    867.479    13.5655    13.5682   4.551344   4.551544     2.2369     1.2885     0.0494     4.7529    99.8836     0.0047     3.3550    145.600    13.5059    13.5086    38.6157    38.6149    29.0909    29.0897 0.0000e+00
    405.188    868.479    13.5656    13.5678   4.551367   4.551515     2.2369     1.2791     0.0451     4.7528    99.8825     0.0047     3.3594    145.790    13.5059    13.5081    38.6157    38.6149    29.0909    29.0898 0.0000e+00
    404.916    869.479    13.5647    13.5676   4.551238   4.551468     2.2381     1.2773     0.0362     4.7529    99.8846     0.0046     3.3632    145.956    13.5051    13.5080    38.6155    38.6148    29.0909    29.0897 0.0000e+00
    404.571    870.479    13.5651    13.5675   4.551280   4.551458     2.2391     1.2720     0.0496     4.7524    99.8750     0.0050     3.3633    145.960    13.5055    13.5079    38.6157    38.6150    29.0910    29.0898 0.0000e+00
    404.894    871.479    13.5645    13.5676   4.551219   4.551453     2.2390     1.2609     0.0464     4.7523    99.8728     0.0051     3.3609    145.857    13.5048    13.5079    38.6156    38.6147    29.0910    29.0896 0.0000e+00
    405.112    872.479    13.5643    13.5675   4.551211   4.551469     2.2388     1.2775     0.0484     4.7523    99.8728     0.0051     3.3596    145.799    13.5047    13.5078    38.6156    38.6148    29.0910    29.0897 0.0000e+00
    404.637    873.479    13.5648    13.5672   4.551240   4.551407     2.2384     1.2736     0.0460     4.7529    99.8836     0.0047     3.3605    145.837    13.5052    13.5076    38.6156    38.6148    29.0909    29.0898 0.0000e+00
    404.583    874.479    13.5649    13.5676   4.551259   4.551455     2.2387     1.2760     0.0576     4.7533    99.8932     0.0042     3.3616    145.886    13.5053    13.5080    38.6157    38.6148    29.0909    29.0897 0.0000e+00
    405.186    875.479    13.5648    13.5674   4.551286   4.551457     2.2391     1.2731     0.0584     4.7533    99.8932     0.0042     3.3622    145.910    13.5052    13.5077    38.6157    38.6148    29.0910    29.0897 0.0000e+00
    405.204    876.479    13.5650    13.5676   4.551285   4.551478     2.2389     1.2871     0.0650     4.7528    99.8825     0.0047     3.3607    145.845    13.5053    13.5079    38.6156    38.6148    29.0909    29.0897 0.0000e+00
    404.552    877.479    13.5648    13.5672   4.551244   4.551410     2.2388     1.2881     0.0618     4.7530    99.8868     0.0045     3.3618    145.893    13.5053    13.5076    38.6156    38.6148    29.0909    29.0898 0.0000e+00
    404.488    878.479    13.5648    13.5675   4.551241   4.551443     2.2395     1.2958     0.0573     4.7528    99.8825     0.0047     3.3629    145.942    13.5052    13.5080    38.6157    38.6148    29.0910    29.0897 0.0000e+00
    405.069    879.479    13.5649    13.5678   4.551281   4.551493     2.2394     1.2921     0.0584     4.7523    99.8717     0.0052     3.3629    145.941    13.5053    13.5081    38.6157    38.6148    29.0910    29.0897 0.0000e+00
    405.211    880.479    13.5650    13.5675   4.551284   4.551476     2.2395     1.2868     0.0590     4.7529    99.8836     0.0047     3.3620    145.905    13.5053    13.5078    38.6155    38.6148    29.0908    29.0897 0.0000e+00
    404.739    881.479    13.5649    13.5672   4.551257   4.551424     2.2393     1.2881     0.0532     4.7530    99.8868     0.0045     3.3628    145.936    13.5053    13.5076    38.6156    38.6148    29.0909    29.0898 0.0000e+00
    404.473    882.479    13.5648    13.5674   4.551237   4.551427     2.2400     1.2888     0.0474     4.7528    99.8825     0.0047     3.3645    146.009    13.5052    13.5078    38.6157    38.6149    29.0910    29.0898 0.0000e+00
    404.926    883.479    13.5650    13.5677   4.551288   4.551485     2.2397     1.2819     0.0501     4.7533    99.8932     0.0042     3.3618    145.892    13.5054    13.5081    38.6157    38.6149    29.0909    29.0897 0.0000e+00
    405.195    884.479    13.5650    13.5678   4.551293   4.551505     2.2397     1.2748     0.0652     4.7528    99.8825     0.0047     3.3637    145.978    13.5054    13.5081    38.6156    38.6149    29.0909    29.0897 0.0000e+00
    404.726    885.479    13.5649    13.5672   4.551254   4.551415     2.2400     1.2781     0.0684     4.7529    99.8846     0.0046     3.3639    145.985    13.5053    13.5076    38.6156    38.6148    29.0909    29.0898 0.0000e+00
    404.531    886.479    13.5648    13.5674   4.551242   4.551424     2.2398     1.2961     0.0676     4.7527    99.8814     0.0047     3.3622    145.913    13.5052    13.5078    38.6157    38.6148    29.0910    29.0897 0.0000e+00
    405.078    887.479    13.5648    13.5674   4.551269   4.551457     2.2398     1.2997     0.0568     4.7517    99.8589     0.0057     3.3627    145.934    13.5052    13.5077    38.6156    38.6148    29.0909    29.0898 0.0000e+00
    405.096    888.479    13.5650    13.5674   4.551281   4.551449     2.2396     1.2989     0.0503     4.7526    99.8782     0.0049     3.3620    145.901    13.5054    13.5077    38.6155    38.6148    29.0908    29.0898 0.0000e+00
    404.553    889.479    13.5648    13.5671   4.551242   4.551403     2.2391     1.2862     0.0502     4.7525    99.8771     0.0049     3.3607    145.844    13.5052    13.5075    38.6156    38.6148    29.0909    29.0898 0.0000e+00
    404.636    890.479    13.5647    13.5674   4.551240   4.551437     2.2393     1.2784     0.0484     4.7528    99.8825     0.0047     3.3633    145.959    13.5051    13.5078    38.6157    38.6148    29.0910    29.0897 0.0000e+00
    405.131    891.479    13.5647    13.5672   4.551256   4.551437     2.2399     1.2783     0.0520     4.7525    99.8760     0.0050     3.3646    146.016    13.5050    13.5075    38.6156    38.6149    29.0910    29.0899 0.0000e+00
    405.085    892.479    13.5646    13.5674   4.551235   4.551461     2.2400     1.2760     0.0484     4.7522    99.8707     0.0052     3.3636    145.971    13.5050    13.5078    38.6155    38.6149    29.0909    29.0898 0.0000e+00
    404.681    893.479    13.5646    13.5669   4.551218   4.551373     2.2399     1.2805     0.0465     4.7529    99.8846     0.0046     3.3637    145.974    13.5050    13.5073    38.6156    38.6147    29.0909    29.0898 0.0000e+00
    404.627    894.479    13.5644    13.5670   4.551194   4.551390     2.2404     1.2761     0.0422     4.7529    99.8836     0.0047     3.3654    146.048    13.5048    13.5074    38.6156    38.6148    29.0910    29.0898 0.0000e+00
    405.023    895.479    13.5644    13.5669   4.551219   4.551396     2.2400     1.2737     0.0466     4.7527    99.8803     0.0048     3.3625    145.924    13.5048    13.5073    38.6156    38.6148    29.0910    29.0898 0.0000e+00
