Boussole/Data/SBEMOOSE/Work/cnv/bous235_03.cnv
* Sea-Bird SBE 9 Data File:
* FileName = C:\boussole\202110\bous235_03.hdr
* Software Version Seasave V 7.23.2
* Temperature SN = 1378
* Conductivity SN = 2929
* Number of Bytes Per Scan = 34
* Number of Voltage Words = 3
* Number of Scans Averaged by the Deck Unit = 1
* NMEA Latitude = 43 22.04 N
* NMEA Longitude = 007 53.77 E
* NMEA UTC (Time) = Oct 12 2021  14:09:09
* NMEA baud rate = 4800
** Campagne = BOUSSOLE 235
** Navire = Tethys II
** Station = BOUS235_03
** Date = 12/10/2021
** Heure debut [TU] = 14:09
** Heure fin [TU] = 14:28
** Heure locale / TU = +2
** Latitude = 43 22.046 N
** Longitude = 007 53.761 E
** Heure meteo [TU] = 14:10
** T air sec [deg C] = 20.2
** T mer [deg C] = 19.92
** Vent [noeuds, degres] = 7, 163
** Pression atm [hpa] = 1011.8
** Humidite [%] = 65.9
** Nebulosite [octas] = 1
** Etat de la mer [code S] = 2
# nquan = 14
# nvalues = 1173                        
# units = specified
# name 0 = prDM: Pressure, Digiquartz [db]
# name 1 = timeS: Time, Elapsed [seconds]
# name 2 = t090C: Temperature [ITS-90, deg C]
# name 3 = c0S/m: Conductivity [S/m]
# name 4 = sbeox0V: Oxygen raw, SBE 43 [V]
# name 5 = flC: Fluorescence, Chelsea Aqua 3 Chl Con [ug/l]
# name 6 = upoly0: Upoly 0, RINKOIII_DO
# name 7 = upoly1: Upoly 1, RINKOIII_Temp
# name 8 = potemp090C: Potential Temperature [ITS-90, deg C]
# name 9 = sal00: Salinity, Practical [PSU]
# name 10 = sigma-é00: Density [sigma-theta, kg/m^3]
# name 11 = sbeox0ML/L: Oxygen, SBE 43 [ml/l], WS = 2
# name 12 = sbox0Mm/Kg: Oxygen, SBE 43 [umol/kg], WS = 2
# name 13 = flag: flag
# span 0 =      0.086,    301.161       
# span 1 =      0.479,   1172.125       
# span 2 =    13.6874,    19.9804       
# span 3 =   0.370422,   5.195557       
# span 4 =     2.3567,     3.6049       
# span 5 =    -0.0201,     1.0141       
# span 6 =  1.4176333,  1.7968559       
# span 7 =  13.678842,  19.931108       
# span 8 =    13.6744,    19.9803       
# span 9 =     2.1867,    38.6399       
# span 10 =    -0.0984,    29.0662      
# span 11 =     3.5895,     5.6564      
# span 12 =    156.049,    245.635      
# span 13 = 0.0000e+00, 0.0000e+00      
# interval = seconds: 1                 
# start_time = Oct 12 2021 14:09:09 [NMEA time, header]
# bad_flag = -9.990e-29
*END*
[from data line 413]
    261.799    413.479    13.7783   4.569475     2.5156     0.2038  1.7818987  13.779326    13.7396    38.6376    29.0579     3.8252    166.007 0.0000e+00
    262.600    414.479    13.7778   4.569446     2.5152     0.1972  1.7820004  13.774542    13.7390    38.6375    29.0579     3.8186    165.724 0.0000e+00
    263.247    415.479    13.7781   4.569507     2.5132     0.2022  1.7824583  13.771808    13.7392    38.6375    29.0579     3.8115    165.417 0.0000e+00
    263.766    416.479    13.7781   4.569530     2.5111     0.2093  1.7828144  13.769074    13.7391    38.6375    29.0579     3.8097    165.339 0.0000e+00
    264.391    417.479    13.7778   4.569566     2.5104     0.2088  1.7828144  13.772491    13.7386    38.6379    29.0583     3.8129    165.477 0.0000e+00
    265.116    418.479    13.7777   4.569599     2.5102     0.2098  1.7831197  13.771808    13.7384    38.6380    29.0584     3.8117    165.425 0.0000e+00
    265.908    419.479    13.7773   4.569585     2.5094     0.2015  1.7830179  13.771125    13.7379    38.6379    29.0584     3.8121    165.442 0.0000e+00
    266.727    420.479    13.7764   4.569532     2.5099     0.2029  1.7836284  13.768391    13.7369    38.6380    29.0587     3.8139    165.519 0.0000e+00
    267.375    421.479    13.7764   4.569548     2.5093     0.2054  1.7837811  13.766340    13.7368    38.6378    29.0586     3.8110    165.391 0.0000e+00
    267.962    422.479    13.7759   4.569520     2.5089     0.2113  1.7840863  13.766340    13.7362    38.6378    29.0587     3.8113    165.406 0.0000e+00
    268.665    423.479    13.7745   4.569410     2.5083     0.2073  1.7842389  13.767024    13.7347    38.6379    29.0591     3.8099    165.344 0.0000e+00
    269.274    424.479    13.7738   4.569344     2.5080     0.2187  1.7846968  13.766340    13.7339    38.6377    29.0591     3.8107    165.378 0.0000e+00
    269.889    425.479    13.7727   4.569240     2.5077     0.2258  1.7844424  13.767024    13.7327    38.6375    29.0593     3.8090    165.305 0.0000e+00
    270.694    426.479    13.7718   4.569230     2.5062     0.2238  1.7847986  13.764290    13.7317    38.6379    29.0598     3.8022    165.009 0.0000e+00
    271.597    427.479    13.7712   4.569254     2.5048     0.2284  1.7851038  13.762923    13.7310    38.6383    29.0603     3.8038    165.081 0.0000e+00
    272.318    428.479    13.7704   4.569199     2.5043     0.2245  1.7853073  13.762923    13.7301    38.6384    29.0605     3.8049    165.129 0.0000e+00
    272.718    429.479    13.7713   4.569289     2.5045     0.2150  1.7856126  13.762923    13.7309    38.6381    29.0601     3.8039    165.083 0.0000e+00
    273.145    430.479    13.7702   4.569194     2.5027     0.2144  1.7855108  13.762923    13.7297    38.6381    29.0604     3.7937    164.642 0.0000e+00
    274.004    431.479    13.7644   4.568606     2.4998     0.2160  1.7859178  13.761556    13.7238    38.6380    29.0616     3.7923    164.581 0.0000e+00
    275.049    432.479    13.7621   4.568381     2.4997     0.2057  1.7867318  13.752670    13.7214    38.6377    29.0619     3.7980    164.829 0.0000e+00
    275.664    433.479    13.7633   4.568553     2.4992     0.2158  1.7874949  13.753354    13.7225    38.6378    29.0617     3.7966    164.770 0.0000e+00
    276.056    434.479    13.7646   4.568713     2.4995     0.2170  1.7874949  13.760189    13.7238    38.6378    29.0614     3.7965    164.764 0.0000e+00
    276.741    435.479    13.7633   4.568643     2.4983     0.2179  1.7878002  13.762240    13.7223    38.6382    29.0620     3.7909    164.520 0.0000e+00
    277.628    436.479    13.7633   4.568717     2.4967     0.1977  1.7881054  13.752670    13.7222    38.6385    29.0623     3.7898    164.473 0.0000e+00
    278.423    437.479    13.7634   4.568772     2.4965     0.1911  1.7883089  13.754037    13.7222    38.6386    29.0624     3.7920    164.569 0.0000e+00
    279.011    438.479    13.7636   4.568833     2.4955     0.2139  1.7889194  13.752671    13.7223    38.6387    29.0624     3.7841    164.225 0.0000e+00
    279.519    439.479    13.7639   4.568912     2.4930     0.2215  1.7888685  13.754721    13.7225    38.6389    29.0625     3.7796    164.028 0.0000e+00
    280.310    440.479    13.7641   4.569042     2.4918     0.2076  1.7893264  13.753354    13.7227    38.6395    29.0630     3.7812    164.100 0.0000e+00
    281.275    441.479    13.7638   4.569058     2.4911     0.2036  1.7898860  13.753354    13.7222    38.6396    29.0631     3.7806    164.074 0.0000e+00
    281.889    442.479    13.7640   4.569103     2.4899     0.2018  1.7907509  13.749253    13.7223    38.6395    29.0631     3.7714    163.676 0.0000e+00
    282.288    443.479    13.7644   4.569169     2.4858     0.2123  1.7916158  13.751987    13.7226    38.6396    29.0630     3.7601    163.184 0.0000e+00
    282.952    444.479    13.7636   4.569131     2.4831     0.2154  1.7917176  13.751303    13.7217    38.6397    29.0633     3.7584    163.108 0.0000e+00
    283.745    445.479    13.7638   4.569189     2.4804     0.2021  1.7917684  13.751987    13.7218    38.6398    29.0634     3.7586    163.117 0.0000e+00
    284.554    446.479    13.7636   4.569228     2.4812     0.2219  1.7925316  13.754037    13.7215    38.6399    29.0635     3.7694    163.589 0.0000e+00
    285.335    447.479    13.7617   4.569031     2.4824     0.2285  1.7926333  13.756088    13.7195    38.6396    29.0637     3.7665    163.462 0.0000e+00
    285.968    448.479    13.7606   4.568895     2.4811     0.2172  1.7929386  13.751303    13.7182    38.6392    29.0637     3.7618    163.258 0.0000e+00
    286.457    449.479    13.7602   4.568904     2.4805     0.2086  1.7931929  13.754037    13.7178    38.6394    29.0639     3.7604    163.197 0.0000e+00
    287.046    450.479    13.7598   4.568871     2.4791     0.2075  1.7935999  13.749253    13.7173    38.6393    29.0639     3.7613    163.237 0.0000e+00
    287.910    451.479    13.7592   4.568834     2.4805     0.2135  1.7941087  13.749253    13.7166    38.6392    29.0640     3.7691    163.575 0.0000e+00
    288.769    452.479    13.7584   4.568765     2.4810     0.2136  1.7944139  13.748569    13.7156    38.6389    29.0640     3.7669    163.477 0.0000e+00
    289.392    453.479    13.7585   4.568800     2.4809     0.2183  1.7945666  13.747202    13.7157    38.6388    29.0639     3.7681    163.531 0.0000e+00
    289.943    454.479    13.7581   4.568779     2.4819     0.2143  1.7951771  13.749253    13.7152    38.6388    29.0640     3.7684    163.543 0.0000e+00
    290.640    455.479    13.7576   4.568743     2.4807     0.2265  1.7953297  13.749253    13.7146    38.6387    29.0641     3.7622    163.275 0.0000e+00
    291.395    456.479    13.7563   4.568624     2.4795     0.2346  1.7957367  13.747886    13.7131    38.6385    29.0643     3.7615    163.245 0.0000e+00
    292.160    457.479    13.7546   4.568452     2.4788     0.2321  1.7955332  13.747202    13.7114    38.6382    29.0644     3.7617    163.251 0.0000e+00
    292.794    458.479    13.7548   4.568490     2.4781     0.2218  1.7958893  13.747202    13.7115    38.6381    29.0643     3.7605    163.200 0.0000e+00
    293.358    459.479    13.7535   4.568365     2.4778     0.2124  1.7957875  13.746519    13.7101    38.6380    29.0645     3.7630    163.309 0.0000e+00
    294.064    460.479    13.7518   4.568193     2.4780     0.2026  1.7959910  13.747886    13.7083    38.6377    29.0646     3.7641    163.356 0.0000e+00
    294.842    461.479    13.7512   4.568155     2.4784     0.2104  1.7962963  13.747202    13.7076    38.6376    29.0648     3.7656    163.423 0.0000e+00
    295.551    462.479    13.7513   4.568199     2.4785     0.2139  1.7965507  13.746519    13.7075    38.6377    29.0648     3.7641    163.356 0.0000e+00
    296.088    463.479    13.7524   4.568392     2.4779     0.2207  1.7966524  13.745835    13.7086    38.6382    29.0650     3.7644    163.371 0.0000e+00
    296.646    464.479    13.7529   4.568527     2.4789     0.2179  1.7963472  13.746519    13.7090    38.6386    29.0652     3.7713    163.668 0.0000e+00
    297.269    465.479    13.7536   4.568666     2.4804     0.2046  1.7961945  13.746519    13.7096    38.6390    29.0654     3.7726    163.727 0.0000e+00
    297.762    466.479    13.7538   4.568707     2.4806     0.1952  1.7968559  13.746519    13.7097    38.6390    29.0654     3.7711    163.660 0.0000e+00
    298.198    467.479    13.7537   4.568710     2.4812     0.1907  1.7966015  13.746519    13.7096    38.6389    29.0653     3.7737    163.775 0.0000e+00
    298.778    468.479    13.7527   4.568638     2.4815     0.2030  1.7963980  13.746519    13.7085    38.6389    29.0655     3.7731    163.748 0.0000e+00
    299.501    469.479    13.7522   4.568653     2.4813     0.2184  1.7961946  13.746519    13.7079    38.6393    29.0660     3.7703    163.626 0.0000e+00
    300.176    470.479    13.7527   4.568780     2.4805     0.2071  1.7958384  13.746519    13.7083    38.6396    29.0662     3.7726    163.726 0.0000e+00
    300.588    471.479    13.7529   4.568794     2.4823     0.2001  1.7953806  13.745152    13.7084    38.6395    29.0660     3.7796    164.031 0.0000e+00
    300.745    472.479    13.7539   4.568860     2.4824     0.1971  1.7953297  13.741734    13.7094    38.6390    29.0654     3.7740    163.787 0.0000e+00
    300.634    473.479    13.7551   4.568962     2.4819     0.1978  1.7953806  13.745835    13.7106    38.6388    29.0650     3.7729    163.737 0.0000e+00
    300.850    474.479    13.7550   4.568967     2.4818     0.1934  1.7948209  13.746519    13.7105    38.6388    29.0651     3.7716    163.682 0.0000e+00
    301.023    475.479    13.7562   4.569105     2.4800     0.1991  1.7948718  13.742418    13.7116    38.6389    29.0648     3.7654    163.413 0.0000e+00
    300.821    476.479    13.7587   4.569318     2.4796     0.2081  1.7948718  13.746519    13.7141    38.6385    29.0640     3.7691    163.572 0.0000e+00
    300.561    477.479    13.7581   4.569241     2.4795     0.2050  1.7951262  13.745835    13.7136    38.6384    29.0641     3.7691    163.573 0.0000e+00
    300.798    478.479    13.7578   4.569248     2.4794     0.2201  1.7952788  13.745835    13.7133    38.6387    29.0643     3.7668    163.475 0.0000e+00
    301.161    479.479    13.7579   4.569271     2.4789     0.2178  1.7950244  13.745835    13.7133    38.6387    29.0644     3.7711    163.663 0.0000e+00
    300.970    480.479    13.7578   4.569245     2.4809     0.2087  1.7950753  13.744468    13.7133    38.6386    29.0642     3.7747    163.817 0.0000e+00
    300.603    481.479    13.7578   4.569225     2.4801     0.2080  1.7952788  13.746519    13.7133    38.6386    29.0642     3.7664    163.458 0.0000e+00
    300.586    482.479    13.7574   4.569196     2.4792     0.1982  1.7952788  13.746519    13.7129    38.6387    29.0644     3.7658    163.432 0.0000e+00
    300.826    483.479    13.7576   4.569236     2.4784     0.2077  1.7953297  13.747202    13.7130    38.6388    29.0645     3.7678    163.518 0.0000e+00
    300.903    484.479    13.7569   4.569160     2.4800     0.2142  1.7951771  13.746519    13.7123    38.6388    29.0646     3.7756    163.856 0.0000e+00
    300.828    485.479    13.7573   4.569203     2.4807     0.2134  1.7952788  13.743101    13.7127    38.6388    29.0645     3.7727    163.731 0.0000e+00
    300.282    486.479    13.7572   4.569143     2.4814     0.2178  1.7955841  13.745835    13.7127    38.6386    29.0644     3.7769    163.915 0.0000e+00
    299.227    487.479    13.7535   4.568736     2.4825     0.2100  1.7951771  13.745152    13.7092    38.6389    29.0654     3.7752    163.839 0.0000e+00
    298.251    488.479    13.7542   4.568731     2.4817     0.2081  1.7955332  13.741734    13.7101    38.6385    29.0649     3.7704    163.630 0.0000e+00
    297.377    489.479    13.7542   4.568679     2.4816     0.2121  1.7958384  13.741734    13.7102    38.6385    29.0648     3.7718    163.690 0.0000e+00
    296.383    490.479    13.7543   4.568646     2.4812     0.2201  1.7951262  13.743785    13.7104    38.6385    29.0648     3.7692    163.577 0.0000e+00
    295.314    491.479    13.7542   4.568539     2.4807     0.2081  1.7950244  13.745152    13.7105    38.6381    29.0645     3.7671    163.485 0.0000e+00
    294.337    492.479    13.7527   4.568303     2.4801     0.2122  1.7950244  13.740367    13.7091    38.6378    29.0645     3.7674    163.500 0.0000e+00
    293.304    493.479    13.7531   4.568294     2.4798     0.2093  1.7952279  13.740367    13.7097    38.6377    29.0644     3.7650    163.395 0.0000e+00
    292.232    494.479    13.7538   4.568348     2.4802     0.2147  1.7955840  13.743785    13.7105    38.6380    29.0644     3.7711    163.660 0.0000e+00
    291.299    495.479    13.7554   4.568494     2.4814     0.2296  1.7955840  13.745152    13.7123    38.6382    29.0642     3.7690    163.568 0.0000e+00
    290.507    496.479    13.7556   4.568476     2.4804     0.2257  1.7955332  13.745152    13.7126    38.6382    29.0641     3.7650    163.396 0.0000e+00
    289.474    497.479    13.7562   4.568481     2.4811     0.2133  1.7956858  13.741734    13.7133    38.6382    29.0639     3.7704    163.631 0.0000e+00
    288.283    498.479    13.7567   4.568524     2.4817     0.2087  1.7957367  13.739684    13.7141    38.6385    29.0641     3.7665    163.462 0.0000e+00
    287.204    499.479    13.7595   4.568830     2.4806     0.2143  1.7956349  13.745835    13.7170    38.6391    29.0638     3.7631    163.316 0.0000e+00
    286.270    500.479    13.7599   4.568813     2.4809     0.2150  1.7952788  13.746519    13.7175    38.6390    29.0637     3.7672    163.493 0.0000e+00
    285.353    501.479    13.7597   4.568775     2.4819     0.2201  1.7957367  13.746519    13.7175    38.6392    29.0639     3.7705    163.635 0.0000e+00
    284.373    502.479    13.7588   4.568603     2.4827     0.2255  1.7956858  13.745835    13.7167    38.6389    29.0638     3.7692    163.579 0.0000e+00
    283.270    503.479    13.7607   4.568780     2.4831     0.2178  1.7956858  13.744468    13.7187    38.6392    29.0636     3.7736    163.769 0.0000e+00
    282.222    504.479    13.7630   4.568982     2.4856     0.2102  1.7956858  13.745152    13.7212    38.6393    29.0631     3.7801    164.049 0.0000e+00
    281.431    505.479    13.7623   4.568875     2.4873     0.2079  1.7953805  13.746519    13.7206    38.6393    29.0633     3.7795    164.026 0.0000e+00
    280.410    506.479    13.7634   4.568929     2.4877     0.2182  1.7948718  13.747202    13.7219    38.6392    29.0629     3.7763    163.887 0.0000e+00
    279.182    507.479    13.7628   4.568796     2.4881     0.2195  1.7947192  13.745835    13.7215    38.6391    29.0629     3.7831    164.183 0.0000e+00
    278.162    508.479    13.7633   4.568771     2.4912     0.2087  1.7946683  13.747202    13.7221    38.6388    29.0626     3.7897    164.469 0.0000e+00
    277.329    509.479    13.7646   4.568828     2.4925     0.2067  1.7941596  13.747886    13.7235    38.6384    29.0619     3.7905    164.503 0.0000e+00
    276.310    510.479    13.7647   4.568763     2.4945     0.2070  1.7933964  13.747886    13.7238    38.6381    29.0617     3.7951    164.701 0.0000e+00
    275.176    511.479    13.7642   4.568659     2.4970     0.2043  1.7929894  13.747202    13.7235    38.6382    29.0618     3.8011    164.964 0.0000e+00
    274.115    512.479    13.7629   4.568437     2.4991     0.2147  1.7925316  13.746519    13.7223    38.6378    29.0617     3.8022    165.013 0.0000e+00
    273.246    513.479    13.7627   4.568372     2.5006     0.2126  1.7925824  13.747202    13.7223    38.6378    29.0617     3.8042    165.098 0.0000e+00
    272.213    514.479    13.7637   4.568434     2.5020     0.2135  1.7919211  13.747202    13.7234    38.6379    29.0616     3.8043    165.101 0.0000e+00
    271.045    515.479    13.7653   4.568585     2.5021     0.2301  1.7916158  13.746519    13.7252    38.6382    29.0614     3.8030    165.047 0.0000e+00
