Boussole/Data/SBEMOOSE/Work/cnv/bous230_01.cnv
* Sea-Bird SBE 9 Data File:
* FileName = C:\boussole\202105\bous230_01.hdr
* Software Version Seasave V 7.23.2
* Temperature SN = 2473
* Conductivity SN = 2929
* Number of Bytes Per Scan = 37
* Number of Voltage Words = 4
* Number of Scans Averaged by the Deck Unit = 1
* NMEA Latitude = 43 22.50 N
* NMEA Longitude = 007 54.38 E
* NMEA UTC (Time) = May 14 2021  16:01:24
* NMEA baud rate = 4800
** Navire
** Station:
** Date
** Heure debut [TU]
** Heure fin [TU]
** Heure locale / TU = +0
** Latitude
** Longitude
** Heure meteo [TU]
** T air sec [deg C]
** T mer [deg C]
** Vent [noeuds, degres]
# nquan = 14
# nvalues = 1932                        
# units = specified
# name 0 = prDM: Pressure, Digiquartz [db]
# name 1 = timeS: Time, Elapsed [seconds]
# name 2 = t090C: Temperature [ITS-90, deg C]
# name 3 = c0S/m: Conductivity [S/m]
# name 4 = sbeox0V: Oxygen raw, SBE 43 [V]
# name 5 = flC: Fluorescence, Chelsea Aqua 3 Chl Con [ug/l]
# name 6 = upoly0: Upoly 0, RINKOIII_DO
# name 7 = upoly1: Upoly 1, RINKOIII_Temp
# name 8 = potemp090C: Potential Temperature [ITS-90, deg C]
# name 9 = sal00: Salinity, Practical [PSU]
# name 10 = sigma-é00: Density [sigma-theta, kg/m^3]
# name 11 = sbeox0ML/L: Oxygen, SBE 43 [ml/l], WS = 2
# name 12 = sbox0Mm/Kg: Oxygen, SBE 43 [umol/kg], WS = 2
# name 13 = flag: flag
# span 0 =      0.648,    407.420       
# span 1 =      0.479,   1931.375       
# span 2 =    13.4449,    16.1725       
# span 3 =   4.503536,   4.767767       
# span 4 =     2.1998,     3.1576       
# span 5 =     0.1398,     2.3490       
# span 6 =  1.4766993,  1.8407610       
# span 7 =  13.452431,  16.068164       
# span 8 =    13.4370,    16.1724       
# span 9 =    38.2174,    38.6869       
# span 10 =    28.1905,    29.0888      
# span 11 =     3.2510,     5.0734      
# span 12 =    141.086,    220.236      
# span 13 = 0.0000e+00, 0.0000e+00      
# interval = seconds: 1                 
# start_time = May 14 2021 16:01:24 [NMEA time, header]
# bad_flag = -9.990e-29
*END*
[from data line 517]
    291.630    517.479    13.7684   4.571730     2.2289     0.1506  1.8317053  13.754038    13.7251    38.6558    29.0750     3.2779    142.254 0.0000e+00
    292.696    518.479    13.7673   4.571648     2.2293     0.1455  1.8317053  13.750620    13.7240    38.6555    29.0751     3.2796    142.327 0.0000e+00
    293.395    519.479    13.7673   4.571672     2.2293     0.1476  1.8319597  13.749936    13.7238    38.6555    29.0751     3.2800    142.345 0.0000e+00
    293.820    520.479    13.7667   4.571602     2.2298     0.1615  1.8319597  13.749936    13.7232    38.6552    29.0750     3.2818    142.423 0.0000e+00
    294.405    521.479    13.7649   4.571387     2.2301     0.1555  1.8321123  13.749936    13.7213    38.6547    29.0750     3.2819    142.429 0.0000e+00
    294.778    522.479    13.7622   4.571104     2.2300     0.1572  1.8323158  13.751303    13.7186    38.6546    29.0755     3.2806    142.374 0.0000e+00
    295.323    523.479    13.7622   4.571152     2.2294     0.1635  1.8321632  13.749936    13.7185    38.6548    29.0757     3.2795    142.323 0.0000e+00
    296.491    524.479    13.7611   4.571059     2.2296     0.1737  1.8326719  13.746519    13.7172    38.6545    29.0758     3.2827    142.461 0.0000e+00
    297.535    525.479    13.7599   4.570928     2.2298     0.1719  1.8325193  13.746519    13.7158    38.6540    29.0757     3.2808    142.380 0.0000e+00
    297.455    526.479    13.7597   4.570892     2.2288     0.1628  1.8324175  13.747202    13.7157    38.6539    29.0756     3.2781    142.261 0.0000e+00
    297.069    527.479    13.7601   4.570932     2.2281     0.1622  1.8323667  13.746519    13.7161    38.6541    29.0757     3.2740    142.084 0.0000e+00
    297.866    528.479    13.7597   4.570930     2.2264     0.1631  1.8325193  13.747202    13.7156    38.6541    29.0758     3.2710    141.954 0.0000e+00
    299.586    529.479    13.7537   4.570228     2.2253     0.1626  1.8330280  13.745835    13.7094    38.6527    29.0760     3.2740    142.086 0.0000e+00
    300.533    530.479    13.7513   4.569990     2.2262     0.1647  1.8331807  13.740367    13.7068    38.6524    29.0764     3.2796    142.327 0.0000e+00
    300.155    531.479    13.7518   4.569984     2.2268     0.1596  1.8328245  13.745835    13.7073    38.6521    29.0760     3.2788    142.293 0.0000e+00
    299.967    532.479    13.7515   4.569967     2.2269     0.1648  1.8324684  13.746519    13.7071    38.6523    29.0762     3.2787    142.288 0.0000e+00
    300.992    533.479    13.7507   4.569937     2.2273     0.1609  1.8329772  13.741734    13.7061    38.6523    29.0764     3.2789    142.298 0.0000e+00
    302.295    534.479    13.7525   4.570243     2.2264     0.1731  1.8331298  13.734899    13.7078    38.6528    29.0765     3.2753    142.144 0.0000e+00
    302.686    535.479    13.7535   4.570402     2.2262     0.1801  1.8330280  13.733532    13.7087    38.6532    29.0765     3.2775    142.237 0.0000e+00
    302.996    536.479    13.7537   4.570434     2.2264     0.1755  1.8332315  13.735582    13.7088    38.6532    29.0765     3.2782    142.266 0.0000e+00
    303.801    537.479    13.7534   4.570424     2.2263     0.1776  1.8334350  13.739684    13.7084    38.6530    29.0765     3.2771    142.219 0.0000e+00
    304.392    538.479    13.7508   4.570154     2.2258     0.1842  1.8334350  13.739684    13.7057    38.6527    29.0769     3.2752    142.140 0.0000e+00
    304.725    539.479    13.7485   4.569868     2.2248     0.1730  1.8330280  13.741051    13.7034    38.6523    29.0770     3.2723    142.012 0.0000e+00
    305.517    540.479    13.7460   4.569584     2.2241     0.1671  1.8337403  13.736949    13.7007    38.6517    29.0772     3.2738    142.076 0.0000e+00
    306.444    541.479    13.7439   4.569387     2.2240     0.1712  1.8338421  13.730798    13.6985    38.6515    29.0775     3.2745    142.106 0.0000e+00
    306.903    542.479    13.7433   4.569366     2.2239     0.1551  1.8339438  13.730114    13.6979    38.6517    29.0777     3.2754    142.144 0.0000e+00
    307.396    543.479    13.7428   4.569334     2.2240     0.1486  1.8337403  13.730798    13.6973    38.6517    29.0778     3.2749    142.123 0.0000e+00
    308.219    544.479    13.7430   4.569402     2.2234     0.1506  1.8339947  13.730114    13.6973    38.6518    29.0779     3.2694    141.884 0.0000e+00
    308.719    545.479    13.7422   4.569358     2.2210     0.1594  1.8340455  13.730114    13.6965    38.6519    29.0782     3.2627    141.596 0.0000e+00
    309.118    546.479    13.7418   4.569320     2.2196     0.1517  1.8340964  13.729430    13.6960    38.6518    29.0783     3.2655    141.718 0.0000e+00
    310.055    547.479    13.7407   4.569240     2.2202     0.1585  1.8345034  13.729430    13.6948    38.6517    29.0784     3.2723    142.010 0.0000e+00
    311.066    548.479    13.7397   4.569163     2.2214     0.1691  1.8354700  13.729430    13.6937    38.6515    29.0785     3.2746    142.109 0.0000e+00
    311.536    549.479    13.7390   4.569118     2.2220     0.1791  1.8354192  13.725329    13.6929    38.6516    29.0787     3.2738    142.076 0.0000e+00
    311.581    550.479    13.7391   4.569113     2.2217     0.1727  1.8357244  13.727380    13.6930    38.6515    29.0786     3.2707    141.942 0.0000e+00
    312.098    551.479    13.7392   4.569166     2.2211     0.1646  1.8357753  13.728747    13.6930    38.6516    29.0787     3.2700    141.913 0.0000e+00
    313.290    552.479    13.7395   4.569252     2.2208     0.1646  1.8358771  13.726013    13.6932    38.6516    29.0786     3.2703    141.924 0.0000e+00
    314.364    553.479    13.7400   4.569375     2.2206     0.1656  1.8362332  13.726696    13.6935    38.6518    29.0787     3.2689    141.865 0.0000e+00
    314.668    554.479    13.7399   4.569384     2.2191     0.1714  1.8362840  13.728063    13.6933    38.6519    29.0788     3.2618    141.558 0.0000e+00
    314.627    555.479    13.7399   4.569385     2.2172     0.1587  1.8366402  13.726696    13.6933    38.6518    29.0788     3.2609    141.518 0.0000e+00
    315.091    556.479    13.7401   4.569426     2.2171     0.1650  1.8364876  13.726013    13.6935    38.6518    29.0788     3.2647    141.682 0.0000e+00
    316.243    557.479    13.7403   4.569534     2.2173     0.1735  1.8363858  13.728747    13.6935    38.6521    29.0790     3.2643    141.664 0.0000e+00
    317.393    558.479    13.7396   4.569520     2.2165     0.1803  1.8365893  13.726696    13.6927    38.6522    29.0792     3.2606    141.506 0.0000e+00
    317.682    559.479    13.7396   4.569558     2.2158     0.1707  1.8366402  13.728063    13.6926    38.6524    29.0794     3.2629    141.605 0.0000e+00
    317.814    560.479    13.7402   4.569647     2.2165     0.1703  1.8364367  13.727380    13.6931    38.6526    29.0795     3.2660    141.737 0.0000e+00
    318.421    561.479    13.7406   4.569731     2.2170     0.1696  1.8365384  13.724645    13.6934    38.6528    29.0795     3.2673    141.793 0.0000e+00
    319.229    562.479    13.7409   4.569852     2.2178     0.1680  1.8365384  13.727380    13.6937    38.6532    29.0798     3.2706    141.938 0.0000e+00
    320.128    563.479    13.7409   4.569869     2.2188     0.1697  1.8366911  13.728063    13.6935    38.6530    29.0797     3.2723    142.013 0.0000e+00
    321.084    564.479    13.7333   4.568896     2.2194     0.1731  1.8365384  13.726696    13.6857    38.6510    29.0798     3.2718    141.988 0.0000e+00
    321.594    565.479    13.7321   4.568786     2.2186     0.1705  1.8367928  13.721911    13.6845    38.6510    29.0800     3.2697    141.898 0.0000e+00
    321.327    566.479    13.7327   4.568830     2.2190     0.1629  1.8368946  13.723278    13.6851    38.6509    29.0798     3.2718    141.991 0.0000e+00
    321.657    567.479    13.7317   4.568739     2.2191     0.1678  1.8368437  13.726013    13.6840    38.6509    29.0801     3.2714    141.973 0.0000e+00
    323.099    568.479    13.7332   4.569034     2.2188     0.1666  1.8368946  13.715075    13.6853    38.6515    29.0803     3.2705    141.933 0.0000e+00
    324.514    569.479    13.7394   4.569958     2.2182     0.1536  1.8367928  13.715759    13.6913    38.6534    29.0805     3.2675    141.801 0.0000e+00
    324.490    570.479    13.7399   4.569985     2.2172     0.1654  1.8366402  13.715759    13.6919    38.6531    29.0801     3.2667    141.767 0.0000e+00
    323.938    571.479    13.7387   4.569790     2.2172     0.1665  1.8369963  13.719177    13.6907    38.6527    29.0801     3.2679    141.821 0.0000e+00
    324.507    572.479    13.7414   4.570210     2.2171     0.1587  1.8365893  13.717126    13.6933    38.6538    29.0803     3.2675    141.803 0.0000e+00
    325.981    573.479    13.7411   4.570232     2.2171     0.1615  1.8368946  13.724645    13.6928    38.6537    29.0803     3.2684    141.840 0.0000e+00
    326.933    574.479    13.7407   4.570223     2.2165     0.1542  1.8371998  13.726696    13.6923    38.6535    29.0803     3.2646    141.675 0.0000e+00
    327.040    575.479    13.7407   4.570218     2.2154     0.1567  1.8370472  13.722595    13.6923    38.6534    29.0803     3.2617    141.551 0.0000e+00
    327.336    576.479    13.7391   4.570021     2.2145     0.1668  1.8370981  13.725329    13.6906    38.6531    29.0804     3.2631    141.611 0.0000e+00
    328.262    577.479    13.7371   4.569822     2.2149     0.1641  1.8370981  13.723962    13.6884    38.6528    29.0806     3.2652    141.704 0.0000e+00
    328.923    578.479    13.7365   4.569768     2.2142     0.1687  1.8371489  13.720544    13.6878    38.6526    29.0806     3.2602    141.486 0.0000e+00
    328.900    579.479    13.7367   4.569809     2.2129     0.1663  1.8374033  13.723278    13.6880    38.6528    29.0807     3.2595    141.458 0.0000e+00
    329.644    580.479    13.7362   4.569779     2.2135     0.1646  1.8375051  13.719860    13.6874    38.6526    29.0807     3.2660    141.737 0.0000e+00
    331.140    581.479    13.7292   4.568904     2.2147     0.1683  1.8379629  13.718493    13.6802    38.6507    29.0807     3.2698    141.902 0.0000e+00
    331.282    582.479    13.7283   4.568802     2.2151     0.1699  1.8380647  13.715759    13.6792    38.6506    29.0809     3.2654    141.711 0.0000e+00
    330.715    583.479    13.7318   4.569248     2.2137     0.1646  1.8376068  13.721227    13.6828    38.6516    29.0809     3.2610    141.519 0.0000e+00
    331.614    584.479    13.7248   4.568363     2.2135     0.1633  1.8380138  13.715075    13.6758    38.6497    29.0809     3.2651    141.697 0.0000e+00
    333.223    585.479    13.7205   4.567860     2.2138     0.1640  1.8378103  13.710974    13.6712    38.6486    29.0811     3.2661    141.743 0.0000e+00
    333.466    586.479    13.7206   4.567895     2.2140     0.1685  1.8380647  13.710290    13.6712    38.6488    29.0812     3.2679    141.818 0.0000e+00
    333.108    587.479    13.7200   4.567803     2.2143     0.1780  1.8380138  13.714392    13.6707    38.6486    29.0811     3.2677    141.812 0.0000e+00
    333.602    588.479    13.7197   4.567810     2.2144     0.1750  1.8376068  13.713708    13.6704    38.6487    29.0813     3.2669    141.776 0.0000e+00
    334.831    589.479    13.7162   4.567399     2.2139     0.1779  1.8378103  13.703454    13.6666    38.6479    29.0815     3.2669    141.779 0.0000e+00
    335.857    590.479    13.7151   4.567299     2.2143     0.1652  1.8381664  13.698668    13.6654    38.6476    29.0815     3.2690    141.869 0.0000e+00
    336.045    591.479    13.7147   4.567269     2.2140     0.1616  1.8378103  13.701403    13.6650    38.6476    29.0816     3.2660    141.739 0.0000e+00
    336.456    592.479    13.7147   4.567283     2.2133     0.1653  1.8377594  13.701403    13.6649    38.6476    29.0816     3.2657    141.723 0.0000e+00
    337.284    593.479    13.7134   4.567139     2.2132     0.1561  1.8378612  13.700719    13.6635    38.6471    29.0816     3.2667    141.768 0.0000e+00
    337.360    594.479    13.7127   4.567042     2.2131     0.1620  1.8380647  13.697301    13.6628    38.6468    29.0815     3.2659    141.734 0.0000e+00
    337.272    595.479    13.7122   4.566981     2.2130     0.1709  1.8379629  13.697985    13.6623    38.6469    29.0816     3.2685    141.846 0.0000e+00
    338.433    596.479    13.7120   4.567030     2.2140     0.1756  1.8380647  13.698668    13.6619    38.6470    29.0818     3.2721    142.002 0.0000e+00
    340.039    597.479    13.7120   4.567110     2.2146     0.1714  1.8382173  13.696617    13.6617    38.6470    29.0819     3.2719    141.994 0.0000e+00
    340.366    598.479    13.7121   4.567108     2.2145     0.1745  1.8383699  13.697301    13.6617    38.6468    29.0817     3.2708    141.946 0.0000e+00
    339.697    599.479    13.7133   4.567267     2.2144     0.1764  1.8379629  13.697985    13.6631    38.6473    29.0818     3.2697    141.900 0.0000e+00
    339.652    600.479    13.7131   4.567210     2.2140     0.1787  1.8379120  13.697301    13.6629    38.6470    29.0816     3.2664    141.754 0.0000e+00
    340.968    601.479    13.7121   4.567183     2.2126     0.1786  1.8381664  13.697301    13.6616    38.6472    29.0820     3.2651    141.697 0.0000e+00
    342.564    602.479    13.7129   4.567378     2.2128     0.1668  1.8381156  13.696617    13.6622    38.6475    29.0821     3.2708    141.948 0.0000e+00
    342.851    603.479    13.7131   4.567400     2.2139     0.1692  1.8378103  13.697301    13.6623    38.6474    29.0821     3.2729    142.037 0.0000e+00
    342.112    604.479    13.7131   4.567365     2.2140     0.1736  1.8381664  13.697301    13.6625    38.6474    29.0820     3.2707    141.939 0.0000e+00
    342.388    605.479    13.7131   4.567392     2.2141     0.1862  1.8384208  13.697301    13.6625    38.6475    29.0821     3.2709    141.948 0.0000e+00
    343.984    606.479    13.7138   4.567585     2.2139     0.1755  1.8384208  13.696617    13.6629    38.6479    29.0823     3.2706    141.936 0.0000e+00
    345.123    607.479    13.7139   4.567626     2.2137     0.1650  1.8383191  13.697301    13.6628    38.6477    29.0822     3.2703    141.926 0.0000e+00
    344.446    608.479    13.7140   4.567606     2.2132     0.1677  1.8381664  13.697301    13.6630    38.6477    29.0821     3.2663    141.753 0.0000e+00
    344.493    609.479    13.7140   4.567608     2.2120     0.1656  1.8382682  13.697301    13.6630    38.6478    29.0822     3.2657    141.723 0.0000e+00
    345.782    610.479    13.7139   4.567689     2.2121     0.1695  1.8384208  13.697301    13.6627    38.6480    29.0824     3.2693    141.879 0.0000e+00
    346.785    611.479    13.7142   4.567765     2.2126     0.1707  1.8382682  13.696617    13.6629    38.6480    29.0823     3.2686    141.849 0.0000e+00
    347.191    612.479    13.7144   4.567803     2.2117     0.1611  1.8381156  13.697985    13.6630    38.6480    29.0823     3.2646    141.676 0.0000e+00
    347.552    613.479    13.7145   4.567834     2.2110     0.1733  1.8385734  13.697985    13.6630    38.6480    29.0824     3.2643    141.666 0.0000e+00
    347.502    614.479    13.7145   4.567817     2.2101     0.1719  1.8382173  13.697301    13.6631    38.6478    29.0822     3.2604    141.497 0.0000e+00
    347.909    615.479    13.7147   4.567884     2.2093     0.1638  1.8383699  13.697301    13.6632    38.6481    29.0824     3.2631    141.612 0.0000e+00
    349.303    616.479    13.7139   4.567819     2.2098     0.1586  1.8387769  13.697301    13.6622    38.6477    29.0823     3.2639    141.647 0.0000e+00
    350.380    617.479    13.7111   4.567515     2.2089     0.1528  1.8385226  13.697301    13.6593    38.6471    29.0824     3.2609    141.516 0.0000e+00
    350.289    618.479    13.7114   4.567505     2.2088     0.1618  1.8385734  13.697301    13.6595    38.6468    29.0822     3.2641    141.654 0.0000e+00
