Boussole/Data/SBEMOOSE/Work/cnv/bous228_03.cnv
* Sea-Bird SBE 9 Data File:
* FileName = C:\boussole\202103\bous228_03.hdr
* Software Version Seasave V 7.23.2
* Temperature SN = 2473
* Conductivity SN = 2929
* Number of Bytes Per Scan = 37
* Number of Voltage Words = 4
* Number of Scans Averaged by the Deck Unit = 1
* NMEA Latitude = 43 22.32 N
* NMEA Longitude = 007 53.85 E
* NMEA UTC (Time) = Mar 03 2021  13:34:34
* NMEA baud rate = 4800
** Navire
** Station:
** Date
** Heure debut [TU]
** Heure fin [TU]
** Heure locale / TU = +0
** Latitude
** Longitude
** Heure meteo [TU]
** T air sec [deg C]
** T mer [deg C]
** Vent [noeuds, degres]
# nquan = 14
# nvalues = 1182                        
# units = specified
# name 0 = prDM: Pressure, Digiquartz [db]
# name 1 = timeS: Time, Elapsed [seconds]
# name 2 = t090C: Temperature [ITS-90, deg C]
# name 3 = c0S/m: Conductivity [S/m]
# name 4 = sbeox0V: Oxygen raw, SBE 43 [V]
# name 5 = flC: Fluorescence, Chelsea Aqua 3 Chl Con [ug/l]
# name 6 = upoly0: Upoly 0, RINKOIII_DO
# name 7 = upoly1: Upoly 1, RINKOIII_Temp
# name 8 = potemp090C: Potential Temperature [ITS-90, deg C]
# name 9 = sal00: Salinity, Practical [PSU]
# name 10 = sigma-é00: Density [sigma-theta, kg/m^3]
# name 11 = sbeox0ML/L: Oxygen, SBE 43 [ml/l], WS = 2
# name 12 = sbox0Mm/Kg: Oxygen, SBE 43 [umol/kg], WS = 2
# name 13 = flag: flag
# span 0 =      0.276,    304.175       
# span 1 =      0.479,   1181.104       
# span 2 =    13.3993,    13.9487       
# span 3 =   0.783956,   4.575171       
# span 4 =     2.1858,     3.0275       
# span 5 =     0.1695,     5.6114       
# span 6 =  1.5201974,  1.8323158       
# span 7 =  13.385354,  13.781376       
# span 8 =    13.3952,    13.9486       
# span 9 =     5.7284,    38.6578       
# span 10 =     3.7364,    29.0739      
# span 11 =     3.1935,     4.8379      
# span 12 =    138.591,    209.990      
# span 13 = 0.0000e+00, 0.0000e+00      
# interval = seconds: 1                 
# start_time = Mar 03 2021 13:34:34 [NMEA time, header]
# bad_flag = -9.990e-29
*END*
[from data line 1033]
     19.353   1033.479    13.4100   4.490895     3.0013     2.1533  1.5268111  13.393569    13.4072    38.3694    28.9208     4.7882    207.830 0.0000e+00
     19.479   1034.479    13.4101   4.490908     3.0015     2.1091  1.5268620  13.396307    13.4073    38.3694    28.9208     4.7916    207.980 0.0000e+00
     19.599   1035.479    13.4099   4.490881     3.0025     2.0574  1.5269129  13.390146    13.4072    38.3692    28.9207     4.7953    208.137 0.0000e+00
     19.526   1036.479    13.4099   4.490888     3.0034     2.0730  1.5269129  13.392884    13.4071    38.3694    28.9208     4.7968    208.203 0.0000e+00
     19.361   1037.479    13.4100   4.490900     3.0045     2.0907  1.5269638  13.396991    13.4073    38.3694    28.9208     4.8009    208.382 0.0000e+00
     19.459   1038.479    13.4101   4.490900     3.0066     2.0561  1.5265568  13.396307    13.4073    38.3693    28.9207     4.8061    208.608 0.0000e+00
     19.608   1039.479    13.4100   4.490909     3.0078     2.1058  1.5269638  13.390830    13.4072    38.3694    28.9208     4.8027    208.461 0.0000e+00
     19.456   1040.479    13.4100   4.490908     3.0069     2.2120  1.5268111  13.392199    13.4072    38.3694    28.9208     4.7982    208.262 0.0000e+00
     19.379   1041.479    13.4101   4.490892     3.0059     2.1168  1.5267094  13.394253    13.4073    38.3693    28.9207     4.7958    208.158 0.0000e+00
     19.513   1042.479    13.4101   4.490896     3.0047     2.0674  1.5269129  13.394938    13.4073    38.3693    28.9207     4.7932    208.047 0.0000e+00
     19.567   1043.479    13.4099   4.490900     3.0046     2.0741  1.5266076  13.390830    13.4071    38.3694    28.9208     4.8019    208.426 0.0000e+00
     19.421   1044.479    13.4101   4.490910     3.0078     2.1482  1.5267094  13.394253    13.4073    38.3694    28.9208     4.8099    208.770 0.0000e+00
     19.376   1045.479    13.4102   4.490904     3.0085     2.0784  1.5268111  13.394253    13.4074    38.3693    28.9207     4.8046    208.544 0.0000e+00
     19.574   1046.479    13.4100   4.490908     3.0088     2.0428  1.5266585  13.392199    13.4072    38.3694    28.9208     4.8066    208.631 0.0000e+00
     19.625   1047.479    13.4101   4.490881     3.0090     2.0399  1.5267094  13.392884    13.4073    38.3691    28.9205     4.8046    208.542 0.0000e+00
     19.415   1048.479    13.4102   4.490914     3.0087     2.1267  1.5269129  13.392199    13.4074    38.3694    28.9207     4.8044    208.534 0.0000e+00
     19.323   1049.479    13.4102   4.490907     3.0087     2.0867  1.5266076  13.396307    13.4074    38.3694    28.9207     4.8026    208.455 0.0000e+00
     19.491   1050.479    13.4102   4.490923     3.0072     2.1011  1.5266585  13.393569    13.4074    38.3694    28.9208     4.7960    208.169 0.0000e+00
     19.583   1051.479    13.4102   4.490925     3.0059     2.1283  1.5271673  13.394938    13.4074    38.3694    28.9208     4.7989    208.297 0.0000e+00
     19.495   1052.479    13.4102   4.490923     3.0070     2.1317  1.5267094  13.394253    13.4074    38.3694    28.9207     4.8021    208.433 0.0000e+00
     19.476   1053.479    13.4102   4.490931     3.0061     2.0589  1.5269638  13.399729    13.4074    38.3695    28.9208     4.7973    208.226 0.0000e+00
     19.480   1054.479    13.4103   4.490943     3.0062     2.0003  1.5267094  13.392884    13.4075    38.3695    28.9208     4.8011    208.389 0.0000e+00
     19.380   1055.479    13.4103   4.490943     3.0069     1.9962  1.5266076  13.393569    13.4075    38.3696    28.9208     4.8035    208.493 0.0000e+00
     19.425   1056.479    13.4103   4.490943     3.0080     2.0658  1.5266585  13.398360    13.4075    38.3695    28.9208     4.8031    208.478 0.0000e+00
     19.663   1057.479    13.4101   4.490931     3.0064     2.1722  1.5266585  13.391515    13.4073    38.3695    28.9208     4.7945    208.103 0.0000e+00
     19.587   1058.479    13.4104   4.490940     3.0053     2.1588  1.5268111  13.392884    13.4076    38.3693    28.9207     4.7966    208.196 0.0000e+00
     19.303   1059.479    13.4103   4.490917     3.0051     2.1125  1.5267094  13.395622    13.4075    38.3693    28.9207     4.7984    208.275 0.0000e+00
     19.323   1060.479    13.4103   4.490930     3.0068     2.0837  1.5266076  13.394253    13.4075    38.3694    28.9208     4.8094    208.752 0.0000e+00
     19.537   1061.479    13.4102   4.490937     3.0101     2.0806  1.5262515  13.392884    13.4074    38.3695    28.9208     4.8136    208.932 0.0000e+00
     19.571   1062.479    13.4102   4.490934     3.0103     2.1076  1.5266076  13.392199    13.4074    38.3694    28.9208     4.8063    208.618 0.0000e+00
     19.523   1063.479    13.4100   4.490904     3.0096     2.1450  1.5265059  13.394938    13.4072    38.3694    28.9208     4.8048    208.551 0.0000e+00
     19.535   1064.479    13.4101   4.490924     3.0093     2.0340  1.5267094  13.395622    13.4073    38.3695    28.9208     4.8069    208.643 0.0000e+00
     19.483   1065.479    13.4103   4.490939     3.0102     2.0368  1.5266076  13.396307    13.4075    38.3695    28.9208     4.8113    208.834 0.0000e+00
     19.342   1066.479    13.4103   4.490925     3.0115     2.0524  1.5264041  13.400414    13.4075    38.3694    28.9207     4.8125    208.885 0.0000e+00
     19.307   1067.479    13.4103   4.490926     3.0113     2.0937  1.5266585  13.399045    13.4075    38.3694    28.9207     4.8065    208.624 0.0000e+00
     19.532   1068.479    13.4103   4.490925     3.0099     2.0599  1.5265568  13.396307    13.4075    38.3694    28.9207     4.8031    208.477 0.0000e+00
     19.720   1069.479    13.4101   4.490929     3.0084     2.0130  1.5267094  13.392884    13.4073    38.3694    28.9208     4.7994    208.315 0.0000e+00
     19.553   1070.479    13.4104   4.490947     3.0075     2.1437  1.5265059  13.396307    13.4076    38.3694    28.9207     4.8022    208.438 0.0000e+00
     19.319   1071.479    13.4103   4.490920     3.0079     2.1548  1.5266585  13.394253    13.4075    38.3694    28.9207     4.8053    208.572 0.0000e+00
     19.321   1072.479    13.4103   4.490922     3.0091     2.0451  1.5268111  13.394938    13.4075    38.3694    28.9207     4.8085    208.711 0.0000e+00
     19.536   1073.479    13.4103   4.490932     3.0101     2.0211  1.5269638  13.394253    13.4075    38.3693    28.9207     4.8115    208.842 0.0000e+00
     19.541   1074.479    13.4104   4.490950     3.0115     2.0556  1.5265059  13.392884    13.4076    38.3694    28.9207     4.8130    208.905 0.0000e+00
     19.420   1075.479    13.4104   4.490934     3.0114     2.1849  1.5263533  13.398360    13.4076    38.3694    28.9207     4.8080    208.687 0.0000e+00
     19.399   1076.479    13.4103   4.490927     3.0103     2.1053  1.5261498  13.396991    13.4075    38.3694    28.9208     4.8019    208.427 0.0000e+00
     19.268   1077.479    13.4104   4.490932     3.0078     2.0346  1.5263024  13.394938    13.4076    38.3694    28.9207     4.7983    208.271 0.0000e+00
     18.821   1078.479    13.4104   4.490894     3.0077     2.1431  1.5266076  13.392199    13.4077    38.3693    28.9206     4.8036    208.498 0.0000e+00
     18.409   1079.479    13.4105   4.490880     3.0087     2.2232  1.5265568  13.393569    13.4079    38.3691    28.9204     4.8079    208.686 0.0000e+00
     18.296   1080.479    13.4106   4.490874     3.0096     2.2120  1.5264041  13.394253    13.4080    38.3691    28.9204     4.8062    208.611 0.0000e+00
     18.010   1081.479    13.4107   4.490876     3.0099     2.1318  1.5266076  13.392199    13.4081    38.3692    28.9204     4.8117    208.849 0.0000e+00
     16.936   1082.479    13.4112   4.490864     3.0128     2.1260  1.5260480  13.393569    13.4087    38.3690    28.9202     4.8208    209.244 0.0000e+00
     15.629   1083.479    13.4148   4.491155     3.0157     2.0899  1.5260989  13.390830    13.4125    38.3688    28.9192     4.8249    209.425 0.0000e+00
     14.697   1084.479    13.4154   4.491093     3.0187     2.0143  1.5260989  13.396991    13.4133    38.3680    28.9184     4.8309    209.683 0.0000e+00
     13.866   1085.479    13.4154   4.490964     3.0207     2.0180  1.5253866  13.399045    13.4134    38.3672    28.9178     4.8284    209.576 0.0000e+00
     12.925   1086.479    13.4156   4.490939     3.0209     2.3313  1.5246744  13.398360    13.4137    38.3672    28.9177     4.8271    209.521 0.0000e+00
     11.779   1087.479    13.4163   4.490951     3.0221     2.4743  1.5244200  13.399045    13.4146    38.3671    28.9175     4.8289    209.596 0.0000e+00
     10.871   1088.479    13.4184   4.491059     3.0216     2.1914  1.5239621  13.399045    13.4168    38.3665    28.9165     4.8227    209.327 0.0000e+00
     10.289   1089.479    13.4154   4.490810     3.0209     2.1658  1.5241147  13.401098    13.4139    38.3673    28.9177     4.8238    209.374 0.0000e+00
      9.823   1090.479    13.4150   4.490767     3.0215     1.9449  1.5236060  13.401098    13.4136    38.3675    28.9179     4.8272    209.523 0.0000e+00
      9.214   1091.479    13.4166   4.490916     3.0227     1.7735  1.5230464  13.401783    13.4153    38.3676    28.9177     4.8298    209.635 0.0000e+00
      8.682   1092.479    13.4202   4.491116     3.0227     1.6539  1.5229446  13.403836    13.4189    38.3661    28.9158     4.8234    209.359 0.0000e+00
      8.364   1093.479    13.4160   4.490743     3.0216     1.6768  1.5226394  13.403152    13.4148    38.3670    28.9173     4.8218    209.291 0.0000e+00
      7.817   1094.479    13.4170   4.490851     3.0215     1.7090  1.5224359  13.406574    13.4159    38.3672    28.9173     4.8266    209.499 0.0000e+00
      7.129   1095.479    13.4186   4.490910     3.0236     1.6294  1.5221306  13.409312    13.4176    38.3665    28.9163     4.8347    209.848 0.0000e+00
      6.811   1096.479    13.4168   4.490764     3.0260     1.5755  1.5223850  13.409996    13.4158    38.3671    28.9172     4.8379    209.990 0.0000e+00
      6.628   1097.479    13.4193   4.490968     3.0275     1.6251  1.5223850  13.409996    13.4184    38.3665    28.9162     4.8358    209.900 0.0000e+00
      6.068   1098.479    13.4211   4.491064     3.0268     1.5797  1.5222324  13.417526    13.4203    38.3659    28.9153     4.8303    209.657 0.0000e+00
      5.537   1099.479    13.4243   4.491367     3.0261     1.5665  1.5222324  13.426423    13.4235    38.3658    28.9146     4.8297    209.632 0.0000e+00
      5.238   1100.479    13.4245   4.491352     3.0262     1.5742  1.5224867  13.419579    13.4238    38.3656    28.9144     4.8305    209.668 0.0000e+00
      4.948   1101.479    13.4241   4.491325     3.0259     1.5899  1.5224867  13.429161    13.4234    38.3660    28.9147     4.8289    209.597 0.0000e+00
      4.885   1102.479    13.4245   4.491379     3.0254     1.6194  1.5225376  13.422317    13.4238    38.3660    28.9147     4.8268    209.507 0.0000e+00
      5.017   1103.479    13.4359   4.492577     3.0246     1.6140  1.5228429  13.418894    13.4352    38.3659    28.9122     4.8217    209.287 0.0000e+00
      5.061   1104.479    13.4409   4.493068     3.0227     1.6635  1.5229955  13.418210    13.4402    38.3656    28.9109     4.8209    209.251 0.0000e+00
      4.958   1105.479    13.4437   4.493272     3.0244     1.7212  1.5228429  13.418210    13.4430    38.3648    28.9096     4.8312    209.700 0.0000e+00
      4.868   1106.479    13.4453   4.493444     3.0264     1.7281  1.5225376  13.418210    13.4446    38.3648    28.9093     4.8328    209.768 0.0000e+00
      4.901   1107.479    13.4455   4.493492     3.0267     1.6527  1.5227920  13.418894    13.4448    38.3651    28.9095     4.8290    209.602 0.0000e+00
      5.033   1108.479    13.4509   4.494049     3.0266     1.6446  1.5225376  13.418210    13.4502    38.3649    28.9082     4.8263    209.485 0.0000e+00
      5.087   1109.479    13.4539   4.494375     3.0246     1.6786  1.5218762  13.433268    13.4532    38.3650    28.9077     4.8182    209.134 0.0000e+00
      5.051   1110.479    13.4594   4.494898     3.0236     1.7124  1.5221306  13.438743    13.4587    38.3645    28.9061     4.8240    209.387 0.0000e+00
      4.920   1111.479    13.4570   4.494683     3.0254     1.6575  1.5221306  13.442850    13.4563    38.3649    28.9069     4.8263    209.486 0.0000e+00
      4.781   1112.479    13.4509   4.493980     3.0237     1.6252  1.5227411  13.445587    13.4502    38.3644    28.9078     4.8181    209.132 0.0000e+00
      4.929   1113.479    13.4584   4.494955     3.0232     1.5768  1.5222833  13.451062    13.4577    38.3661    28.9075     4.8234    209.362 0.0000e+00
      5.161   1114.479    13.4683   4.495740     3.0248     1.5624  1.5225885  13.442849    13.4676    38.3635    28.9035     4.8261    209.480 0.0000e+00
      5.053   1115.479    13.4636   4.495405     3.0254     1.5983  1.5226394  13.451746    13.4629    38.3651    28.9057     4.8288    209.595 0.0000e+00
      4.885   1116.479    13.4655   4.495584     3.0271     1.6045  1.5221306  13.465433    13.4648    38.3650    28.9052     4.8312    209.700 0.0000e+00
      4.926   1117.479    13.4636   4.495381     3.0272     2.0004  1.5221815  13.467486    13.4629    38.3649    28.9055     4.8284    209.579 0.0000e+00
      4.995   1118.479    13.4662   4.495628     3.0267     1.7775  1.5228937  13.467486    13.4655    38.3647    28.9048     4.8229    209.339 0.0000e+00
      5.003   1119.479    13.4725   4.496244     3.0246     1.6183  1.5220797  13.494172    13.4718    38.3642    28.9031     4.8178    209.117 0.0000e+00
      4.991   1120.479    13.4703   4.496059     3.0240     1.5564  1.5221815  13.492803    13.4696    38.3647    28.9039     4.8223    209.312 0.0000e+00
      4.957   1121.479    13.4699   4.496293     3.0250     1.4661  1.5224867  13.496909    13.4692    38.3673    28.9061     4.8259    209.470 0.0000e+00
      4.970   1122.479    13.4739   4.496260     3.0250     1.4291  1.5231481  13.498277    13.4732    38.3630    28.9018     4.8218    209.294 0.0000e+00
      4.973   1123.479    13.4833   4.498064     3.0253     1.4121  1.5226903  13.501698    13.4826    38.3708    28.9059     4.8258    209.467 0.0000e+00
      5.038   1124.479    13.5099   4.499964     3.0265     1.3464  1.5227411  13.516067    13.5092    38.3621    28.8935     4.8243    209.402 0.0000e+00
      5.109   1125.479    13.4885   4.497963     3.0259     1.3461  1.5228429  13.515383    13.4878    38.3644    28.8999     4.8167    209.073 0.0000e+00
      4.995   1126.479    13.5232   4.501927     3.0230     1.3298  1.5231481  13.522908    13.5225    38.3675    28.8949     4.8077    208.684 0.0000e+00
      4.885   1127.479    13.5420   4.503670     3.0214     1.2857  1.5231481  13.527013    13.5413    38.3652    28.8891     4.8007    208.378 0.0000e+00
      4.892   1128.479    13.5441   4.503622     3.0185     1.5139  1.5233007  13.527013    13.5434    38.3627    28.8867     4.7986    208.287 0.0000e+00
      5.000   1129.479    13.5282   4.501874     3.0185     1.6131  1.5234534  13.529749    13.5275    38.3619    28.8895     4.8034    208.496 0.0000e+00
      5.146   1130.479    13.5122   4.500502     3.0175     1.4698  1.5236569  13.528381    13.5115    38.3649    28.8952     4.7972    208.226 0.0000e+00
      5.016   1131.479    13.5251   4.501873     3.0145     1.3961  1.5235551  13.527697    13.5244    38.3651    28.8926     4.7899    207.911 0.0000e+00
      4.866   1132.479    13.5373   4.503188     3.0135     1.4432  1.5236569  13.532486    13.5366    38.3654    28.8902     4.7927    208.031 0.0000e+00
      5.008   1133.479    13.5351   4.502764     3.0144     1.4120  1.5239621  13.531802    13.5344    38.3635    28.8892     4.7978    208.254 0.0000e+00
      5.096   1134.479    13.5284   4.502195     3.0150     1.4458  1.5241656  13.529065    13.5277    38.3647    28.8916     4.8008    208.384 0.0000e+00
