Boussole/Data/SBEMOOSE/Work/cnv/Bous222_01.cnv
* Sea-Bird SBE 9 Data File:
* FileName = C:\boussole\202009\Bous222_01.hdr
* Software Version Seasave V 7.23.2
* Temperature SN = 5545
* Conductivity SN = 4097
* Number of Bytes Per Scan = 37
* Number of Voltage Words = 4
* Number of Scans Averaged by the Deck Unit = 1
* NMEA Latitude = 43 21.89 N
* NMEA Longitude = 007 53.94 E
* NMEA UTC (Time) = Sep 12 2020  10:41:40
* NMEA baud rate = 4800
** Navire
** Station:
** Date
** Heure debut [TU]
** Heure fin [TU]
** Heure locale / TU = +0
** Latitude
** Longitude
** Heure meteo [TU]
** T air sec [deg C]
** T mer [deg C]
** Vent [noeuds, degres]
# nquan = 21
# nvalues = 268                         
# units = specified
# name 0 = prDM: Pressure, Digiquartz [db]
# name 1 = timeS: Time, Elapsed [seconds]
# name 2 = t090C: Temperature [ITS-90, deg C]
# name 3 = t190C: Temperature, 2 [ITS-90, deg C]
# name 4 = c0S/m: Conductivity [S/m]
# name 5 = c1S/m: Conductivity, 2 [S/m]
# name 6 = sbeox0V: Oxygen raw, SBE 43 [V]
# name 7 = v2: Voltage 2
# name 8 = flC: Fluorescence, Chelsea Aqua 3 Chl Con [ug/l]
# name 9 = v3: Voltage 3
# name 10 = CStarTr0: Beam Transmission, WET Labs C-Star [%]
# name 11 = CStarAt0: Beam Attenuation, WET Labs C-Star [1/m]
# name 12 = sbeox0ML/L: Oxygen, SBE 43 [ml/l], WS = 2
# name 13 = sbox0Mm/Kg: Oxygen, SBE 43 [umol/kg], WS = 2
# name 14 = potemp090C: Potential Temperature [ITS-90, deg C]
# name 15 = potemp190C: Potential Temperature, 2 [ITS-90, deg C]
# name 16 = sal00: Salinity, Practical [PSU]
# name 17 = sal11: Salinity, Practical, 2 [PSU]
# name 18 = sigma-é00: Density [sigma-theta, kg/m^3]
# name 19 = sigma-é11: Density, 2 [sigma-theta, kg/m^3]
# name 20 = flag: flag
# span 0 =      2.143,    104.465       
# span 1 =      0.479,    267.125       
# span 2 =    13.6170,    22.8676       
# span 3 =    13.6214,    22.8648       
# span 4 =   4.523616,   5.520385       
# span 5 =   4.523546,   5.520365       
# span 6 =     2.4254,     3.7290       
# span 7 =     1.1875,     1.7845       
# span 8 =    -0.0170,     0.8416       
# span 9 =     4.4160,     4.7384       
# span 10 =    92.7826,    99.5790      
# span 11 =     0.0169,     0.2997      
# span 12 =     3.6059,     5.9549      
# span 13 =    156.500,    258.577      
# span 14 =    13.6078,    22.8671      
# span 15 =    13.6123,    22.8644      
# span 16 =    38.3878,    38.6744      
# span 17 =    38.3396,    38.5361      
# span 18 =    26.5446,    28.9930      
# span 19 =    26.5470,    28.9919      
# span 20 = 0.0000e+00, 0.0000e+00      
# interval = seconds: 1                 
# start_time = Sep 12 2020 10:41:40 [NMEA time, header]
# bad_flag = -9.990e-29
*END*
[from data line 69]
     29.413     69.479    15.1452    15.1412   4.684871   4.680237     3.6159     1.5749     0.4367     4.4160    92.7837     0.2996     5.7915    251.455    15.1406    15.1366    38.4585    38.4197    28.6095    28.5804 0.0000e+00
     29.715     70.479    15.1071    15.1060   4.680805   4.676447     3.5933     1.5858     0.4366     4.4237    92.9467     0.2926     5.7257    248.595    15.1024    15.1014    38.4584    38.4192    28.6181    28.5881 0.0000e+00
     30.305     71.479    15.0078    15.0408   4.671514   4.668935     3.5589     1.5960     0.4371     4.4297    93.0732     0.2871     5.6550    245.517    15.0031    15.0361    38.4702    38.4138    28.6497    28.5986 0.0000e+00
     30.973     72.479    14.8396    14.8595   4.653757   4.650338     3.5273     1.5959     0.4375     4.4334    93.1494     0.2839     5.6089    243.509    14.8348    14.8547    38.4717    38.4202    28.6888    28.6445 0.0000e+00
     31.305     73.479    14.7936    14.8280   4.647889   4.647213     3.4901     1.5963     0.4563     4.4418    93.3274     0.2762     5.5278    239.986    14.7888    14.8232    38.4625    38.4222    28.6920    28.6531 0.0000e+00
     31.645     74.479    14.6929    14.7230   4.638173   4.635650     3.4509     1.5964     0.4884     4.4522    93.5461     0.2668     5.4575    236.928    14.6881    14.7181    38.4718    38.4185    28.7218    28.6738 0.0000e+00
     32.221     75.479    14.5750    14.6462   4.624903   4.626889     3.4119     1.6072     0.4930     4.4555    93.6169     0.2638     5.3954    234.225    14.5701    14.6413    38.4648    38.4127    28.7426    28.6864 0.0000e+00
     32.696     76.479    14.5225    14.5297   4.618058   4.614614     3.3752     1.6252     0.4794     4.4625    93.7649     0.2575     5.3391    231.780    14.5175    14.5247    38.4529    38.4135    28.7450    28.7130 0.0000e+00
     33.160     77.479    14.4763    14.4962   4.612789   4.610954     3.3434     1.6276     0.4703     4.4778    94.0866     0.2438     5.2915    229.716    14.4712    14.4912    38.4494    38.4123    28.7526    28.7195 0.0000e+00
     33.717     78.479    14.4322    14.4435   4.608266   4.605124     3.3138     1.6202     0.4566     4.4877    94.2957     0.2349     5.2380    227.388    14.4271    14.4384    38.4506    38.4099    28.7633    28.7293 0.0000e+00
     34.186     79.479    14.3873    14.3858   4.603198   4.599113     3.2840     1.6152     0.4640     4.4897    94.3375     0.2332     5.1867    225.162    14.3821    14.3806    38.4476    38.4108    28.7709    28.7427 0.0000e+00
     34.591     80.479    14.3294    14.3414   4.597532   4.594385     3.2566     1.6074     0.4750     4.4914    94.3729     0.2317     5.1371    223.002    14.3242    14.3362    38.4519    38.4104    28.7870    28.7523 0.0000e+00
     35.062     81.479    14.2678    14.2875   4.591217   4.589008     3.2257     1.6117     0.4671     4.4969    94.4887     0.2268     5.0721    220.177    14.2625    14.2822    38.4538    38.4134    28.8020    28.7664 0.0000e+00
     35.590     82.479    14.2018    14.2127   4.584574   4.581282     3.1946     1.6177     0.4537     4.5006    94.5670     0.2235     5.0285    218.284    14.1965    14.2074    38.4570    38.4151    28.8190    28.7841 0.0000e+00
     36.081     83.479    14.1728    14.1825   4.580705   4.578378     3.1713     1.6134     0.4515     4.5043    94.6442     0.2202     5.0050    217.263    14.1674    14.1771    38.4494    38.4177    28.8194    28.7927 0.0000e+00
     36.573     84.479    14.1615    14.1766   4.579319   4.577573     3.1529     1.6058     0.4573     4.5051    94.6613     0.2195     4.9769    216.041    14.1561    14.1711    38.4473    38.4158    28.8202    28.7926 0.0000e+00
     37.043     85.479    14.1516    14.1616   4.577902   4.575845     3.1342     1.6046     0.4663     4.5048    94.6549     0.2197     4.9354    214.243    14.1461    14.1561    38.4437    38.4143    28.8196    28.7947 0.0000e+00
     37.481     86.479    14.1339    14.1453   4.576170   4.574096     3.1151     1.6079     0.4739     4.5026    94.6077     0.2217     4.9041    212.881    14.1283    14.1397    38.4448    38.4139    28.8244    28.7979 0.0000e+00
     37.911     87.479    14.1057    14.1260   4.573503   4.572049     3.0975     1.6129     0.4972     4.5046    94.6517     0.2199     4.8646    211.164    14.1001    14.1204    38.4477    38.4136    28.8327    28.8020 0.0000e+00
     38.437     88.479    14.0468    14.0615   4.567758   4.565215     3.0752     1.6172     0.5148     4.5006    94.5659     0.2235     4.8131    208.925    14.0411    14.0558    38.4521    38.4133    28.8490    28.8158 0.0000e+00
     38.957     89.479    13.9892    14.0158   4.560983   4.560449     3.0497     1.6299     0.5269     4.5005    94.5637     0.2236     4.7630    206.751    13.9834    14.0100    38.4455    38.4138    28.8564    28.8261 0.0000e+00
     39.373     90.479    13.9758    13.9835   4.559243   4.557149     3.0254     1.6393     0.5483     4.5008    94.5713     0.2232     4.7254    205.116    13.9699    13.9777    38.4423    38.4148    28.8569    28.8338 0.0000e+00
     39.960     91.479    13.9649    13.9732   4.558135   4.556136     3.0058     1.6457     0.5464     4.5074    94.7107     0.2174     4.7000    204.015    13.9590    13.9673    38.4425    38.4152    28.8593    28.8365 0.0000e+00
     40.504     92.479    13.9493    13.9556   4.556143   4.554302     2.9900     1.6567     0.5486     4.5065    94.6903     0.2182     4.6793    203.117    13.9433    13.9496    38.4390    38.4153    28.8600    28.8403 0.0000e+00
     40.746     93.479    13.9387    13.9583   4.554982   4.554267     2.9772     1.6557     0.5622     4.5002    94.5584     0.2238     4.6589    202.230    13.9327    13.9523    38.4385    38.4121    28.8620    28.8373 0.0000e+00
     41.156     94.479    13.9253    13.9370   4.553596   4.552257     2.9635     1.6568     0.5661     4.5066    94.6935     0.2181     4.6214    200.601    13.9192    13.9309    38.4386    38.4143    28.8650    28.8436 0.0000e+00
     41.892     95.479    13.8946    13.9109   4.551165   4.549782     2.9441     1.6636     0.5646     4.5059    94.6785     0.2187     4.5692    198.334    13.8884    13.9047    38.4461    38.4166    28.8774    28.8510 0.0000e+00
     42.490     96.479    13.8654    13.8809   4.547961   4.547037     2.9209     1.6656     0.5827     4.5035    94.6270     0.2209     4.5259    196.454    13.8591    13.8746    38.4448    38.4204    28.8827    28.8605 0.0000e+00
     42.758     97.479    13.8582    13.8725   4.546949   4.546123     2.9024     1.6648     0.6342     4.4942    94.4319     0.2292     4.5017    195.402    13.8519    13.8662    38.4423    38.4201    28.8823    28.8621 0.0000e+00
     43.045     98.479    13.8473    13.8543   4.545738   4.544195     2.8854     1.6738     0.7185     4.4853    94.2442     0.2371     4.4615    193.657    13.8410    13.8479    38.4415    38.4199    28.8841    28.8659 0.0000e+00
     43.658     99.479    13.8283    13.8459   4.543861   4.543265     2.8644     1.6981     0.7485     4.4847    94.2324     0.2376     4.4164    191.700    13.8218    13.8395    38.4426    38.4192    28.8890    28.8672 0.0000e+00
     44.367    100.479    13.7985    13.8067   4.540721   4.539265     2.8445     1.7353     0.7747     4.4779    94.0876     0.2438     4.3800    190.120    13.7920    13.8002    38.4424    38.4202    28.8953    28.8764 0.0000e+00
     44.757    101.479    13.7895    13.8033   4.539582   4.538901     2.8240     1.7479     0.8087     4.4661    93.8399     0.2543     4.3369    188.247    13.7829    13.7967    38.4404    38.4200    28.8958    28.8770 0.0000e+00
     45.113    102.479    13.7752    13.7812   4.538174   4.536697     2.8030     1.7585     0.8416     4.4802    94.1370     0.2417     4.2894    186.185    13.7686    13.7746    38.4412    38.4211    28.8995    28.8826 0.0000e+00
     45.610    103.479    13.7620    13.7706   4.536756   4.535688     2.7781     1.7719     0.8403     4.4916    94.3783     0.2315     4.2259    183.429    13.7553    13.7639    38.4408    38.4219    28.9020    28.8855 0.0000e+00
     46.162    104.479    13.7351    13.7443   4.534417   4.533160     2.7488     1.7845     0.7776     4.5050    94.6592     0.2196     4.1628    180.685    13.7284    13.7375    38.4453    38.4241    28.9112    28.8928 0.0000e+00
     46.742    105.479    13.7222    13.7334   4.532844   4.532226     2.7210     1.7840     0.7305     4.5249    95.0795     0.2018     4.1176    178.726    13.7154    13.7265    38.4430    38.4259    28.9123    28.8966 0.0000e+00
     47.226    106.479    13.7195    13.7282   4.532500   4.531693     2.6980     1.7596     0.7061     4.5459    95.5224     0.1832     4.0887    177.469    13.7126    13.7213    38.4423    38.4258    28.9123    28.8977 0.0000e+00
     47.694    107.479    13.7160    13.7227   4.532064   4.531166     2.6811     1.7404     0.6456     4.5621    95.8623     0.1690     4.0697    176.645    13.7090    13.7157    38.4414    38.4262    28.9124    28.8991 0.0000e+00
     48.174    108.479    13.7141    13.7205   4.531820   4.530975     2.6682     1.7301     0.5981     4.5669    95.9653     0.1647     4.0556    176.033    13.7071    13.7135    38.4408    38.4263    28.9123    28.8997 0.0000e+00
     48.666    109.479    13.7123    13.7176   4.531585   4.530702     2.6590     1.7034     0.5675     4.5702    96.0339     0.1619     4.0423    175.454    13.7052    13.7105    38.4402    38.4264    28.9122    28.9004 0.0000e+00
     49.256    110.479    13.7102    13.7151   4.531395   4.530495     2.6486     1.6812     0.5571     4.5723    96.0789     0.1600     4.0114    174.115    13.7030    13.7079    38.4401    38.4267    28.9127    28.9012 0.0000e+00
     49.755    111.479    13.7036    13.7090   4.530939   4.530043     2.6345     1.6663     0.5342     4.5739    96.1122     0.1586     3.9805    172.774    13.6963    13.7017    38.4422    38.4283    28.9157    28.9038 0.0000e+00
     50.197    112.479    13.6910    13.6986   4.529954   4.529238     2.6224     1.6611     0.5097     4.5762    96.1605     0.1566     3.9627    171.999    13.6837    13.6912    38.4453    38.4309    28.9208    28.9080 0.0000e+00
     50.698    113.479    13.6860    13.6926   4.529378   4.528717     2.6112     1.6494     0.4994     4.5855    96.3556     0.1485     3.9440    171.188    13.6786    13.6852    38.4447    38.4317    28.9215    28.9099 0.0000e+00
     51.230    114.479    13.6770    13.6841   4.528607   4.527940     2.6014     1.6366     0.4921     4.5894    96.4393     0.1450     3.9200    170.147    13.6695    13.6766    38.4461    38.4326    28.9245    28.9125 0.0000e+00
     51.735    115.479    13.6680    13.6762   4.527679   4.527250     2.5876     1.6311     0.4634     4.6069    96.8081     0.1298     3.8858    168.659    13.6605    13.6687    38.4461    38.4338    28.9264    28.9151 0.0000e+00
     52.301    116.479    13.6630    13.6704   4.527173   4.526736     2.5738     1.6271     0.4381     4.6650    98.0317     0.0795     3.8689    167.928    13.6553    13.6627    38.4461    38.4345    28.9276    28.9169 0.0000e+00
     52.793    117.479    13.6603    13.6646   4.526913   4.526267     2.5670     1.6113     0.4111     4.6684    98.1035     0.0766     3.8729    168.101    13.6526    13.6569    38.4462    38.4356    28.9281    28.9191 0.0000e+00
     53.125    118.479    13.6592    13.6638   4.526793   4.526226     2.5633     1.5968     0.4081     4.6698    98.1346     0.0753     3.8666    167.828    13.6515    13.6561    38.4459    38.4359    28.9282    28.9194 0.0000e+00
     53.673    119.479    13.6564    13.6637   4.526548   4.526232     2.5577     1.5808     0.4064     4.6708    98.1550     0.0745     3.8523    167.204    13.6486    13.6559    38.4461    38.4357    28.9290    28.9194 0.0000e+00
     54.339    120.479    13.6524    13.6574   4.526237   4.525756     2.5525     1.5790     0.3941     4.6745    98.2322     0.0713     3.8458    166.924    13.6444    13.6495    38.4470    38.4373    28.9305    28.9219 0.0000e+00
     54.691    121.479    13.6514    13.6568   4.526095   4.525729     2.5484     1.5780     0.3682     4.6407    97.5191     0.1005     3.8401    166.678    13.6434    13.6488    38.4464    38.4374    28.9303    28.9222 0.0000e+00
     55.025    122.479    13.6494    13.6547   4.526003   4.525638     2.5459     1.5705     0.3456     4.6712    98.1625     0.0742     3.8418    166.751    13.6414    13.6467    38.4474    38.4386    28.9315    28.9235 0.0000e+00
     55.671    123.479    13.6488    13.6547   4.526128   4.525857     2.5450     1.5541     0.3269     4.6842    98.4348     0.0631     3.8436    166.827    13.6407    13.6466    38.4489    38.4404    28.9328    28.9249 0.0000e+00
     56.264    124.479    13.6488    13.6532   4.526187   4.525828     2.5452     1.5393     0.3307     4.6866    98.4884     0.0609     3.8481    167.023    13.6406    13.6450    38.4492    38.4413    28.9331    28.9260 0.0000e+00
     56.569    125.479    13.6491    13.6538   4.526187   4.525870     2.5462     1.5268     0.3224     4.6884    98.5271     0.0593     3.8494    167.080    13.6408    13.6455    38.4488    38.4410    28.9327    28.9256 0.0000e+00
     57.053    126.479    13.6483    13.6542   4.526144   4.525981     2.5460     1.5294     0.3089     4.6891    98.5410     0.0588     3.8430    166.805    13.6399    13.6459    38.4490    38.4414    28.9330    28.9259 0.0000e+00
     57.706    127.479    13.6428    13.6477   4.525870   4.525502     2.5430     1.5237     0.2938     4.6915    98.5903     0.0568     3.8302    166.246    13.6344    13.6393    38.4515    38.4431    28.9362    28.9286 0.0000e+00
     58.086    128.479    13.6393    13.6459   4.525472   4.525396     2.5389     1.5143     0.2863     4.6926    98.6128     0.0558     3.8218    165.882    13.6308    13.6374    38.4511    38.4437    28.9367    28.9295 0.0000e+00
     58.426    129.479    13.6380    13.6439   4.525418   4.525271     2.5347     1.5035     0.2632     4.6965    98.6965     0.0525     3.8117    165.442    13.6295    13.6354    38.4517    38.4444    28.9374    28.9304 0.0000e+00
     59.038    130.479    13.6359    13.6432   4.525233   4.525250     2.5299     1.4981     0.2613     4.6980    98.7265     0.0513     3.8006    164.961    13.6273    13.6346    38.4519    38.4446    28.9380    28.9308 0.0000e+00
     59.682    131.479    13.6330    13.6376   4.524912   4.524705     2.5247     1.4808     0.2632     4.6986    98.7394     0.0507     3.7929    164.629    13.6243    13.6289    38.4514    38.4448    28.9383    28.9321 0.0000e+00
     60.098    132.479    13.6288    13.6327   4.524437   4.524149     2.5212     1.4794     0.2537     4.6979    98.7254     0.0513     3.7869    164.367    13.6201    13.6239    38.4509    38.4442    28.9387    28.9327 0.0000e+00
     60.402    133.479    13.6256    13.6304   4.524075   4.523927     2.5162     1.4808     0.2462     4.6993    98.7555     0.0501     3.7753    163.863    13.6168    13.6216    38.4506    38.4443    28.9392    28.9333 0.0000e+00
     60.942    134.479    13.6234    13.6280   4.523864   4.523769     2.5123     1.4735     0.2416     4.7017    98.8059     0.0480     3.7698    163.624    13.6146    13.6191    38.4505    38.4449    28.9396    28.9343 0.0000e+00
     61.578    135.479    13.6223    13.6268   4.523919   4.523786     2.5081     1.4678     0.2418     4.7027    98.8263     0.0472     3.7608    163.234    13.6133    13.6178    38.4518    38.4461    28.9409    28.9355 0.0000e+00
     62.070    136.479    13.6197    13.6255   4.523699   4.523712     2.5044     1.4641     0.2314     4.7037    98.8477     0.0464     3.7613    163.254    13.6107    13.6164    38.4521    38.4464    28.9417    28.9361 0.0000e+00
