Boussole/Data/SBEMOOSE/Work/cnv/bous235_03.cnv
* Sea-Bird SBE 9 Data File:
* FileName = C:\boussole\202110\bous235_03.hdr
* Software Version Seasave V 7.23.2
* Temperature SN = 1378
* Conductivity SN = 2929
* Number of Bytes Per Scan = 34
* Number of Voltage Words = 3
* Number of Scans Averaged by the Deck Unit = 1
* NMEA Latitude = 43 22.04 N
* NMEA Longitude = 007 53.77 E
* NMEA UTC (Time) = Oct 12 2021  14:09:09
* NMEA baud rate = 4800
** Campagne = BOUSSOLE 235
** Navire = Tethys II
** Station = BOUS235_03
** Date = 12/10/2021
** Heure debut [TU] = 14:09
** Heure fin [TU] = 14:28
** Heure locale / TU = +2
** Latitude = 43 22.046 N
** Longitude = 007 53.761 E
** Heure meteo [TU] = 14:10
** T air sec [deg C] = 20.2
** T mer [deg C] = 19.92
** Vent [noeuds, degres] = 7, 163
** Pression atm [hpa] = 1011.8
** Humidite [%] = 65.9
** Nebulosite [octas] = 1
** Etat de la mer [code S] = 2
# nquan = 14
# nvalues = 1173                        
# units = specified
# name 0 = prDM: Pressure, Digiquartz [db]
# name 1 = timeS: Time, Elapsed [seconds]
# name 2 = t090C: Temperature [ITS-90, deg C]
# name 3 = c0S/m: Conductivity [S/m]
# name 4 = sbeox0V: Oxygen raw, SBE 43 [V]
# name 5 = flC: Fluorescence, Chelsea Aqua 3 Chl Con [ug/l]
# name 6 = upoly0: Upoly 0, RINKOIII_DO
# name 7 = upoly1: Upoly 1, RINKOIII_Temp
# name 8 = potemp090C: Potential Temperature [ITS-90, deg C]
# name 9 = sal00: Salinity, Practical [PSU]
# name 10 = sigma-é00: Density [sigma-theta, kg/m^3]
# name 11 = sbeox0ML/L: Oxygen, SBE 43 [ml/l], WS = 2
# name 12 = sbox0Mm/Kg: Oxygen, SBE 43 [umol/kg], WS = 2
# name 13 = flag: flag
# span 0 =      0.086,    301.161       
# span 1 =      0.479,   1172.125       
# span 2 =    13.6874,    19.9804       
# span 3 =   0.370422,   5.195557       
# span 4 =     2.3567,     3.6049       
# span 5 =    -0.0201,     1.0141       
# span 6 =  1.4176333,  1.7968559       
# span 7 =  13.678842,  19.931108       
# span 8 =    13.6744,    19.9803       
# span 9 =     2.1867,    38.6399       
# span 10 =    -0.0984,    29.0662      
# span 11 =     3.5895,     5.6564      
# span 12 =    156.049,    245.635      
# span 13 = 0.0000e+00, 0.0000e+00      
# interval = seconds: 1                 
# start_time = Oct 12 2021 14:09:09 [NMEA time, header]
# bad_flag = -9.990e-29
*END*
[from data line 930]
     54.696    930.479    13.7792   4.536697     2.8725     0.6742  1.6652422  13.765657    13.7712    38.4188    28.8815     4.4423    192.824 0.0000e+00
     54.365    931.479    13.7821   4.536817     2.8722     0.6749  1.6652931  13.766340    13.7741    38.4171    28.8796     4.4444    192.914 0.0000e+00
     54.264    932.479    13.7819   4.536806     2.8721     0.6656  1.6649878  13.767024    13.7739    38.4173    28.8798     4.4420    192.811 0.0000e+00
     54.481    933.479    13.7797   4.536724     2.8717     0.6618  1.6648861  13.765657    13.7717    38.4186    28.8813     4.4444    192.917 0.0000e+00
     54.602    934.479    13.7785   4.536650     2.8730     0.6638  1.6644791  13.763606    13.7705    38.4191    28.8819     4.4503    193.170 0.0000e+00
     54.478    935.479    13.7808   4.536774     2.8740     0.6718  1.6646317  13.764290    13.7728    38.4180    28.8806     4.4493    193.130 0.0000e+00
     54.335    936.479    13.7828   4.536860     2.8743     0.6705  1.6652422  13.763606    13.7748    38.4168    28.8792     4.4462    192.993 0.0000e+00
     54.391    937.479    13.7815   4.536803     2.8725     0.6658  1.6653948  13.768391    13.7735    38.4176    28.8801     4.4406    192.751 0.0000e+00
     54.554    938.479    13.7797   4.536699     2.8724     0.6639  1.6655474  13.769074    13.7717    38.4183    28.8811     4.4455    192.961 0.0000e+00
     54.546    939.479    13.7799   4.536705     2.8729     0.6591  1.6655474  13.766340    13.7719    38.4182    28.8809     4.4491    193.117 0.0000e+00
     54.469    940.479    13.7815   4.536795     2.8745     0.6627  1.6654966  13.764290    13.7735    38.4174    28.8800     4.4552    193.384 0.0000e+00
     54.423    941.479    13.7822   4.536835     2.8767     0.6747  1.6654966  13.763606    13.7742    38.4172    28.8796     4.4554    193.392 0.0000e+00
     54.439    942.479    13.7815   4.536805     2.8760     0.6712  1.6655474  13.766340    13.7735    38.4176    28.8801     4.4480    193.071 0.0000e+00
     54.474    943.479    13.7807   4.536737     2.8746     0.6550  1.6657001  13.769074    13.7727    38.4177    28.8804     4.4440    192.898 0.0000e+00
     54.471    944.479    13.7805   4.536738     2.8735     0.6487  1.6654966  13.767707    13.7725    38.4179    28.8806     4.4455    192.963 0.0000e+00
     54.435    945.479    13.7807   4.536736     2.8736     0.6498  1.6653948  13.769758    13.7727    38.4178    28.8804     4.4455    192.962 0.0000e+00
     54.475    946.479    13.7809   4.536747     2.8728     0.6590  1.6654966  13.771125    13.7729    38.4176    28.8802     4.4452    192.951 0.0000e+00
     54.527    947.479    13.7802   4.536691     2.8736     0.6726  1.6654457  13.765657    13.7722    38.4178    28.8805     4.4500    193.159 0.0000e+00
     54.435    948.479    13.7821   4.536821     2.8745     0.6938  1.6652931  13.767024    13.7741    38.4172    28.8796     4.4503    193.172 0.0000e+00
     54.430    949.479    13.7816   4.536801     2.8749     0.6888  1.6655474  13.767707    13.7736    38.4175    28.8800     4.4489    193.112 0.0000e+00
     54.469    950.479    13.7809   4.536748     2.8742     0.6764  1.6652931  13.768391    13.7729    38.4177    28.8803     4.4463    192.998 0.0000e+00
     54.437    951.479    13.7820   4.536827     2.8743     0.6685  1.6650387  13.768391    13.7740    38.4173    28.8797     4.4519    193.242 0.0000e+00
     54.525    952.479    13.7818   4.536821     2.8762     0.6697  1.6649369  13.767024    13.7738    38.4174    28.8799     4.4569    193.460 0.0000e+00
     54.541    953.479    13.7817   4.536804     2.8769     0.6658  1.6649369  13.767707    13.7737    38.4173    28.8798     4.4542    193.343 0.0000e+00
     54.383    954.479    13.7828   4.536868     2.8769     0.6695  1.6655474  13.766340    13.7748    38.4169    28.8792     4.4509    193.199 0.0000e+00
     54.373    955.479    13.7828   4.536857     2.8751     0.6642  1.6651913  13.769074    13.7748    38.4168    28.8792     4.4442    192.908 0.0000e+00
     54.453    956.479    13.7816   4.536797     2.8745     0.6664  1.6649369  13.770441    13.7736    38.4174    28.8799     4.4519    193.242 0.0000e+00
     54.530    957.479    13.7815   4.536798     2.8769     0.6694  1.6651913  13.772491    13.7735    38.4175    28.8800     4.4612    193.643 0.0000e+00
     54.572    958.479    13.7815   4.536792     2.8787     0.6632  1.6645299  13.770441    13.7735    38.4175    28.8800     4.4599    193.586 0.0000e+00
     54.463    959.479    13.7825   4.536857     2.8788     0.6554  1.6647334  13.764973    13.7745    38.4171    28.8795     4.4567    193.448 0.0000e+00
     54.324    960.479    13.7839   4.536910     2.8784     0.6539  1.6649878  13.771125    13.7759    38.4162    28.8785     4.4521    193.248 0.0000e+00
     54.348    961.479    13.7836   4.536899     2.8763     0.6608  1.6643264  13.772491    13.7756    38.4164    28.8787     4.4455    192.963 0.0000e+00
     54.526    962.479    13.7822   4.536845     2.8746     0.6581  1.6644282  13.771125    13.7742    38.4172    28.8797     4.4427    192.840 0.0000e+00
     54.646    963.479    13.7815   4.536804     2.8723     0.6666  1.6640721  13.768391    13.7735    38.4175    28.8800     4.4397    192.712 0.0000e+00
     54.521    964.479    13.7824   4.536848     2.8727     0.6781  1.6641738  13.766340    13.7744    38.4171    28.8795     4.4522    193.254 0.0000e+00
     54.324    965.479    13.7842   4.536918     2.8759     0.6878  1.6644282  13.767024    13.7762    38.4161    28.8783     4.4598    193.586 0.0000e+00
     54.322    966.479    13.7842   4.536929     2.8781     0.6675  1.6646317  13.773858    13.7762    38.4161    28.8784     4.4570    193.462 0.0000e+00
     54.466    967.479    13.7833   4.536896     2.8766     0.6691  1.6640212  13.769758    13.7753    38.4166    28.8790     4.4497    193.145 0.0000e+00
     54.535    968.479    13.7832   4.536886     2.8770     0.6713  1.6640212  13.768391    13.7752    38.4166    28.8790     4.4559    193.416 0.0000e+00
     54.588    969.479    13.7828   4.536882     2.8779     0.6758  1.6639703  13.772491    13.7748    38.4169    28.8793     4.4604    193.608 0.0000e+00
     54.513    970.479    13.7832   4.536898     2.8799     0.6811  1.6642247  13.766340    13.7752    38.4167    28.8790     4.4644    193.786 0.0000e+00
     54.273    971.479    13.7852   4.536958     2.8810     0.6770  1.6643773  13.769758    13.7772    38.4154    28.8776     4.4618    193.670 0.0000e+00
     54.310    972.479    13.7846   4.536946     2.8802     0.6799  1.6639703  13.776592    13.7766    38.4158    28.8781     4.4576    193.489 0.0000e+00
     54.575    973.479    13.7838   4.536921     2.8803     0.6735  1.6640212  13.773175    13.7758    38.4163    28.8786     4.4642    193.774 0.0000e+00
     54.614    974.479    13.7836   4.536912     2.8826     0.6780  1.6637159  13.765657    13.7756    38.4164    28.8787     4.4780    194.375 0.0000e+00
     54.213    975.479    13.7871   4.537085     2.8887     0.6671  1.6637668  13.767707    13.7791    38.4147    28.8767     4.5001    195.335 0.0000e+00
     53.545    976.479    13.7936   4.537638     2.8967     0.6681  1.6631055  13.774542    13.7858    38.4137    28.8745     4.5191    196.160 0.0000e+00
     52.893    977.479    13.8027   4.538630     2.9058     0.6693  1.6621388  13.777276    13.7949    38.4143    28.8730     4.5405    197.089 0.0000e+00
     52.048    978.479    13.8110   4.539400     2.9163     0.6726  1.6605617  13.787527    13.8034    38.4137    28.8707     4.5689    198.320 0.0000e+00
     51.200    979.479    13.8190   4.539949     2.9313     0.6604  1.6582214  13.794360    13.8115    38.4113    28.8670     4.6128    200.229 0.0000e+00
     50.241    980.479    13.8271   4.540453     2.9494     0.6566  1.6560847  13.795727    13.8198    38.4083    28.8630     4.6446    201.611 0.0000e+00
     49.068    981.479    13.8466   4.542078     2.9638     0.6624  1.6542023  13.796410    13.8394    38.4048    28.8560     4.6625    202.389 0.0000e+00
     47.879    982.479    13.8553   4.542719     2.9769     0.6605  1.6517094  13.807344    13.8482    38.4027    28.8525     4.6967    203.871 0.0000e+00
     47.024    983.479    13.8564   4.542760     2.9981     0.6650  1.6472832  13.827844    13.8495    38.4023    28.8519     4.7608    206.657 0.0000e+00
     46.191    984.479    13.8943   4.546612     3.0221     0.6480  1.6392450  13.854492    13.8875    38.4012    28.8428     4.8083    208.718 0.0000e+00
     45.038    985.479    13.9188   4.549092     3.0477     0.6237  1.6330891  13.855858    13.9122    38.4007    28.8371     4.8536    210.685 0.0000e+00
     43.909    986.479    13.9553   4.552778     3.0690     0.6121  1.6283068  13.870888    13.9488    38.3995    28.8283     4.8784    211.764 0.0000e+00
     43.029    987.479    13.9688   4.554135     3.0884     0.6107  1.6214896  13.913242    13.9625    38.3993    28.8251     4.9237    213.734 0.0000e+00
     42.135    988.479    13.9933   4.556525     3.1151     0.6036  1.6145197  13.935782    13.9870    38.3978    28.8187     5.0199    217.908 0.0000e+00
     41.083    989.479    14.0478   4.562285     3.1643     0.5968  1.6093814  13.916657    14.0417    38.3982    28.8071     5.1988    225.677 0.0000e+00
     40.015    990.479    14.2043   4.578351     3.2428     0.6177  1.6040904  13.986998    14.1983    38.3939    28.7697     5.4061    234.686 0.0000e+00
     39.081    991.479    14.3931   4.598334     3.3346     0.6290  1.5900488  14.236805    14.3872    38.3940    28.7282     5.5709    241.847 0.0000e+00
     38.051    992.479    14.9302   4.655975     3.4187     0.5971  1.5656288  14.568216    14.9243    38.3995    28.6128     5.6208    244.043 0.0000e+00
     36.940    993.479    15.2447   4.690404     3.4809     0.5843  1.5509259  14.466624    15.2389    38.4082    28.5483     5.6287    244.398 0.0000e+00
     36.020    994.479    15.6869   4.738211     3.5177     0.5789  1.5238604  15.042193    15.6811    38.4134    28.4505     5.5972    243.057 0.0000e+00
     35.151    995.479    15.8127   4.751329     3.5477     0.5220  1.4981176  15.481008    15.8070    38.4105    28.4191     5.6312    244.539 0.0000e+00
     34.056    996.479    15.8020   4.750350     3.5744     0.4904  1.4863655  15.338861    15.7965    38.4125    28.4231     5.6564    245.635 0.0000e+00
     32.999    997.479    16.1868   4.793043     3.5863     0.5090  1.4832112  15.291190    16.1814    38.4254    28.3426     5.5894    242.742 0.0000e+00
     32.054    998.479    16.5645   4.833621     3.5844     0.4821  1.4639296  16.045046    16.5592    38.4252    28.2525     5.5453    240.848 0.0000e+00
     31.071    999.479    16.8274   4.861794     3.5955     0.4365  1.4533476  16.235920    16.8222    38.4240    28.1882     5.5564    241.345 0.0000e+00
     30.014   1000.479    17.0399   4.884973     3.6049     0.4220  1.4646419  16.056608    17.0348    38.4263    28.1383     5.5234    239.923 0.0000e+00
     28.942   1001.479    17.7142   4.955423     3.5977     0.4269  1.4583333  16.322096    17.7092    38.4040    27.9548     5.4003    234.619 0.0000e+00
     27.940   1002.479    18.0827   4.994885     3.5757     0.4174  1.4388990  17.214795    18.0778    38.3994    27.8587     5.2813    229.472 0.0000e+00
     26.958   1003.479    18.3481   5.023885     3.5387     0.3879  1.4354395  17.440802    18.3433    38.4006    27.7922     5.1767    224.940 0.0000e+00
     25.992   1004.479    18.5950   5.052430     3.5059     0.3760  1.4314204  17.804607    18.5904    38.4149    27.7399     5.1185    222.424 0.0000e+00
     25.024   1005.479    18.7790   5.071975     3.4912     0.3738  1.4380850  17.781529    18.7745    38.4106    27.6891     5.1131    222.201 0.0000e+00
     23.928   1006.479    18.8090   5.074805     3.4863     0.3650  1.4421550  17.764558    18.8047    38.4071    27.6787     5.1045    221.828 0.0000e+00
     22.860   1007.479    18.9273   5.087194     3.4791     0.3743  1.4394078  17.878618    18.9232    38.4030    27.6447     5.0837    220.931 0.0000e+00
     21.933   1008.479    19.0683   5.101786     3.4776     0.3790  1.4305555  18.563763    19.0643    38.3962    27.6028     5.0852    221.005 0.0000e+00
     21.050   1009.479    19.0688   5.101541     3.4838     0.3506  1.4344220  18.535233    19.0649    38.3941    27.6010     5.0940    221.389 0.0000e+00
     20.094   1010.479    19.1020   5.104653     3.4812     0.3367  1.4378307  18.547473    19.0984    38.3900    27.5892     5.0759    220.604 0.0000e+00
     18.962   1011.479    19.1608   5.109439     3.4818     0.3409  1.4429690  18.353879    19.1573    38.3765    27.5634     5.0799    220.785 0.0000e+00
     17.876   1012.479    19.1969   5.112808     3.4827     0.3548  1.4387973  18.511459    19.1936    38.3720    27.5505     5.0687    220.301 0.0000e+00
     16.983   1013.479    19.2366   5.116530     3.4786     0.3612  1.4322853  18.823338    19.2335    38.3671    27.5362     5.0548    219.696 0.0000e+00
     16.114   1014.479    19.2628   5.119128     3.4770     0.3531  1.4311151  19.034731    19.2598    38.3651    27.5278     5.0552    219.716 0.0000e+00
     15.115   1015.479    19.2844   5.121353     3.4766     0.3420  1.4350325  18.875668    19.2816    38.3643    27.5215     5.0539    219.660 0.0000e+00
     14.114   1016.479    19.2928   5.122019     3.4776     0.3435  1.4383394  18.645290    19.2902    38.3626    27.5179     5.0480    219.404 0.0000e+00
     13.492   1017.479    19.2397   5.116067     3.4723     0.3425  1.4324379  18.999393    19.2373    38.3616    27.5311     5.0411    219.103 0.0000e+00
     12.996   1018.479    19.2955   5.122146     3.4721     0.3318  1.4329466  19.119048    19.2931    38.3616    27.5164     5.0464    219.339 0.0000e+00
     12.564   1019.479    19.3171   5.124065     3.4745     0.3387  1.4330484  19.182971    19.3148    38.3580    27.5079     5.0479    219.403 0.0000e+00
     12.048   1020.479    19.3219   5.124544     3.4756     0.3332  1.4322853  19.211536    19.3197    38.3578    27.5065     5.0479    219.403 0.0000e+00
     11.495   1021.479    19.3274   5.125017     3.4751     0.3305  1.4353378  19.087088    19.3253    38.3569    27.5043     5.0378    218.967 0.0000e+00
     10.946   1022.479    19.3306   5.125231     3.4712     0.3406  1.4348290  19.121086    19.3285    38.3560    27.5028     5.0325    218.736 0.0000e+00
     10.344   1023.479    19.3322   5.125298     3.4720     0.3416  1.4341677  19.086407    19.3303    38.3553    27.5017     5.0439    219.232 0.0000e+00
      9.777   1024.479    19.3231   5.124323     3.4759     0.3423  1.4334045  19.078246    19.3213    38.3557    27.5044     5.0500    219.493 0.0000e+00
      9.344   1025.479    19.3389   5.125925     3.4753     0.3418  1.4336080  19.075526    19.3372    38.3548    27.4995     5.0347    218.830 0.0000e+00
      8.985   1026.479    19.3445   5.126473     3.4720     0.3341  1.4334554  19.122448    19.3429    38.3544    27.4977     5.0385    218.997 0.0000e+00
      8.434   1027.479    19.3461   5.126501     3.4765     0.3276  1.4333536  19.190452    19.3445    38.3534    27.4966     5.0494    219.471 0.0000e+00
      7.688   1028.479    19.3404   5.125825     3.4774     0.3196  1.4354904  19.085046    19.3389    38.3533    27.4979     5.0484    219.426 0.0000e+00
      7.211   1029.479    19.3324   5.124792     3.4805     0.3232  1.4354395  19.086408    19.3311    38.3521    27.4991     5.0562    219.768 0.0000e+00
      7.067   1030.479    19.3355   5.125372     3.4813     0.3266  1.4363044  19.164608    19.3342    38.3542    27.4999     5.0539    219.668 0.0000e+00
      6.767   1031.479    19.3330   5.124992     3.4823     0.3324  1.4320818  19.216978    19.3317    38.3534    27.4999     5.0504    219.512 0.0000e+00
