Boussole/Data/SBEMOOSE/Work/cnv/bous234_02.cnv
* Sea-Bird SBE 9 Data File:
* FileName = C:\boussole\202109\bous234_02.hdr
* Software Version Seasave V 7.23.2
* Temperature SN = 1378
* Conductivity SN = 2929
* Number of Bytes Per Scan = 34
* Number of Voltage Words = 3
* Number of Scans Averaged by the Deck Unit = 1
* NMEA Latitude = 43 22.09 N
* NMEA Longitude = 007 54.17 E
* NMEA UTC (Time) = Sep 13 2021  13:51:18
* NMEA baud rate = 4800
** Campagne = BOUSSOLE 234
** Navire = Tethys II
** Station = BOUS234_02
** Date = 13/09/2021
** Heure debut [TU] = 13:51
** Heure fin [TU] = 14:10
** Heure locale / TU = +2
** Latitude = 43 22.081 N
** Longitude = 007 54.154 E
** Heure meteo [TU] = 13:50
** T air sec [deg C] = 24.0
** T mer [deg C] = 23.88
** Vent [noeuds, degres] = 13, 246
** Pression atm [hpa] = 1016.1
** Humidite [%] = 83.8
** Nebulosite [octas] = 2
** Etat de la mer [code S] = 3
# nquan = 14
# nvalues = 1125                        
# units = specified
# name 0 = prDM: Pressure, Digiquartz [db]
# name 1 = timeS: Time, Elapsed [seconds]
# name 2 = t090C: Temperature [ITS-90, deg C]
# name 3 = c0S/m: Conductivity [S/m]
# name 4 = sbeox0V: Oxygen raw, SBE 43 [V]
# name 5 = flC: Fluorescence, Chelsea Aqua 3 Chl Con [ug/l]
# name 6 = upoly0: Upoly 0, RINKOIII_DO
# name 7 = upoly1: Upoly 1, RINKOIII_Temp
# name 8 = potemp090C: Potential Temperature [ITS-90, deg C]
# name 9 = sal00: Salinity, Practical [PSU]
# name 10 = sigma-é00: Density [sigma-theta, kg/m^3]
# name 11 = sbeox0ML/L: Oxygen, SBE 43 [ml/l], WS = 2
# name 12 = sbox0Mm/Kg: Oxygen, SBE 43 [umol/kg], WS = 2
# name 13 = flag: flag
# span 0 =      0.011,    300.832       
# span 1 =      0.479,   1124.479       
# span 2 =    13.6703,    23.9429       
# span 3 =   0.146908,   5.645570       
# span 4 =     2.4530,     4.1747       
# span 5 =    -0.2893,  1008.3704       
# span 6 =  1.3036223,  1.8098799       
# span 7 =  13.654227,  23.925170       
# span 8 =    13.6623,    23.9428       
# span 9 =     0.7614,    38.6630       
# span 10 =    -2.0090,    29.0791      
# span 11 =     3.7103,     6.6454      
# span 12 =    161.021,    288.647      
# span 13 = 0.0000e+00, 0.0000e+00      
# interval = seconds: 1                 
# start_time = Sep 13 2021 13:51:18 [NMEA time, header]
# bad_flag = -9.990e-29
*END*
[from data line 413]
    228.048    413.479    13.7828   4.569543     2.4828     0.1670  1.8017399  13.777276    13.7491    38.6490    29.0646     3.7338    162.043 0.0000e+00
    228.511    414.479    13.7826   4.569552     2.4819     0.1723  1.8018926  13.777276    13.7488    38.6490    29.0647     3.7353    162.108 0.0000e+00
    228.955    415.479    13.7825   4.569569     2.4811     0.1777  1.8017908  13.780009    13.7487    38.6491    29.0648     3.7335    162.030 0.0000e+00
    229.553    416.479    13.7827   4.569636     2.4806     0.1831  1.8018417  13.776592    13.7488    38.6493    29.0649     3.7368    162.171 0.0000e+00
    230.200    417.479    13.7825   4.569701     2.4810     0.1735  1.8021469  13.774542    13.7484    38.6499    29.0655     3.7351    162.098 0.0000e+00
    230.811    418.479    13.7818   4.569699     2.4803     0.1597  1.8021978  13.777959    13.7476    38.6503    29.0660     3.7349    162.088 0.0000e+00
    231.366    419.479    13.7808   4.569631     2.4800     0.1561  1.8020961  13.780009    13.7466    38.6503    29.0662     3.7335    162.027 0.0000e+00
    231.915    420.479    13.7792   4.569429     2.4797     0.1613  1.8022996  13.779326    13.7449    38.6498    29.0661     3.7368    162.172 0.0000e+00
    232.501    421.479    13.7770   4.569178     2.4807     0.1675  1.8024522  13.775225    13.7426    38.6494    29.0663     3.7415    162.374 0.0000e+00
    233.101    422.479    13.7762   4.569130     2.4816     0.1714  1.8027066  13.773175    13.7417    38.6495    29.0666     3.7379    162.221 0.0000e+00
    233.622    423.479    13.7748   4.568995     2.4796     0.1643  1.8029101  13.777959    13.7403    38.6493    29.0668     3.7284    161.808 0.0000e+00
    234.213    424.479    13.7743   4.568975     2.4775     0.1578  1.8030118  13.768391    13.7397    38.6494    29.0670     3.7272    161.756 0.0000e+00
    234.984    425.479    13.7743   4.569019     2.4769     0.1622  1.8032662  13.764973    13.7395    38.6495    29.0671     3.7305    161.897 0.0000e+00
    235.438    426.479    13.7736   4.568993     2.4769     0.1715  1.8036223  13.765657    13.7388    38.6497    29.0674     3.7313    161.932 0.0000e+00
    235.866    427.479    13.7742   4.569062     2.4766     0.1794  1.8039276  13.763606    13.7393    38.6495    29.0672     3.7304    161.895 0.0000e+00
    236.632    428.479    13.7739   4.569110     2.4769     0.1640  1.8039784  13.764290    13.7390    38.6500    29.0676     3.7334    162.022 0.0000e+00
    237.250    429.479    13.7739   4.569154     2.4766     0.1581  1.8041310  13.764973    13.7388    38.6501    29.0677     3.7266    161.728 0.0000e+00
    237.607    430.479    13.7734   4.569106     2.4744     0.1557  1.8041819  13.762923    13.7383    38.6500    29.0678     3.7229    161.566 0.0000e+00
    238.160    431.479    13.7734   4.569131     2.4740     0.1584  1.8045380  13.764290    13.7382    38.6500    29.0677     3.7284    161.809 0.0000e+00
    238.923    432.479    13.7730   4.569112     2.4751     0.1647  1.8043854  13.762923    13.7376    38.6499    29.0678     3.7307    161.906 0.0000e+00
    239.573    433.479    13.7733   4.569217     2.4749     0.1714  1.8044363  13.762923    13.7379    38.6503    29.0681     3.7278    161.781 0.0000e+00
    240.059    434.479    13.7743   4.569390     2.4741     0.1821  1.8046907  13.764973    13.7388    38.6507    29.0682     3.7267    161.734 0.0000e+00
    240.568    435.479    13.7756   4.569604     2.4743     0.1766  1.8051485  13.763606    13.7400    38.6512    29.0683     3.7306    161.900 0.0000e+00
    241.053    436.479    13.7778   4.569952     2.4753     0.1693  1.8047415  13.764973    13.7422    38.6520    29.0685     3.7335    162.029 0.0000e+00
    241.708    437.479    13.7791   4.570177     2.4760     0.1727  1.8050468  13.764973    13.7434    38.6526    29.0686     3.7319    161.960 0.0000e+00
    242.393    438.479    13.7786   4.570127     2.4749     0.1753  1.8048942  13.763606    13.7427    38.6523    29.0686     3.7262    161.710 0.0000e+00
    242.893    439.479    13.7774   4.570017     2.4742     0.1720  1.8048942  13.764290    13.7415    38.6523    29.0688     3.7279    161.783 0.0000e+00
    243.454    440.479    13.7775   4.570045     2.4738     0.1674  1.8048433  13.767024    13.7415    38.6522    29.0687     3.7270    161.746 0.0000e+00
    244.088    441.479    13.7778   4.570152     2.4731     0.1639  1.8049450  13.763606    13.7417    38.6526    29.0690     3.7265    161.725 0.0000e+00
    244.665    442.479    13.7785   4.570280     2.4737     0.1612  1.8049959  13.763606    13.7423    38.6528    29.0691     3.7312    161.927 0.0000e+00
    245.046    443.479    13.7791   4.570366     2.4737     0.1626  1.8049450  13.764973    13.7428    38.6529    29.0691     3.7273    161.760 0.0000e+00
    245.648    444.479    13.7793   4.570422     2.4733     0.1616  1.8050977  13.762923    13.7430    38.6529    29.0690     3.7278    161.782 0.0000e+00
    246.400    445.479    13.7767   4.570129     2.4731     0.1670  1.8051485  13.764973    13.7403    38.6524    29.0692     3.7257    161.692 0.0000e+00
    246.939    446.479    13.7727   4.569666     2.4714     0.1703  1.8053520  13.766340    13.7362    38.6518    29.0696     3.7199    161.439 0.0000e+00
    247.540    447.479    13.7733   4.569773     2.4706     0.1595  1.8055047  13.764290    13.7367    38.6520    29.0696     3.7260    161.704 0.0000e+00
    248.063    448.479    13.7736   4.569850     2.4722     0.1610  1.8051994  13.766340    13.7369    38.6522    29.0697     3.7325    161.985 0.0000e+00
    248.451    449.479    13.7736   4.569891     2.4729     0.1821  1.8050977  13.765657    13.7369    38.6524    29.0699     3.7332    162.016 0.0000e+00
    249.004    450.479    13.7751   4.570116     2.4746     0.1831  1.8055047  13.764290    13.7382    38.6528    29.0699     3.7381    162.229 0.0000e+00
    249.801    451.479    13.7820   4.571169     2.4758     0.1887  1.8057590  13.764290    13.7450    38.6555    29.0705     3.7386    162.248 0.0000e+00
    250.466    452.479    13.7853   4.571689     2.4764     0.1745  1.8059117  13.764290    13.7483    38.6567    29.0708     3.7367    162.165 0.0000e+00
    250.742    453.479    13.7872   4.571965     2.4761     0.1634  1.8054538  13.763606    13.7501    38.6574    29.0709     3.7330    162.004 0.0000e+00
    251.309    454.479    13.7884   4.572175     2.4747     0.1657  1.8059117  13.764290    13.7512    38.6579    29.0710     3.7292    161.843 0.0000e+00
    252.102    455.479    13.7915   4.572637     2.4740     0.1678  1.8054538  13.767024    13.7541    38.6588    29.0712     3.7287    161.821 0.0000e+00
    252.519    456.479    13.7922   4.572762     2.4728     0.1495  1.8052503  13.769074    13.7548    38.6590    29.0712     3.7263    161.716 0.0000e+00
    252.954    457.479    13.7948   4.573154     2.4727     0.1559  1.8053012  13.774542    13.7573    38.6600    29.0714     3.7327    161.993 0.0000e+00
    253.740    458.479    13.7999   4.573896     2.4740     0.1647  1.8050468  13.777959    13.7623    38.6615    29.0715     3.7330    162.005 0.0000e+00
    254.366    459.479    13.8008   4.574078     2.4738     0.1592  1.8045380  13.779326    13.7631    38.6620    29.0717     3.7343    162.063 0.0000e+00
    254.808    460.479    13.8011   4.574132     2.4753     0.1587  1.8045380  13.779326    13.7633    38.6621    29.0718     3.7408    162.344 0.0000e+00
    255.349    461.479    13.8009   4.574136     2.4771     0.1631  1.8043854  13.780009    13.7630    38.6621    29.0718     3.7417    162.382 0.0000e+00
    255.998    462.479    13.8008   4.574185     2.4770     0.1608  1.8040802  13.785476    13.7629    38.6624    29.0720     3.7397    162.297 0.0000e+00
    256.636    463.479    13.8001   4.574131     2.4775     0.1631  1.8041819  13.787527    13.7621    38.6623    29.0721     3.7390    162.267 0.0000e+00
    257.153    464.479    13.7994   4.574056     2.4766     0.1700  1.8037240  13.788893    13.7613    38.6620    29.0721     3.7395    162.289 0.0000e+00
    257.719    465.479    13.7990   4.574044     2.4779     0.1666  1.8036732  13.789577    13.7608    38.6621    29.0723     3.7433    162.453 0.0000e+00
    258.308    466.479    13.7997   4.574173     2.4772     0.1486  1.8037749  13.792310    13.7615    38.6623    29.0723     3.7388    162.258 0.0000e+00
    258.858    467.479    13.7997   4.574205     2.4772     0.1482  1.8033171  13.790943    13.7613    38.6624    29.0724     3.7393    162.280 0.0000e+00
    259.468    468.479    13.8003   4.574318     2.4765     0.1380  1.8031644  13.789577    13.7619    38.6625    29.0724     3.7372    162.187 0.0000e+00
    260.039    469.479    13.8012   4.574466     2.4755     0.1459  1.8031644  13.788893    13.7627    38.6628    29.0724     3.7337    162.036 0.0000e+00
    260.482    470.479    13.8016   4.574532     2.4745     0.1572  1.8035206  13.790260    13.7630    38.6628    29.0724     3.7323    161.974 0.0000e+00
    261.082    471.479    13.8017   4.574588     2.4731     0.1588  1.8032662  13.792994    13.7630    38.6630    29.0725     3.7280    161.790 0.0000e+00
    261.831    472.479    13.8013   4.574582     2.4720     0.1724  1.8033679  13.788210    13.7625    38.6630    29.0726     3.7318    161.955 0.0000e+00
    262.413    473.479    13.7995   4.574380     2.4731     0.1776  1.8032153  13.793677    13.7606    38.6626    29.0727     3.7361    162.139 0.0000e+00
    262.801    474.479    13.7987   4.574302     2.4731     0.1689  1.8030627  13.789577    13.7598    38.6625    29.0728     3.7342    162.059 0.0000e+00
    263.339    475.479    13.7966   4.574041     2.4730     0.1644  1.8031644  13.790260    13.7576    38.6619    29.0729     3.7349    162.088 0.0000e+00
    264.050    476.479    13.7954   4.573920     2.4730     0.1692  1.8030118  13.790260    13.7563    38.6617    29.0729     3.7333    162.017 0.0000e+00
    264.743    477.479    13.7927   4.573635     2.4724     0.1585  1.8034188  13.790260    13.7535    38.6613    29.0733     3.7315    161.942 0.0000e+00
    265.201    478.479    13.7913   4.573491     2.4717     0.1553  1.8031136  13.791627    13.7520    38.6612    29.0735     3.7326    161.988 0.0000e+00
    265.613    479.479    13.7908   4.573453     2.4716     0.1512  1.8033171  13.786843    13.7515    38.6612    29.0735     3.7300    161.876 0.0000e+00
    266.229    480.479    13.7910   4.573494     2.4703     0.1531  1.8035714  13.782743    13.7516    38.6611    29.0735     3.7288    161.823 0.0000e+00
    266.922    481.479    13.7904   4.573480     2.4702     0.1438  1.8036223  13.779326    13.7509    38.6612    29.0737     3.7330    162.005 0.0000e+00
    267.577    482.479    13.7895   4.573400     2.4718     0.1523  1.8035206  13.779326    13.7498    38.6611    29.0739     3.7423    162.408 0.0000e+00
    268.032    483.479    13.7883   4.573294     2.4740     0.1669  1.8034697  13.783426    13.7486    38.6611    29.0741     3.7408    162.346 0.0000e+00
    268.490    484.479    13.7884   4.573335     2.4727     0.1831  1.8034697  13.781376    13.7486    38.6612    29.0742     3.7335    162.028 0.0000e+00
    269.146    485.479    13.7890   4.573454     2.4724     0.1824  1.8036732  13.779326    13.7491    38.6614    29.0743     3.7368    162.170 0.0000e+00
    269.739    486.479    13.7885   4.573439     2.4726     0.1678  1.8035206  13.780009    13.7485    38.6615    29.0744     3.7401    162.312 0.0000e+00
    270.289    487.479    13.7880   4.573418     2.4738     0.1570  1.8037240  13.780693    13.7480    38.6615    29.0746     3.7422    162.403 0.0000e+00
    270.931    488.479    13.7870   4.573316     2.4740     0.1598  1.8037241  13.780009    13.7468    38.6614    29.0747     3.7425    162.416 0.0000e+00
    271.543    489.479    13.7857   4.573192     2.4745     0.1594  1.8040293  13.780009    13.7455    38.6611    29.0748     3.7430    162.439 0.0000e+00
    272.019    490.479    13.7829   4.572869     2.4743     0.1585  1.8039784  13.779326    13.7426    38.6607    29.0751     3.7379    162.218 0.0000e+00
    272.565    491.479    13.7820   4.572794     2.4721     0.1649  1.8041819  13.777276    13.7416    38.6607    29.0753     3.7309    161.915 0.0000e+00
    273.241    492.479    13.7809   4.572688     2.4706     0.1659  1.8040293  13.773858    13.7404    38.6604    29.0754     3.7349    162.087 0.0000e+00
    273.901    493.479    13.7800   4.572615     2.4714     0.1564  1.8039784  13.776592    13.7394    38.6604    29.0755     3.7382    162.232 0.0000e+00
    274.379    494.479    13.7788   4.572506     2.4710     0.1676  1.8040802  13.775909    13.7382    38.6603    29.0757     3.7359    162.131 0.0000e+00
    274.964    495.479    13.7782   4.572439     2.4712     0.1583  1.8040293  13.769758    13.7375    38.6600    29.0757     3.7411    162.358 0.0000e+00
    275.652    496.479    13.7775   4.572388     2.4724     0.1458  1.8041311  13.771125    13.7367    38.6599    29.0757     3.7371    162.185 0.0000e+00
    276.244    497.479    13.7769   4.572353     2.4695     0.1435  1.8041819  13.769074    13.7360    38.6599    29.0759     3.7291    161.837 0.0000e+00
    276.759    498.479    13.7769   4.572368     2.4693     0.1478  1.8042837  13.767024    13.7359    38.6599    29.0759     3.7338    162.041 0.0000e+00
    277.345    499.479    13.7769   4.572391     2.4689     0.1518  1.8044363  13.764290    13.7358    38.6598    29.0759     3.7350    162.094 0.0000e+00
    277.929    500.479    13.7771   4.572452     2.4699     0.1661  1.8040802  13.763606    13.7359    38.6600    29.0760     3.7393    162.278 0.0000e+00
    278.515    501.479    13.7755   4.572265     2.4701     0.1725  1.8043345  13.766340    13.7343    38.6595    29.0760     3.7363    162.150 0.0000e+00
    279.224    502.479    13.7699   4.571571     2.4695     0.1715  1.8042837  13.765657    13.7286    38.6583    29.0762     3.7332    162.014 0.0000e+00
    279.650    503.479    13.7674   4.571305     2.4681     0.1602  1.8042328  13.763606    13.7260    38.6581    29.0767     3.7313    161.930 0.0000e+00
    280.103    504.479    13.7625   4.570668     2.4675     0.1497  1.8046398  13.763606    13.7210    38.6568    29.0767     3.7291    161.838 0.0000e+00
    280.887    505.479    13.7622   4.570668     2.4652     0.1634  1.8048942  13.761556    13.7206    38.6567    29.0767     3.7215    161.508 0.0000e+00
    281.480    506.479    13.7612   4.570581     2.4637     0.1649  1.8048433  13.759505    13.7195    38.6566    29.0769     3.7217    161.516 0.0000e+00
    281.865    507.479    13.7609   4.570547     2.4619     0.1594  1.8052503  13.756088    13.7192    38.6565    29.0769     3.7189    161.392 0.0000e+00
    282.529    508.479    13.7602   4.570498     2.4615     0.1671  1.8056064  13.754721    13.7184    38.6564    29.0770     3.7233    161.585 0.0000e+00
    283.174    509.479    13.7599   4.570491     2.4620     0.1654  1.8059625  13.756772    13.7180    38.6563    29.0770     3.7245    161.635 0.0000e+00
    283.642    510.479    13.7596   4.570479     2.4616     0.1576  1.8061152  13.755405    13.7176    38.6563    29.0771     3.7223    161.542 0.0000e+00
    284.232    511.479    13.7598   4.570537     2.4612     0.1574  1.8065222  13.754037    13.7178    38.6563    29.0771     3.7224    161.545 0.0000e+00
    284.904    512.479    13.7598   4.570545     2.4616     0.1709  1.8065730  13.749936    13.7176    38.6562    29.0770     3.7249    161.655 0.0000e+00
    285.487    513.479    13.7589   4.570481     2.4613     0.1630  1.8067257  13.749253    13.7167    38.6561    29.0771     3.7232    161.581 0.0000e+00
    285.999    514.479    13.7587   4.570463     2.4615     0.1612  1.8069292  13.749936    13.7163    38.6560    29.0771     3.7265    161.725 0.0000e+00
    286.596    515.479    13.7590   4.570548     2.4626     0.1669  1.8069292  13.749253    13.7165    38.6563    29.0772     3.7323    161.974 0.0000e+00
