Boussole/Data/SBEMOOSE/Work/cnv/bous234_04.cnv
* Sea-Bird SBE 9 Data File:
* FileName = C:\boussole\202109\bous234_04.hdr
* Software Version Seasave V 7.23.2
* Temperature SN = 1378
* Conductivity SN = 2929
* Number of Bytes Per Scan = 34
* Number of Voltage Words = 3
* Number of Scans Averaged by the Deck Unit = 1
* NMEA Latitude = 43 21.98 N
* NMEA Longitude = 007 54.39 E
* NMEA UTC (Time) = Sep 14 2021  11:13:26
* NMEA baud rate = 4800
** Campagne = BOUSSOLE 234
** Navire = Tethys II
** Station = BOUS234_04
** Date = 14/09/2021
** Heure debut [TU] = 11:12
** Heure fin [TU] = 11:53
** Heure locale / TU = +2
** Latitude = 43 21.975 N
** Longitude = 007 54.367 E
** Heure meteo [TU] = 11:09
** T air sec [deg C] = 23.7
** T mer [deg C] =
** Vent [noeuds, degres] = 5.8, 235
** Pression atm [hpa] = 1017.7
** Humidite [%] = 87.6
** Nebulosite [octas] = 8
** Etat de la mer [code S] = 2
# nquan = 14
# nvalues = 2375                        
# units = specified
# name 0 = prDM: Pressure, Digiquartz [db]
# name 1 = timeS: Time, Elapsed [seconds]
# name 2 = t090C: Temperature [ITS-90, deg C]
# name 3 = c0S/m: Conductivity [S/m]
# name 4 = sbeox0V: Oxygen raw, SBE 43 [V]
# name 5 = flC: Fluorescence, Chelsea Aqua 3 Chl Con [ug/l]
# name 6 = upoly0: Upoly 0, RINKOIII_DO
# name 7 = upoly1: Upoly 1, RINKOIII_Temp
# name 8 = potemp090C: Potential Temperature [ITS-90, deg C]
# name 9 = sal00: Salinity, Practical [PSU]
# name 10 = sigma-é00: Density [sigma-theta, kg/m^3]
# name 11 = sbeox0ML/L: Oxygen, SBE 43 [ml/l], WS = 2
# name 12 = sbox0Mm/Kg: Oxygen, SBE 43 [umol/kg], WS = 2
# name 13 = flag: flag
# span 0 =      0.061,    405.641       
# span 1 =      0.479,   2374.479       
# span 2 =    13.5717,    23.8026       
# span 3 =   0.309694,   5.635423       
# span 4 =     2.4252,     4.1437       
# span 5 =     0.1505,     0.9566       
# span 6 =  1.2960928,  1.8152727       
# span 7 =  13.557796,  23.742319       
# span 8 =    13.5119,    23.8025       
# span 9 =     1.6598,    38.6581       
# span 10 =    -1.3631,    29.0906      
# span 11 =     3.5988,     6.5849      
# span 12 =    160.406,    286.077      
# span 13 = 0.0000e+00, 0.0000e+00      
# interval = seconds: 1                 
# start_time = Sep 14 2021 11:13:26 [NMEA time, header]
# bad_flag = -9.990e-29
*END*
[from data line 2271]
      5.304   2271.479    23.6891   5.623057     3.5059     0.2707  1.3824786  23.602732    23.6880    38.4686    26.3635     4.7083    204.873 0.0000e+00
      5.215   2272.479    23.6903   5.623214     3.5033     0.2725  1.3831400  23.604815    23.6892    38.4688    26.3633     4.7076    204.840 0.0000e+00
      4.958   2273.479    23.6975   5.623974     3.5073     0.2656  1.3823260  23.605509    23.6965    38.4684    26.3609     4.7116    205.014 0.0000e+00
      5.090   2274.479    23.7011   5.624373     3.5029     0.2650  1.3820208  23.603426    23.7000    38.4684    26.3598     4.7043    204.697 0.0000e+00
      5.279   2275.479    23.6964   5.623788     3.5089     0.2633  1.3825295  23.615921    23.6953    38.4679    26.3608     4.7219    205.465 0.0000e+00
      5.157   2276.479    23.6988   5.624169     3.5094     0.2612  1.3820208  23.602733    23.6977    38.4688    26.3608     4.7114    205.005 0.0000e+00
      5.030   2277.479    23.7037   5.624686     3.5066     0.2545  1.3814611  23.636054    23.7026    38.4686    26.3591     4.7121    205.036 0.0000e+00
      5.181   2278.479    23.7012   5.624398     3.5112     0.2562  1.3817664  23.623558    23.7001    38.4684    26.3598     4.7219    205.465 0.0000e+00
      5.258   2279.479    23.6984   5.624094     3.5092     0.2602  1.3815629  23.626335    23.6973    38.4685    26.3607     4.7067    204.805 0.0000e+00
      5.095   2280.479    23.7013   5.624415     3.5047     0.2613  1.3820716  23.602040    23.7002    38.4685    26.3598     4.7071    204.821 0.0000e+00
      5.082   2281.479    23.7031   5.624626     3.5084     0.2463  1.3820208  23.623559    23.7020    38.4686    26.3593     4.7193    205.350 0.0000e+00
      5.185   2282.479    23.7005   5.624345     3.5102     0.2562  1.3816646  23.624946    23.6994    38.4686    26.3601     4.7125    205.053 0.0000e+00
      5.196   2283.479    23.6999   5.624261     3.5045     0.2736  1.3822243  23.615227    23.6988    38.4685    26.3602     4.6964    204.352 0.0000e+00
      5.234   2284.479    23.6996   5.624223     3.4987     0.2684  1.3818173  23.586768    23.6985    38.4685    26.3603     4.6902    204.083 0.0000e+00
      5.145   2285.479    23.7005   5.624330     3.4961     0.2722  1.3817155  23.607591    23.6994    38.4685    26.3601     4.6957    204.325 0.0000e+00
      5.057   2286.479    23.7029   5.624597     3.5017     0.2613  1.3820716  23.632583    23.7018    38.4686    26.3594     4.7114    205.008 0.0000e+00
      5.176   2287.479    23.7007   5.624347     3.5059     0.2630  1.3818681  23.632583    23.6996    38.4685    26.3600     4.7116    205.014 0.0000e+00
      5.257   2288.479    23.6995   5.624232     3.5046     0.2589  1.3817155  23.633277    23.6984    38.4686    26.3604     4.7043    204.696 0.0000e+00
      5.113   2289.479    23.7010   5.624398     3.5040     0.2558  1.3821225  23.633971    23.6999    38.4687    26.3600     4.7097    204.934 0.0000e+00
      5.096   2290.479    23.7018   5.624481     3.5076     0.2688  1.3816138  23.653412    23.7007    38.4686    26.3598     4.7114    205.008 0.0000e+00
      5.248   2291.479    23.6989   5.624173     3.5040     0.2566  1.3818173  23.636054    23.6978    38.4686    26.3606     4.7028    204.632 0.0000e+00
      5.180   2292.479    23.7005   5.624340     3.5038     0.2551  1.3816138  23.643691    23.6994    38.4686    26.3601     4.7100    204.947 0.0000e+00
      5.044   2293.479    23.7034   5.624678     3.5092     0.2521  1.3815120  23.642303    23.7023    38.4687    26.3593     4.7212    205.434 0.0000e+00
      5.161   2294.479    23.7017   5.624472     3.5107     0.2542  1.3814611  23.640914    23.7006    38.4686    26.3598     4.7195    205.358 0.0000e+00
      5.285   2295.479    23.7000   5.624310     3.5129     0.2646  1.3815629  23.647163    23.6989    38.4688    26.3604     4.7237    205.541 0.0000e+00
      5.156   2296.479    23.7011   5.624439     3.5136     0.2661  1.3817664  23.644385    23.7000    38.4688    26.3601     4.7191    205.342 0.0000e+00
      5.029   2297.479    23.7042   5.624763     3.5090     0.2782  1.3818173  23.661744    23.7031    38.4687    26.3591     4.7069    204.809 0.0000e+00
      5.189   2298.479    23.7020   5.624531     3.5062     0.2706  1.3816647  23.652023    23.7009    38.4688    26.3598     4.7019    204.595 0.0000e+00
      5.271   2299.479    23.7003   5.624360     3.5000     0.2554  1.3817664  23.654800    23.6992    38.4689    26.3604     4.6942    204.258 0.0000e+00
      5.121   2300.479    23.7021   5.624548     3.5013     0.2547  1.3817664  23.646468    23.7010    38.4688    26.3598     4.7109    204.987 0.0000e+00
      5.125   2301.479    23.7021   5.624545     3.5080     0.2625  1.3817664  23.646469    23.7010    38.4688    26.3598     4.7184    205.311 0.0000e+00
      5.220   2302.479    23.7011   5.624445     3.5099     0.2676  1.3815629  23.651329    23.7000    38.4689    26.3602     4.7160    205.208 0.0000e+00
      5.094   2303.479    23.7025   5.624594     3.5074     0.2694  1.3815120  23.654106    23.7014    38.4689    26.3597     4.7056    204.756 0.0000e+00
      5.143   2304.479    23.7030   5.624652     3.5037     0.2736  1.3814611  23.665911    23.7019    38.4689    26.3596     4.7025    204.620 0.0000e+00
      5.307   2305.479    23.7008   5.624425     3.5055     0.2685  1.3817155  23.659661    23.6997    38.4690    26.3603     4.7152    205.171 0.0000e+00
      5.126   2306.479    23.7026   5.624636     3.5086     0.2781  1.3817664  23.656189    23.7015    38.4691    26.3598     4.7119    205.030 0.0000e+00
      5.030   2307.479    23.7050   5.624898     3.5060     0.2741  1.3818173  23.673550    23.7039    38.4690    26.3591     4.7105    204.969 0.0000e+00
      5.222   2308.479    23.7025   5.624621     3.5092     0.2682  1.3815629  23.667300    23.7014    38.4690    26.3598     4.7178    205.287 0.0000e+00
      5.245   2309.479    23.7019   5.624569     3.5097     0.2690  1.3813594  23.664522    23.7008    38.4691    26.3601     4.7154    205.180 0.0000e+00
      5.107   2310.479    23.7032   5.624707     3.5098     0.2600  1.3817155  23.658273    23.7021    38.4691    26.3597     4.7125    205.055 0.0000e+00
      5.128   2311.479    23.7038   5.624760     3.5056     0.2567  1.3814103  23.665217    23.7027    38.4690    26.3594     4.7040    204.685 0.0000e+00
      5.207   2312.479    23.7019   5.624560     3.5052     0.2586  1.3812068  23.662439    23.7008    38.4691    26.3601     4.7067    204.804 0.0000e+00
      5.153   2313.479    23.7024   5.624607     3.5043     0.2576  1.3810541  23.649246    23.7013    38.4691    26.3599     4.7080    204.857 0.0000e+00
      5.199   2314.479    23.7020   5.624568     3.5059     0.2489  1.3813085  23.638137    23.7009    38.4690    26.3600     4.7082    204.867 0.0000e+00
      5.171   2315.479    23.7018   5.624542     3.5045     0.2523  1.3811559  23.635360    23.7007    38.4690    26.3600     4.7060    204.774 0.0000e+00
      5.117   2316.479    23.7037   5.624764     3.5050     0.2685  1.3811559  23.652023    23.7026    38.4691    26.3596     4.7076    204.843 0.0000e+00
      5.190   2317.479    23.7025   5.624606     3.5044     0.2585  1.3812068  23.649940    23.7014    38.4690    26.3598     4.7092    204.912 0.0000e+00
      5.200   2318.479    23.7015   5.624529     3.5079     0.2691  1.3810541  23.645080    23.7004    38.4692    26.3602     4.7134    205.095 0.0000e+00
      5.137   2319.479    23.7035   5.624752     3.5061     0.2708  1.3814103  23.653412    23.7024    38.4692    26.3597     4.7121    205.037 0.0000e+00
      5.182   2320.479    23.7030   5.624708     3.5097     0.2742  1.3816138  23.639526    23.7019    38.4693    26.3599     4.7125    205.057 0.0000e+00
      5.211   2321.479    23.7018   5.624563     3.5040     0.2646  1.3815120  23.655495    23.7007    38.4692    26.3602     4.7024    204.615 0.0000e+00
      5.135   2322.479    23.7035   5.624752     3.5068     0.2654  1.3812576  23.650634    23.7024    38.4692    26.3597     4.7152    205.174 0.0000e+00
      5.156   2323.479    23.7036   5.624760     3.5067     0.2754  1.3807489  23.639526    23.7025    38.4691    26.3596     4.7069    204.812 0.0000e+00
      5.210   2324.479    23.7023   5.624625     3.5055     0.2751  1.3812576  23.647857    23.7012    38.4692    26.3600     4.7075    204.838 0.0000e+00
      5.181   2325.479    23.7029   5.624684     3.5039     0.2651  1.3811050  23.645774    23.7018    38.4692    26.3598     4.7031    204.646 0.0000e+00
      5.117   2326.479    23.7045   5.624877     3.5035     0.2654  1.3809524  23.640914    23.7034    38.4693    26.3594     4.7080    204.859 0.0000e+00
      5.167   2327.479    23.7026   5.624662     3.5067     0.2765  1.3808507  23.649940    23.7015    38.4692    26.3600     4.7087    204.888 0.0000e+00
      5.286   2328.479    23.7018   5.624575     3.5020     0.2752  1.3812576  23.665911    23.7007    38.4693    26.3603     4.6987    204.455 0.0000e+00
      5.166   2329.479    23.7033   5.624743     3.5025     0.2706  1.3806980  23.669383    23.7022    38.4693    26.3598     4.7081    204.864 0.0000e+00
      4.985   2330.479    23.7076   5.625239     3.5066     0.2710  1.3807998  23.676328    23.7066    38.4694    26.3586     4.7125    205.054 0.0000e+00
      5.194   2331.479    23.7047   5.624921     3.5064     0.2781  1.3809524  23.672161    23.7036    38.4694    26.3595     4.7045    204.707 0.0000e+00
      5.335   2332.479    23.7009   5.624514     3.5001     0.2797  1.3809015  23.674939    23.6998    38.4695    26.3607     4.6924    204.181 0.0000e+00
      5.085   2333.479    23.7055   5.625020     3.4993     0.2932  1.3811559  23.681884    23.7044    38.4695    26.3593     4.6993    204.480 0.0000e+00
      5.066   2334.479    23.7066   5.625104     3.5008     0.2875  1.3806980  23.682578    23.7055    38.4693    26.3588     4.7051    204.733 0.0000e+00
      5.292   2335.479    23.7022   5.624666     3.5050     0.2779  1.3808506  23.675634    23.7011    38.4696    26.3603     4.7115    205.009 0.0000e+00
      5.157   2336.479    23.7044   5.624892     3.5049     0.2763  1.3809524  23.677717    23.7033    38.4694    26.3596     4.7028    204.631 0.0000e+00
      5.057   2337.479    23.7064   5.625095     3.5011     0.2724  1.3811559  23.679106    23.7053    38.4694    26.3590     4.6987    204.454 0.0000e+00
      5.216   2338.479    23.7046   5.624911     3.5022     0.2743  1.3814103  23.674939    23.7035    38.4694    26.3595     4.7098    204.939 0.0000e+00
      5.260   2339.479    23.7028   5.624690     3.5092     0.2704  1.3808506  23.677022    23.7017    38.4693    26.3599     4.7172    205.259 0.0000e+00
      4.921   2340.479    23.7067   5.625152     3.5032     0.2588  1.3810033  23.686051    23.7057    38.4696    26.3590     4.6911    204.126 0.0000e+00
      4.685   2341.479    23.7094   5.625452     3.4972     0.2516  1.3805963  23.682578    23.7084    38.4696    26.3582     4.6938    204.242 0.0000e+00
      4.666   2342.479    23.7084   5.625315     3.5033     0.2663  1.3806471  23.683273    23.7074    38.4694    26.3583     4.7167    205.240 0.0000e+00
      4.544   2343.479    23.7076   5.625216     3.5088     0.2824  1.3809015  23.669383    23.7067    38.4694    26.3586     4.7114    205.006 0.0000e+00
      4.235   2344.479    23.7128   5.625789     3.5045     0.2569  1.3806980  23.678411    23.7119    38.4694    26.3570     4.7044    204.705 0.0000e+00
      4.135   2345.479    23.7162   5.626197     3.5073     0.2685  1.3805454  23.686051    23.7153    38.4697    26.3562     4.7147    205.150 0.0000e+00
      4.061   2346.479    23.7160   5.626127     3.5103     0.2704  1.3805454  23.682578    23.7151    38.4694    26.3560     4.7203    205.395 0.0000e+00
      3.786   2347.479    23.7292   5.627571     3.5124     0.2740  1.3804436  23.677023    23.7284    38.4691    26.3519     4.7141    205.128 0.0000e+00
      3.627   2348.479    23.7388   5.628644     3.5095     0.2926  1.3798840  23.709666    23.7380    38.4691    26.3489     4.7118    205.027 0.0000e+00
      3.577   2349.479    23.7427   5.628990     3.5106     0.2820  1.3793753  23.700637    23.7419    38.4684    26.3473     4.7055    204.751 0.0000e+00
      3.370   2350.479    23.7459   5.629417     3.5035     0.2823  1.3795279  23.708277    23.7452    38.4690    26.3467     4.6961    204.346 0.0000e+00
      3.134   2351.479    23.7573   5.630620     3.5053     0.2840  1.3799349  23.713140    23.7566    38.4685    26.3429     4.7094    204.926 0.0000e+00
      3.051   2352.479    23.7587   5.630777     3.5100     0.2760  1.3794770  23.715224    23.7581    38.4685    26.3425     4.7107    204.981 0.0000e+00
      2.897   2353.479    23.7630   5.631275     3.5068     0.2843  1.3796297  23.713140    23.7624    38.4686    26.3413     4.7026    204.628 0.0000e+00
      2.510   2354.479    23.7691   5.631923     3.5098     0.2765  1.3797823  23.727033    23.7686    38.4685    26.3393     4.7139    205.120 0.0000e+00
      2.194   2355.479    23.7727   5.632307     3.5101     0.2731  1.3799349  23.727034    23.7722    38.4684    26.3382     4.7050    204.731 0.0000e+00
      1.965   2356.479    23.7735   5.632349     3.5076     0.2875  1.3796297  23.731202    23.7731    38.4681    26.3377     4.7019    204.599 0.0000e+00
      1.521   2357.479    23.7765   5.632646     3.5077     0.2970  1.3798332  23.731202    23.7762    38.4680    26.3367     4.7105    204.972 0.0000e+00
      1.125   2358.479    23.7748   5.632456     3.5129     0.3051  1.3792227  23.742319    23.7745    38.4681    26.3373     4.7103    204.962 0.0000e+00
      0.910   2359.479    23.7817   5.633232     3.5069     0.2940  1.3792227  23.741624    23.7815    38.4682    26.3353     4.6949    204.293 0.0000e+00
      0.642   2360.479    23.8026   5.635423     3.5028     0.2891  1.3791718  23.741624    23.8025    38.4670    26.3281     4.6690    203.169 0.0000e+00
      0.346   2361.479    23.7937   5.634435     3.4745     0.2877  1.3795788  23.739540    23.7936    38.4673    26.3310     4.5350    197.336 0.0000e+00
      0.153   2362.479    23.7747   5.632304     3.3614     0.2851  1.3798840  23.726340    23.7746    38.4674    26.3367     4.2221    183.722 0.0000e+00
      0.070   2363.479    23.6670   2.765413     3.1971     0.3027  1.3832926  23.660356    23.6670    18.1734    11.0709     4.4364    196.133 0.0000e+00
      0.079   2364.479    23.5140   0.964246     3.0611     0.4156  1.3909239  23.674939    23.5140     5.5915     1.6338     4.5633    203.462 0.0000e+00
      0.071   2365.479    23.6231   0.553164     2.9423     0.4955  1.3946378  23.665911    23.6231     3.0879    -0.2775     4.3785    195.598 0.0000e+00
      0.061   2366.479    23.6840   0.370046     2.8165     0.4893  1.3955027  23.643691    23.6840     2.0038    -1.1092     4.1589    185.942 0.0000e+00
      0.074   2367.479    23.7152   0.464795     2.7103     0.4724  1.3960114  23.620781    23.7152     2.5498    -0.7053     3.9800    177.871 0.0000e+00
      0.074   2368.479    23.7395   0.426941     2.6311     0.4119  1.3963167  23.613145    23.7395     2.3286    -0.8781     3.8697    172.970 0.0000e+00
      0.065   2369.479    23.7551   0.394224     2.5691     0.3657  1.3961640  23.592320    23.7551     2.1387    -1.0251     3.7697    168.528 0.0000e+00
      0.080   2370.479    23.7516   0.380438     2.5136     0.3324  1.3960114  23.573583    23.7516     2.0596    -1.0838     3.6750    164.302 0.0000e+00
      0.081   2371.479    23.7462   0.365902     2.4677     0.3178  1.3956553  23.540274    23.7462     1.9765    -1.1452     3.5988    160.907 0.0000e+00
      0.069   2372.479    23.7360   0.340191 -9.990e-29     0.4250  1.3957570  23.542356    23.7360     1.8301    -1.2531 -9.990e-29 -9.990e-29 0.0000e+00
      0.078   2373.479    23.7107   0.321949 -9.990e-29     0.5297  1.3985551  23.524317    23.7107     1.7273    -1.3243 -9.990e-29 -9.990e-29 0.0000e+00
