Boussole/Data/SBEMOOSE/Work/cnv/bous228_01.cnv
* Sea-Bird SBE 9 Data File:
* FileName = C:\boussole\202103\bous228_01.hdr
* Software Version Seasave V 7.23.2
* Temperature SN = 2473
* Conductivity SN = 2929
* Number of Bytes Per Scan = 37
* Number of Voltage Words = 4
* Number of Scans Averaged by the Deck Unit = 1
* NMEA Latitude = 43 22.22 N
* NMEA Longitude = 007 53.75 E
* NMEA UTC (Time) = Mar 03 2021  10:55:29
* NMEA baud rate = 4800
** Navire
** Station:
** Date
** Heure debut [TU]
** Heure fin [TU]
** Heure locale / TU = +0
** Latitude
** Longitude
** Heure meteo [TU]
** T air sec [deg C]
** T mer [deg C]
** Vent [noeuds, degres]
# nquan = 14
# nvalues = 533                         
# units = specified
# name 0 = prDM: Pressure, Digiquartz [db]
# name 1 = timeS: Time, Elapsed [seconds]
# name 2 = t090C: Temperature [ITS-90, deg C]
# name 3 = c0S/m: Conductivity [S/m]
# name 4 = sbeox0V: Oxygen raw, SBE 43 [V]
# name 5 = flC: Fluorescence, Chelsea Aqua 3 Chl Con [ug/l]
# name 6 = upoly0: Upoly 0, RINKOIII_DO
# name 7 = upoly1: Upoly 1, RINKOIII_Temp
# name 8 = potemp090C: Potential Temperature [ITS-90, deg C]
# name 9 = sal00: Salinity, Practical [PSU]
# name 10 = sigma-é00: Density [sigma-theta, kg/m^3]
# name 11 = sbeox0ML/L: Oxygen, SBE 43 [ml/l], WS = 2
# name 12 = sbox0Mm/Kg: Oxygen, SBE 43 [umol/kg], WS = 2
# name 13 = flag: flag
# span 0 =      0.875,     50.450       
# span 1 =      0.479,    532.438       
# span 2 =    13.3966,    13.6044       
# span 3 =   4.489958,   4.510629       
# span 4 =     2.9319,     3.0150       
# span 5 =     0.8319,     2.2813       
# span 6 =  1.5258445,  1.5482295       
# span 7 =  13.377824,  13.505804       
# span 8 =    13.3922,    13.6040       
# span 9 =    38.3646,    38.4018       
# span 10 =    28.8779,    28.9457      
# span 11 =     4.6601,     4.8053      
# span 12 =    202.265,    208.575      
# span 13 = 0.0000e+00, 0.0000e+00      
# interval = seconds: 1                 
# start_time = Mar 03 2021 10:55:29 [NMEA time, header]
# bad_flag = -9.990e-29
*END*
[from data line 413]
     50.153    413.479    13.4155   4.496209     2.9325     1.4532  1.5430403  13.399729    13.4083    38.4007    28.9449     4.6654    202.495 0.0000e+00
     50.143    414.479    13.4154   4.496186     2.9337     1.4676  1.5431929  13.399729    13.4082    38.4006    28.9448     4.6712    202.748 0.0000e+00
     50.020    415.479    13.4153   4.496156     2.9352     1.4350  1.5431420  13.401098    13.4081    38.4004    28.9447     4.6727    202.814 0.0000e+00
     49.811    416.479    13.4152   4.496137     2.9358     1.3787  1.5432946  13.397676    13.4080    38.4005    28.9447     4.6711    202.745 0.0000e+00
     49.493    417.479    13.4153   4.496150     2.9354     1.4271  1.5433455  13.400414    13.4081    38.4007    28.9448     4.6667    202.550 0.0000e+00
     49.233    418.479    13.4154   4.496155     2.9343     1.4345  1.5432946  13.401783    13.4083    38.4007    28.9449     4.6671    202.569 0.0000e+00
     49.084    419.479    13.4152   4.496119     2.9353     1.4806  1.5432438  13.400414    13.4081    38.4006    28.9448     4.6740    202.867 0.0000e+00
     48.783    420.479    13.4148   4.496032     2.9368     1.4471  1.5430911  13.400414    13.4078    38.4004    28.9447     4.6753    202.925 0.0000e+00
     48.358    421.479    13.4148   4.496029     2.9370     1.4037  1.5431420  13.401098    13.4078    38.4005    28.9447     4.6716    202.765 0.0000e+00
     47.955    422.479    13.4149   4.496015     2.9367     1.4208  1.5433455  13.401783    13.4080    38.4005    28.9447     4.6691    202.656 0.0000e+00
     47.734    423.479    13.4148   4.495980     2.9354     1.3871  1.5433455  13.401783    13.4079    38.4004    28.9446     4.6662    202.529 0.0000e+00
     47.581    424.479    13.4147   4.495971     2.9351     1.4086  1.5431420  13.398360    13.4078    38.4004    28.9447     4.6672    202.575 0.0000e+00
     47.099    425.479    13.4148   4.495962     2.9349     1.4583  1.5432946  13.400414    13.4080    38.4005    28.9447     4.6651    202.482 0.0000e+00
     46.533    426.479    13.4148   4.495922     2.9336     1.4473  1.5430403  13.401783    13.4081    38.4003    28.9446     4.6626    202.373 0.0000e+00
     46.154    427.479    13.4148   4.495914     2.9343     1.4452  1.5430911  13.401783    13.4081    38.4004    28.9447     4.6704    202.711 0.0000e+00
     45.876    428.479    13.4148   4.495895     2.9359     1.4941  1.5431929  13.400414    13.4081    38.4004    28.9446     4.6721    202.787 0.0000e+00
     45.554    429.479    13.4144   4.495828     2.9365     1.5066  1.5428876  13.400414    13.4078    38.4002    28.9446     4.6694    202.669 0.0000e+00
     45.139    430.479    13.4143   4.495785     2.9359     1.4440  1.5429385  13.400414    13.4078    38.4001    28.9445     4.6671    202.571 0.0000e+00
     44.663    431.479    13.4138   4.495658     2.9356     1.4320  1.5427859  13.401783    13.4074    38.3996    28.9442     4.6684    202.627 0.0000e+00
     44.118    432.479    13.4130   4.495457     2.9366     1.4158  1.5428876  13.401783    13.4066    38.3988    28.9437     4.6711    202.743 0.0000e+00
     43.786    433.479    13.4123   4.495303     2.9368     1.3840  1.5426841  13.400414    13.4060    38.3982    28.9434     4.6714    202.757 0.0000e+00
     43.460    434.479    13.4117   4.495149     2.9372     1.3551  1.5429385  13.399729    13.4055    38.3974    28.9429     4.6700    202.696 0.0000e+00
     42.836    435.479    13.4114   4.495062     2.9372     1.3918  1.5430403  13.400414    13.4052    38.3972    28.9427     4.6741    202.874 0.0000e+00
     42.416    436.479    13.4109   4.494954     2.9395     1.4357  1.5423789  13.400414    13.4048    38.3968    28.9426     4.6785    203.066 0.0000e+00
     42.224    437.479    13.4108   4.494946     2.9393     1.4264  1.5427859  13.394938    13.4047    38.3969    28.9427     4.6733    202.837 0.0000e+00
     41.741    438.479    13.4099   4.494688     2.9396     1.4609  1.5425315  13.394938    13.4039    38.3956    28.9418     4.6796    203.111 0.0000e+00
     41.122    439.479    13.4079   4.494298     2.9422     1.4910  1.5420227  13.398360    13.4020    38.3942    28.9411     4.6875    203.457 0.0000e+00
     40.699    440.479    13.4077   4.494242     2.9445     1.4335  1.5434981  13.396991    13.4018    38.3941    28.9411     4.6907    203.593 0.0000e+00
     40.296    441.479    13.4076   4.494212     2.9460     1.4631  1.5413614  13.395622    13.4018    38.3940    28.9410     4.6898    203.557 0.0000e+00
     39.894    442.479    13.4073   4.494110     2.9463     1.4867  1.5417175  13.397676    13.4015    38.3936    28.9408     4.6885    203.500 0.0000e+00
     39.520    443.479    13.4070   4.494074     2.9468     1.5059  1.5416666  13.393569    13.4013    38.3937    28.9409     4.6919    203.646 0.0000e+00
     38.980    444.479    13.4072   4.494067     2.9487     1.5258  1.5413105  13.394938    13.4016    38.3937    28.9408     4.7004    204.013 0.0000e+00
     38.398    445.479    13.4068   4.494002     2.9517     1.5050  1.5410561  13.398360    13.4013    38.3937    28.9409     4.7037    204.158 0.0000e+00
     38.006    446.479    13.4066   4.493953     2.9523     1.5205  1.5410052  13.393569    13.4011    38.3936    28.9409     4.6978    203.903 0.0000e+00
     37.552    447.479    13.4063   4.493856     2.9513     1.6483  1.5405983  13.390830    13.4009    38.3932    28.9406     4.6965    203.846 0.0000e+00
     36.936    448.479    13.4062   4.493825     2.9524     1.5980  1.5403439  13.392884    13.4009    38.3933    28.9406     4.6997    203.987 0.0000e+00
     36.564    449.479    13.4062   4.493805     2.9515     1.5400  1.5399369  13.394253    13.4009    38.3932    28.9406     4.6924    203.669 0.0000e+00
     36.327    450.479    13.4059   4.493741     2.9503     1.5228  1.5395807  13.389461    13.4007    38.3930    28.9405     4.6918    203.644 0.0000e+00
     35.738    451.479    13.4058   4.493683     2.9507     1.5535  1.5482295  13.396307    13.4006    38.3929    28.9404     4.6991    203.960 0.0000e+00
     35.097    452.479    13.4053   4.493570     2.9528     1.6442  1.5394281  13.394938    13.4002    38.3926    28.9402     4.7037    204.159 0.0000e+00
     34.540    453.479    13.4048   4.493458     2.9533     1.6244  1.5389194  13.388777    13.3998    38.3923    28.9401     4.6961    203.827 0.0000e+00
     34.149    454.479    13.4042   4.493347     2.9517     1.6415  1.5389194  13.394253    13.3993    38.3920    28.9400     4.6963    203.838 0.0000e+00
     33.940    455.479    13.4038   4.493276     2.9539     1.7039  1.5386650  13.386723    13.3989    38.3918    28.9399     4.7088    204.381 0.0000e+00
     33.386    456.479    13.4036   4.493222     2.9564     1.7026  1.5382071  13.386039    13.3988    38.3918    28.9399     4.7097    204.421 0.0000e+00
     32.379    457.479    13.4033   4.493130     2.9573     1.6348  1.5379528  13.387408    13.3987    38.3916    28.9398     4.7084    204.362 0.0000e+00
     31.704    458.479    13.4025   4.492953     2.9577     1.6682  1.5374949  13.387408    13.3979    38.3910    28.9395     4.7089    204.383 0.0000e+00
     31.494    459.479    13.4037   4.493166     2.9588     1.6989  1.5375966  13.385354    13.3992    38.3920    28.9400     4.7138    204.595 0.0000e+00
     31.031    460.479    13.4025   4.492826     2.9606     1.6679  1.5374949  13.386039    13.3980    38.3902    28.9389     4.7178    204.773 0.0000e+00
     30.261    461.479    13.3999   4.492227     2.9621     1.7021  1.5372914  13.386039    13.3956    38.3874    28.9372     4.7204    204.884 0.0000e+00
     29.664    462.479    13.3992   4.492036     2.9640     1.8998  1.5373423  13.386723    13.3949    38.3865    28.9366     4.7249    205.079 0.0000e+00
     29.148    463.479    13.3987   4.491871     2.9652     1.8473  1.5365791  13.384669    13.3945    38.3857    28.9361     4.7210    204.911 0.0000e+00
     28.630    464.479    13.3985   4.491828     2.9643     1.7929  1.5366300  13.387408    13.3944    38.3857    28.9361     4.7202    204.875 0.0000e+00
     28.149    465.479    13.3983   4.491741     2.9658     1.8716  1.5367318  13.386039    13.3942    38.3853    28.9359     4.7279    205.209 0.0000e+00
     27.537    466.479    13.3982   4.491680     2.9680     1.9809  1.5362739  13.385354    13.3942    38.3851    28.9357     4.7322    205.398 0.0000e+00
     26.948    467.479    13.3975   4.491463     2.9694     2.0165  1.5363756  13.390830    13.3936    38.3840    28.9350     4.7325    205.410 0.0000e+00
     26.370    468.479    13.3973   4.491243     2.9705     1.8900  1.5358669  13.388092    13.3935    38.3823    28.9337     4.7347    205.507 0.0000e+00
     25.736    469.479    13.3974   4.490994     2.9715     1.8786  1.5356125  13.387408    13.3937    38.3801    28.9320     4.7334    205.452 0.0000e+00
     25.199    470.479    13.3975   4.490906     2.9713     1.8318  1.5358669  13.386039    13.3938    38.3795    28.9315     4.7332    205.439 0.0000e+00
     24.746    471.479    13.3975   4.490823     2.9722     1.8904  1.5356125  13.386039    13.3939    38.3789    28.9309     4.7354    205.536 0.0000e+00
     24.305    472.479    13.3973   4.490643     2.9721     2.0053  1.5353073  13.385354    13.3938    38.3776    28.9300     4.7322    205.396 0.0000e+00
     23.663    473.479    13.3968   4.490464     2.9718     2.0269  1.5351546  13.384669    13.3934    38.3766    28.9293     4.7312    205.357 0.0000e+00
     22.787    474.479    13.3967   4.490299     2.9716     1.9667  1.5346459  13.385354    13.3934    38.3755    28.9285     4.7308    205.337 0.0000e+00
     22.263    475.479    13.3968   4.490298     2.9714     1.9148  1.5342389  13.383985    13.3936    38.3757    28.9285     4.7306    205.330 0.0000e+00
     22.055    476.479    13.3969   4.490426     2.9715     1.9197  1.5340354  13.377824    13.3938    38.3769    28.9294     4.7312    205.356 0.0000e+00
     21.445    477.479    13.3974   4.490211     2.9717     2.0318  1.5341880  13.381931    13.3944    38.3746    28.9275     4.7286    205.244 0.0000e+00
     20.640    478.479    13.3981   4.490096     2.9702     2.0157  1.5334757  13.381931    13.3952    38.3731    28.9263     4.7246    205.069 0.0000e+00
     20.130    479.479    13.3982   4.490083     2.9702     2.0373  1.5336284  13.382616    13.3953    38.3732    28.9263     4.7264    205.145 0.0000e+00
     19.653    480.479    13.3985   4.490058     2.9700     1.9890  1.5336792  13.381931    13.3956    38.3729    28.9259     4.7273    205.185 0.0000e+00
     19.077    481.479    13.3989   4.490029     2.9709     1.9005  1.5333740  13.383300    13.3962    38.3724    28.9255     4.7308    205.339 0.0000e+00
     18.626    482.479    13.3993   4.489977     2.9719     1.8868  1.5332214  13.383300    13.3966    38.3718    28.9249     4.7320    205.392 0.0000e+00
     18.046    483.479    13.3994   4.489958     2.9726     1.8961  1.5334249  13.379878    13.3968    38.3717    28.9248     4.7325    205.410 0.0000e+00
     17.306    484.479    13.4002   4.489967     2.9732     1.9175  1.5332722  13.383985    13.3977    38.3714    28.9243     4.7312    205.355 0.0000e+00
     16.693    485.479    13.4012   4.490001     2.9728     1.9765  1.5333740  13.381931    13.3988    38.3710    28.9238     4.7296    205.289 0.0000e+00
     16.286    486.479    13.4016   4.490022     2.9734     1.9851  1.5333231  13.384669    13.3992    38.3710    28.9237     4.7355    205.543 0.0000e+00
     15.866    487.479    13.4023   4.490047     2.9754     1.9666  1.5328144  13.379878    13.4000    38.3707    28.9233     4.7407    205.767 0.0000e+00
     15.203    488.479    13.4034   4.490109     2.9777     1.9465  1.5331705  13.382616    13.4012    38.3704    28.9229     4.7477    206.072 0.0000e+00
     14.419    489.479    13.4044   4.490159     2.9805     1.9428  1.5329670  13.384669    13.4023    38.3702    28.9225     4.7497    206.161 0.0000e+00
     13.941    490.479    13.4047   4.490180     2.9817     1.9449  1.5330687  13.383985    13.4027    38.3704    28.9225     4.7513    206.228 0.0000e+00
     13.707    491.479    13.4050   4.490194     2.9835     1.9106  1.5327635  13.383300    13.4030    38.3703    28.9224     4.7505    206.193 0.0000e+00
     13.063    492.479    13.4062   4.490296     2.9821     1.9296  1.5324074  13.383985    13.4044    38.3704    28.9221     4.7410    205.779 0.0000e+00
     12.143    493.479    13.4088   4.490480     2.9804     1.9908  1.5322548  13.383985    13.4070    38.3700    28.9213     4.7423    205.840 0.0000e+00
     11.602    494.479    13.4098   4.490546     2.9823     2.0457  1.5322039  13.385354    13.4081    38.3698    28.9209     4.7522    206.266 0.0000e+00
     11.308    495.479    13.4088   4.490417     2.9843     2.1162  1.5319495  13.385354    13.4072    38.3698    28.9211     4.7571    206.481 0.0000e+00
     10.804    496.479    13.4092   4.490444     2.9872     2.0655  1.5315425  13.386039    13.4076    38.3698    28.9210     4.7619    206.691 0.0000e+00
     10.197    497.479    13.4110   4.490508     2.9882     1.9906  1.5312373  13.386039    13.4095    38.3689    28.9200     4.7583    206.532 0.0000e+00
      9.931    498.479    13.4107   4.490473     2.9883     1.9246  1.5306267  13.386723    13.4093    38.3690    28.9200     4.7538    206.336 0.0000e+00
      9.765    499.479    13.4103   4.490421     2.9860     1.9489  1.5309829  13.387408    13.4089    38.3689    28.9201     4.7477    206.071 0.0000e+00
      9.407    500.479    13.4111   4.490436     2.9865     1.9015  1.5302706  13.388092    13.4098    38.3684    28.9195     4.7568    206.466 0.0000e+00
      9.185    501.479    13.4118   4.490469     2.9879     1.8398  1.5300671  13.388777    13.4105    38.3682    28.9192     4.7609    206.646 0.0000e+00
      9.098    502.479    13.4124   4.490509     2.9898     1.8406  1.5299145  13.392884    13.4111    38.3680    28.9188     4.7650    206.823 0.0000e+00
      8.867    503.479    13.4125   4.490518     2.9916     1.8765  1.5295584  13.394938    13.4113    38.3681    28.9189     4.7648    206.816 0.0000e+00
      8.486    504.479    13.4136   4.490585     2.9907     1.8228  1.5293040  13.392199    13.4124    38.3678    28.9185     4.7572    206.485 0.0000e+00
      8.337    505.479    13.4141   4.490604     2.9901     1.6972  1.5288461  13.393569    13.4130    38.3675    28.9181     4.7599    206.600 0.0000e+00
      8.424    506.479    13.4135   4.490569     2.9902     1.7360  1.5290496  13.392199    13.4123    38.3678    28.9185     4.7579    206.517 0.0000e+00
      8.142    507.479    13.4137   4.490553     2.9895     1.6793  1.5285409  13.392199    13.4125    38.3676    28.9182     4.7581    206.524 0.0000e+00
      7.570    508.479    13.4143   4.490574     2.9901     1.6421  1.5286426  13.392884    13.4132    38.3674    28.9180     4.7609    206.646 0.0000e+00
      7.421    509.479    13.4144   4.490564     2.9909     1.5979  1.5287444  13.395622    13.4133    38.3673    28.9179     4.7612    206.660 0.0000e+00
      7.604    510.479    13.4128   4.490468     2.9903     1.6622  1.5284900  13.390830    13.4117    38.3679    28.9187     4.7565    206.455 0.0000e+00
      7.395    511.479    13.4139   4.490524     2.9899     1.6053  1.5286426  13.392884    13.4129    38.3674    28.9180     4.7598    206.598 0.0000e+00
      6.952    512.479    13.4150   4.490610     2.9900     1.6582  1.5285918  13.396307    13.4140    38.3673    28.9177     4.7554    206.407 0.0000e+00
      6.801    513.479    13.4161   4.490683     2.9892     1.6273  1.5284391  13.393569    13.4151    38.3670    28.9172     4.7546    206.373 0.0000e+00
      6.672    514.479    13.4197   4.491081     2.9880     1.5984  1.5285917  13.395622    13.4188    38.3672    28.9166     4.7504    206.190 0.0000e+00
      6.281    515.479    13.4223   4.491301     2.9881     1.5618  1.5282865  13.397676    13.4214    38.3669    28.9159     4.7569    206.474 0.0000e+00
