Boussole/Data/SBEMOOSE/Work/cnv/bous226_01.cnv
* Sea-Bird SBE 9 Data File:
* FileName = C:\boussole\202101\bous226_01.hdr
* Software Version Seasave V 7.23.2
* Temperature SN = 2473
* Conductivity SN = 2929
* Number of Bytes Per Scan = 30
* Number of Voltage Words = 4
* Number of Scans Averaged by the Deck Unit = 1
* NMEA baud rate = 4800
** Navire
** Station:
** Date
** Heure debut [TU]
** Heure fin [TU]
** Heure locale / TU = +0
** Latitude
** Longitude
** Heure meteo [TU]
** T air sec [deg C]
** T mer [deg C]
** Vent [noeuds, degres]
# nquan = 14
# nvalues = 1845                        
# units = specified
# name 0 = prDM: Pressure, Digiquartz [db]
# name 1 = timeS: Time, Elapsed [seconds]
# name 2 = t090C: Temperature [ITS-90, deg C]
# name 3 = c0S/m: Conductivity [S/m]
# name 4 = sbeox0V: Oxygen raw, SBE 43 [V]
# name 5 = flC: Fluorescence, Chelsea Aqua 3 Chl Con [ug/l]
# name 6 = upoly0: Upoly 0, RINKOIII_DO
# name 7 = upoly1: Upoly 1, RINKOIII_Temp
# name 8 = potemp090C: Potential Temperature [ITS-90, deg C]
# name 9 = sal00: Salinity, Practical [PSU]
# name 10 = sigma-é00: Density [sigma-theta, kg/m^3]
# name 11 = sbeox0ML/L: Oxygen, SBE 43 [ml/l], WS = 2
# name 12 = sbox0Mm/Kg: Oxygen, SBE 43 [umol/kg], WS = 2
# name 13 = flag: flag
# span 0 =      0.125,    405.887       
# span 1 =      0.479,   1844.333       
# span 2 =    13.2359,    14.3276       
# span 3 =   0.611092,   4.608379       
# span 4 =     1.5832,     3.4535       
# span 5 =    -0.2893,     0.6640       
# span 6 =  1.5300163,  1.8409137       
# span 7 =  12.720399,  14.300268       
# span 8 =    13.2197,    14.3163       
# span 9 =     4.3453,    38.6748       
# span 10 =     2.6580,    29.0802      
# span 11 =     3.7815,    11.2705      
# span 12 =    164.111,    489.188      
# span 13 = 0.0000e+00, 0.0000e+00      
# interval = seconds: 1                 
# start_time = Jan 18 2021 11:37:49 [System UTC, header]
# bad_flag = -9.990e-29
*END*
[from data line 1549]
     38.708   1549.479    13.8115   4.527084     2.1008     0.3335  1.6447903  13.799827    13.8058    38.3022    28.7837     5.3400    231.812 0.0000e+00
     38.688   1550.479    13.8167   4.527929     2.1069     0.3368  1.6446886  13.802561    13.8110    38.3050    28.7848     5.3519    232.330 0.0000e+00
     38.456   1551.479    13.8170   4.527991     2.1070     0.3310  1.6447395  13.801877    13.8114    38.3054    28.7850     5.3639    232.848 0.0000e+00
     37.971   1552.479    13.8252   4.528979     2.1092     0.3348  1.6451974  13.796410    13.8196    38.3069    28.7844     5.3293    231.348 0.0000e+00
     38.243   1553.479    13.8358   4.530488     2.1044     0.3378  1.6450956  13.797777    13.8302    38.3104    28.7849     5.3150    230.728 0.0000e+00
     38.517   1554.479    13.8357   4.530205     2.1048     0.3369  1.6455535  13.803244    13.8300    38.3078    28.7828     5.3680    233.028 0.0000e+00
     38.440   1555.479    13.7926   4.524571     2.1125     0.3486  1.6462657  13.798460    13.7870    38.2974    28.7840     5.3651    232.903 0.0000e+00
     38.779   1556.479    13.8064   4.526599     2.1113     0.3536  1.6460622  13.788893    13.8007    38.3027    28.7852     5.3729    233.239 0.0000e+00
     38.670   1557.479    13.8009   4.525879     2.1130     0.3631  1.6449430  13.778643    13.7952    38.3014    28.7854     5.3437    231.972 0.0000e+00
     38.720   1558.479    13.8394   4.530906     2.1071     0.3449  1.6434676  13.782060    13.8337    38.3106    28.7842     5.3195    230.922 0.0000e+00
     38.544   1559.479    13.8184   4.528045     2.1062     0.3236  1.6434167  13.781376    13.8128    38.3045    28.7840     5.3748    233.321 0.0000e+00
     38.269   1560.479    13.8188   4.528122     2.1174     0.3266  1.6433150  13.790260    13.8132    38.3050    28.7843     5.3822    233.643 0.0000e+00
     38.297   1561.479    13.8193   4.528230     2.1079     0.3228  1.6430097  13.790943    13.8137    38.3055    28.7846     5.3119    230.590 0.0000e+00
     38.282   1562.479    13.8315   4.529963     2.1100     0.3175  1.6430606  13.793677    13.8259    38.3097    28.7853     5.3454    232.045 0.0000e+00
     38.622   1563.479    13.8551   4.533065     2.1024     0.3230  1.6433150  13.802561    13.8494    38.3154    28.7846     5.2651    228.561 0.0000e+00
     38.701   1564.479    13.8497   4.532183     2.0958     0.3236  1.6445868  13.812811    13.8440    38.3124    28.7835     5.2833    229.349 0.0000e+00
     38.478   1565.479    13.8404   4.531120     2.0928     0.3118  1.6459605  13.808028    13.8348    38.3117    28.7849     5.2625    228.448 0.0000e+00
     38.781   1566.479    13.8589   4.533662     2.0838     0.3128  1.6463166  13.813494    13.8532    38.3172    28.7851     5.1782    224.790 0.0000e+00
     38.091   1567.479    13.8417   4.530961     2.0683     0.3174  1.6476394  13.812128    13.8361    38.3090    28.7825     5.1392    223.094 0.0000e+00
     36.950   1568.479    13.8087   4.526626     2.0597     0.3341  1.6476393  13.803244    13.8033    38.3015    28.7837     5.1416    223.200 0.0000e+00
     36.175   1569.479    13.8087   4.526562     2.0495     0.3743  1.6473341  13.799144    13.8034    38.3013    28.7836     5.0629    219.781 0.0000e+00
     35.358   1570.479    13.7747   4.522012     2.0316     0.3922  1.6473850  13.779325    13.7695    38.2924    28.7839     5.0070    217.355 0.0000e+00
     34.514   1571.479    13.7592   4.519475     2.0201     0.4051  1.6450447  13.763606    13.7541    38.2842    28.7809     5.0293    218.326 0.0000e+00
     32.887   1572.479    13.7049   4.512198     2.0188     0.4118  1.6429080  13.745835    13.7001    38.2701    28.7815     5.0366    218.644 0.0000e+00
     31.311   1573.479    13.7180   4.513867     2.0140     0.4239  1.6383801  13.691832    13.7135    38.2735    28.7814     5.0331    218.490 0.0000e+00
     30.463   1574.479    13.7207   4.514181     2.0119     0.4191  1.6326312  13.706188    13.7163    38.2742    28.7813     5.0491    219.182 0.0000e+00
     30.409   1575.479    13.7203   4.514109     2.0205     0.4344  1.6305962  13.698668    13.7159    38.2740    28.7812     5.0707    220.120 0.0000e+00
     30.437   1576.479    13.7211   4.514256     2.0121     0.4455  1.6285612  13.712341    13.7166    38.2746    28.7815     5.0192    217.885 0.0000e+00
     30.234   1577.479    13.7178   4.513782     2.0154     0.4317  1.6286121  13.712341    13.7134    38.2735    28.7813     5.0709    220.130 0.0000e+00
     30.124   1578.479    13.7148   4.513355     2.0206     0.4131  1.6289682  13.711657    13.7104    38.2724    28.7811     5.0983    221.321 0.0000e+00
     30.168   1579.479    13.6942   4.510239     2.0251     0.4246  1.6287647  13.713024    13.6898    38.2634    28.7785     5.1023    221.493 0.0000e+00
     30.443   1580.479    13.6932   4.510273     2.0281     0.4445  1.6286630  13.699352    13.6888    38.2646    28.7797     5.1249    222.474 0.0000e+00
     30.210   1581.479    13.6810   4.508369     2.0341     0.4618  1.6275946  13.697301    13.6766    38.2588    28.7778     5.1338    222.862 0.0000e+00
     30.482   1582.479    13.6872   4.509484     2.0357     0.4462  1.6260175  13.681577    13.6828    38.2631    28.7798     5.1317    222.771 0.0000e+00
     30.651   1583.479    13.6935   4.510195     2.0400     0.4382  1.6240842  13.668586    13.6890    38.2634    28.7787     5.1839    225.038 0.0000e+00
     30.314   1584.479    13.6842   4.508975     2.0526     0.4341  1.6224054  13.676791    13.6798    38.2613    28.7791     5.2283    226.966 0.0000e+00
     30.101   1585.479    13.6861   4.509238     2.0575     0.4419  1.6215405  13.677474    13.6817    38.2620    28.7792     5.2106    226.195 0.0000e+00
     29.891   1586.479    13.6872   4.509348     2.0580     0.4521  1.6209300  13.673372    13.6828    38.2621    28.7790     5.1837    225.027 0.0000e+00
     30.169   1587.479    13.6921   4.510170     2.0561     0.4635  1.6205230  13.672005    13.6877    38.2648    28.7801     5.1924    225.404 0.0000e+00
     30.625   1588.479    13.7128   4.512859     2.0625     0.4618  1.6207265  13.676107    13.7083    38.2695    28.7793     5.2331    227.174 0.0000e+00
     30.712   1589.479    13.7028   4.511563     2.0631     0.5328  1.6206247  13.676791    13.6983    38.2671    28.7796     5.2178    226.510 0.0000e+00
     30.414   1590.479    13.6886   4.509494     2.0684     0.5008  1.6210826  13.673372    13.6842    38.2618    28.7785     5.2436    227.630 0.0000e+00
     30.141   1591.479    13.6881   4.509608     2.0674     0.4722  1.6205230  13.664484    13.6837    38.2635    28.7799     5.2172    226.480 0.0000e+00
     30.401   1592.479    13.6922   4.510137     2.0671     0.4455  1.6196581  13.668586    13.6878    38.2643    28.7796     5.2192    226.569 0.0000e+00
     30.302   1593.479    13.6972   4.510838     2.0681     0.4307  1.6196072  13.674056    13.6928    38.2660    28.7799     5.2484    227.836 0.0000e+00
     30.221   1594.479    13.6943   4.510447     2.0737     0.4475  1.6197090  13.677474    13.6899    38.2652    28.7799     5.2551    228.127 0.0000e+00
     30.183   1595.479    13.6918   4.509988     2.0719     0.4423  1.6202177  13.677474    13.6874    38.2634    28.7791     5.2098    226.161 0.0000e+00
     30.170   1596.479    13.6877   4.509432     2.0659     0.4460  1.6203704  13.679526    13.6833    38.2622    28.7790     5.2248    226.811 0.0000e+00
     30.557   1597.479    13.6838   4.508953     2.0757     0.4445  1.6206756  13.680209    13.6794    38.2614    28.7792     5.3077    230.412 0.0000e+00
     30.849   1598.479    13.6948   4.510500     2.0811     0.4471  1.6204721  13.667219    13.6903    38.2650    28.7796     5.2814    229.269 0.0000e+00
     30.399   1599.479    13.6786   4.508126     2.0832     0.4488  1.6203195  13.664484    13.6742    38.2588    28.7783     5.2738    228.938 0.0000e+00
     29.862   1600.479    13.6753   4.507751     2.0804     0.4673  1.6192002  13.664484    13.6710    38.2587    28.7790     5.2659    228.594 0.0000e+00
     30.093   1601.479    13.6786   4.508262     2.0831     0.4632  1.6186915  13.663116    13.6742    38.2602    28.7794     5.2802    229.216 0.0000e+00
     30.439   1602.479    13.6928   4.510231     2.0797     0.4670  1.6180810  13.662433    13.6884    38.2646    28.7798     5.2443    227.659 0.0000e+00
     30.672   1603.479    13.6865   4.509290     2.0809     0.4637  1.6180301  13.663800    13.6820    38.2618    28.7790     5.2793    229.180 0.0000e+00
     30.326   1604.479    13.6671   4.506537     2.0806     0.4636  1.6178266  13.654227    13.6627    38.2553    28.7780     5.2858    229.460 0.0000e+00
     30.242   1605.479    13.6669   4.506593     2.0875     0.4943  1.6175214  13.653543    13.6625    38.2560    28.7786     5.2967    229.934 0.0000e+00
     30.313   1606.479    13.6648   4.506245     2.0840     0.4900  1.6170635  13.657646    13.6604    38.2548    28.7782     5.2882    229.566 0.0000e+00
     30.379   1607.479    13.6587   4.505424     2.0895     0.4737  1.6168600  13.657646    13.6543    38.2530    28.7781     5.3542    232.431 0.0000e+00
     30.452   1608.479    13.6543   4.504836     2.1004     0.4679  1.6165547  13.659014    13.6499    38.2517    28.7780     5.3599    232.676 0.0000e+00
     30.355   1609.479    13.6552   4.504959     2.1000     0.4622  1.6165039  13.643970    13.6508    38.2521    28.7782     5.3364    231.658 0.0000e+00
     30.143   1610.479    13.6536   4.504730     2.1010     0.4671  1.6159951  13.631662    13.6492    38.2516    28.7781     5.3270    231.249 0.0000e+00
     30.488   1611.479    13.6718   4.507274     2.0966     0.4939  1.6152320  13.634397    13.6673    38.2575    28.7788     5.3126    230.624 0.0000e+00
     30.513   1612.479    13.6691   4.506680     2.0991     0.4710  1.6143162  13.636449    13.6647    38.2545    28.7770     5.3384    231.742 0.0000e+00
     30.369   1613.479    13.6606   4.505725     2.0964     0.4580  1.6144688  13.635765    13.6562    38.2540    28.7784     5.2899    229.639 0.0000e+00
     30.428   1614.479    13.6642   4.506210     2.0918     0.4929  1.6139092  13.634397    13.6598    38.2550    28.7785     5.3016    230.145 0.0000e+00
     30.351   1615.479    13.6711   4.507147     2.0948     0.5047  1.6135022  13.637816    13.6667    38.2570    28.7785     5.3286    231.320 0.0000e+00
     30.457   1616.479    13.6706   4.507149     2.0937     0.5035  1.6139601  13.643286    13.6662    38.2575    28.7790     5.2902    229.650 0.0000e+00
     30.284   1617.479    13.6701   4.506956     2.0893     0.5060  1.6138583  13.644654    13.6657    38.2562    28.7781     5.2677    228.675 0.0000e+00
     29.879   1618.479    13.6660   4.506451     2.0847     0.4752  1.6140618  13.646022    13.6616    38.2557    28.7786     5.2455    227.710 0.0000e+00
     29.350   1619.479    13.6598   4.505428     2.0754     0.4496  1.6144180  13.643286    13.6555    38.2524    28.7774     5.2121    226.262 0.0000e+00
     28.427   1620.479    13.6489   4.503927     2.0722     0.4763  1.6147741  13.638500    13.6447    38.2495    28.7774     5.2055    225.973 0.0000e+00
     27.866   1621.479    13.6514   4.504253     2.0631     0.4931  1.6144180  13.634397    13.6473    38.2503    28.7775     5.1777    224.766 0.0000e+00
     27.232   1622.479    13.6326   4.501305     2.0614     0.5017  1.6142653  13.631662    13.6287    38.2413    28.7745     5.1693    224.404 0.0000e+00
     26.431   1623.479    13.6104   4.498443     2.0492     0.5011  1.6135531  13.615933    13.6065    38.2367    28.7756     5.1070    221.697 0.0000e+00
     25.969   1624.479    13.6105   4.498371     2.0426     0.5398  1.6121286  13.613881    13.6067    38.2361    28.7751     5.1190    222.221 0.0000e+00
     25.209   1625.479    13.6040   4.496757     2.0376     0.5723  1.6103989  13.603623    13.6004    38.2275    28.7698     5.0962    221.233 0.0000e+00
     24.319   1626.479    13.6028   4.496450     2.0303     0.5826  1.6083638  13.597468    13.5992    38.2263    28.7691     5.0732    220.232 0.0000e+00
     23.834   1627.479    13.6012   4.496018     2.0273     0.5882  1.6053114  13.597468    13.5977    38.2239    28.7676     5.0878    220.866 0.0000e+00
     23.540   1628.479    13.6002   4.496126     2.0262     0.5963  1.6036325  13.598836    13.5968    38.2261    28.7695     5.1028    221.519 0.0000e+00
     22.736   1629.479    13.6011   4.495596     2.0287     0.6027  1.6030729  13.595416    13.5977    38.2206    28.7650     5.0799    220.526 0.0000e+00
     22.227   1630.479    13.6008   4.495548     2.0216     0.6055  1.6014449  13.594732    13.5976    38.2206    28.7651     5.0584    219.590 0.0000e+00
     21.678   1631.479    13.6018   4.495649     2.0214     0.6093  1.6001730  13.590629    13.5986    38.2208    28.7650     5.0832    220.671 0.0000e+00
     20.876   1632.479    13.6014   4.495421     2.0242     0.6062  1.5992063  13.592680    13.5983    38.2194    28.7640     5.0999    221.393 0.0000e+00
     20.568   1633.479    13.6013   4.495364     2.0231     0.6087  1.5980362  13.589945    13.5983    38.2191    28.7637     5.0628    219.781 0.0000e+00
     20.481   1634.479    13.6018   4.495841     2.0224     0.6294  1.5972731  13.585157    13.5988    38.2231    28.7667     5.1012    221.449 0.0000e+00
     20.305   1635.479    13.6022   4.495741     2.0275     0.6321  1.5967135  13.590629    13.5993    38.2219    28.7657     5.1023    221.497 0.0000e+00
     20.565   1636.479    13.6022   4.495261     2.0228     0.6569  1.5962047  13.587893    13.5992    38.2172    28.7621     5.0605    219.682 0.0000e+00
     20.295   1637.479    13.6025   4.495534     2.0252     0.6367  1.5956960  13.585841    13.5996    38.2196    28.7639     5.1299    222.695 0.0000e+00
     20.299   1638.479    13.6026   4.495318     2.0316     0.6295  1.5949837  13.585841    13.5997    38.2175    28.7622     5.0926    221.078 0.0000e+00
     20.636   1639.479    13.6034   4.495345     2.0216     0.6331  1.5946785  13.583105    13.6004    38.2167    28.7614     5.0565    219.511 0.0000e+00
     20.210   1640.479    13.6027   4.495384     2.0273     0.6162  1.5942715  13.587209    13.5998    38.2181    28.7626     5.1497    223.555 0.0000e+00
     20.539   1641.479    13.6032   4.495308     2.0363     0.6338  1.5940171  13.584473    13.6003    38.2166    28.7614     5.1360    222.960 0.0000e+00
     20.741   1642.479    13.6035   4.495333     2.0317     0.6389  1.5939154  13.584473    13.6005    38.2165    28.7613     5.1023    221.498 0.0000e+00
     20.093   1643.479    13.6029   4.495294     2.0349     0.6169  1.5937627  13.584473    13.6000    38.2171    28.7618     5.1358    222.954 0.0000e+00
     19.999   1644.479    13.6028   4.495329     2.0366     0.5982  1.5936101  13.588577    13.5999    38.2175    28.7622     5.1478    223.471 0.0000e+00
     20.394   1645.479    13.6030   4.495360     2.0416     0.6187  1.5937119  13.584473    13.6000    38.2174    28.7621     5.1572    223.883 0.0000e+00
     20.648   1646.479    13.6029   4.495281     2.0429     0.6312  1.5936101  13.588577    13.5999    38.2167    28.7615     5.1652    224.228 0.0000e+00
     20.807   1647.479    13.6032   4.495316     2.0466     0.6362  1.5933557  13.586525    13.6002    38.2166    28.7614     5.1763    224.711 0.0000e+00
     20.600   1648.479    13.6032   4.495385     2.0483     0.6464  1.5935084  13.585841    13.6002    38.2173    28.7620     5.1807    224.903 0.0000e+00
     20.339   1649.479    13.6033   4.495380     2.0527     0.6381  1.5932540  13.589261    13.6003    38.2174    28.7619     5.2015    225.805 0.0000e+00
     20.098   1650.479    13.6029   4.495317     2.0554     0.6195  1.5929487  13.587209    13.6000    38.2173    28.7620     5.1828    224.991 0.0000e+00
