Boussole/Data/SBEMOOSE/Work/cnv/bous227_01.cnv
* Sea-Bird SBE 9 Data File:
* FileName = C:\boussole\202102\bous227_01.hdr
* Software Version Seasave V 7.23.2
* Temperature SN = 2473
* Conductivity SN = 2929
* Number of Bytes Per Scan = 37
* Number of Voltage Words = 4
* Number of Scans Averaged by the Deck Unit = 1
* NMEA Latitude = 43 22.03 N
* NMEA Longitude = 007 53.87 E
* NMEA UTC (Time) = Feb 15 2021  09:50:37
* NMEA baud rate = 4800
** Campagne = BOUSSOLE 227
** Navire = Tethys II
** Station = BOUS227_01
** Date = 15/02/2021
** Heure debut [TU] = 09:50
** Heure fin [TU] = 12:14
** Heure locale / TU = +0
** Latitude = 43 22.052 N
** Longitude = 007 54.578 E
** Heure meteo [TU] = 11:40
** T air sec [deg C] = 12
** T mer [deg C] = 15.032
** Vent [noeuds, degres] = 9, 281
** Pression atm [hpa] = 1000.4
** Humidite [%] = 70
** Nebulosite [octas] = 7
** Etat de la mer [code S] = 3
# nquan = 14
# nvalues = 2364                        
# units = specified
# name 0 = prDM: Pressure, Digiquartz [db]
# name 1 = timeS: Time, Elapsed [seconds]
# name 2 = t090C: Temperature [ITS-90, deg C]
# name 3 = c0S/m: Conductivity [S/m]
# name 4 = sbeox0V: Oxygen raw, SBE 43 [V]
# name 5 = flC: Fluorescence, Chelsea Aqua 3 Chl Con [ug/l]
# name 6 = upoly0: Upoly 0, RINKOIII_DO
# name 7 = upoly1: Upoly 1, RINKOIII_Temp
# name 8 = potemp090C: Potential Temperature [ITS-90, deg C]
# name 9 = sal00: Salinity, Practical [PSU]
# name 10 = sigma-é00: Density [sigma-theta, kg/m^3]
# name 11 = sbeox0ML/L: Oxygen, SBE 43 [ml/l], WS = 2
# name 12 = sbox0Mm/Kg: Oxygen, SBE 43 [umol/kg], WS = 2
# name 13 = flag: flag
# span 0 =      0.344,    402.253       
# span 1 =      0.479,   2363.458       
# span 2 =    12.8924,    13.8210       
# span 3 =   0.672365,   4.571888       
# span 4 =     2.2551,     2.8115       
# span 5 =    -0.2893,     2.7235       
# span 6 =  1.5519456,  1.8405575       
# span 7 =  12.287805,  13.799827       
# span 8 =    12.8924,    13.7861       
# span 9 =     4.8929,    38.6486       
# span 10 =     3.1624,    29.0835      
# span 11 =     3.3735,     4.9922      
# span 12 =    146.406,    221.936      
# span 13 = 0.0000e+00, 0.0000e+00      
# interval = seconds: 1                 
# start_time = Feb 15 2021 09:50:37 [NMEA time, header]
# bad_flag = -9.990e-29
*END*
[from data line 1239]
    178.098   1239.479    13.3534   4.501521     2.7365     0.4851  1.6443833  13.336062    13.3276    38.4560    29.0047     4.3317    188.002 0.0000e+00
    177.606   1240.479    13.3512   4.501187     2.7374     0.4991  1.6444851  13.337431    13.3255    38.4552    29.0046     4.3376    188.258 0.0000e+00
    176.969   1241.479    13.3498   4.500973     2.7383     0.5048  1.6448412  13.335377    13.3242    38.4549    29.0046     4.3370    188.231 0.0000e+00
    176.231   1242.479    13.3503   4.501028     2.7386     0.4832  1.6447395  13.338116    13.3248    38.4552    29.0047     4.3378    188.268 0.0000e+00
    175.818   1243.479    13.3505   4.501029     2.7398     0.4795  1.6447395  13.338801    13.3251    38.4552    29.0046     4.3412    188.412 0.0000e+00
    175.502   1244.479    13.3493   4.500825     2.7405     0.4864  1.6445360  13.336062    13.3240    38.4545    29.0044     4.3427    188.476 0.0000e+00
    175.131   1245.479    13.3445   4.500192     2.7420     0.4708  1.6445360  13.336062    13.3192    38.4535    29.0046     4.3456    188.605 0.0000e+00
    174.535   1246.479    13.3448   4.500211     2.7422     0.4694  1.6446377  13.331269    13.3196    38.4537    29.0046     4.3422    188.458 0.0000e+00
    173.698   1247.479    13.3455   4.500250     2.7420     0.4959  1.6442816  13.331954    13.3204    38.4537    29.0045     4.3438    188.524 0.0000e+00
    173.377   1248.479    13.3451   4.500195     2.7434     0.4837  1.6439764  13.334693    13.3201    38.4538    29.0046     4.3490    188.753 0.0000e+00
    173.270   1249.479    13.3455   4.500250     2.7441     0.4863  1.6435694  13.333323    13.3205    38.4539    29.0046     4.3455    188.598 0.0000e+00
    172.461   1250.479    13.3454   4.500215     2.7437     0.4652  1.6438746  13.329215    13.3205    38.4541    29.0048     4.3443    188.547 0.0000e+00
    171.398   1251.479    13.3442   4.499940     2.7439     0.4795  1.6434167  13.331954    13.3195    38.4531    29.0042     4.3469    188.662 0.0000e+00
    170.968   1252.479    13.3448   4.500034     2.7451     0.4813  1.6431115  13.329899    13.3201    38.4536    29.0045     4.3518    188.872 0.0000e+00
    171.028   1253.479    13.3430   4.499800     2.7470     0.4837  1.6432132  13.326476    13.3183    38.4532    29.0045     4.3567    189.087 0.0000e+00
    170.293   1254.479    13.3367   4.498821     2.7481     0.4774  1.6433150  13.329215    13.3121    38.4505    29.0038     4.3559    189.051 0.0000e+00
    169.294   1255.479    13.3350   4.498682     2.7486     0.4806  1.6429589  13.322367    13.3106    38.4513    29.0047     4.3567    189.088 0.0000e+00
    169.099   1256.479    13.3354   4.498708     2.7496     0.4643  1.6426027  13.320998    13.3110    38.4512    29.0045     4.3591    189.189 0.0000e+00
    169.038   1257.479    13.3388   4.499177     2.7501     0.4880  1.6417379  13.319628    13.3144    38.4523    29.0047     4.3571    189.103 0.0000e+00
    168.166   1258.479    13.3414   4.499472     2.7499     0.5050  1.6419414  13.320313    13.3171    38.4529    29.0046     4.3550    189.011 0.0000e+00
    167.459   1259.479    13.3405   4.499296     2.7496     0.5093  1.6411273  13.319628    13.3163    38.4525    29.0044     4.3547    188.998 0.0000e+00
    167.233   1260.479    13.3407   4.499329     2.7500     0.4974  1.6411782  13.319628    13.3166    38.4526    29.0045     4.3588    189.176 0.0000e+00
    166.599   1261.479    13.3400   4.499193     2.7515     0.4893  1.6411782  13.319628    13.3160    38.4524    29.0044     4.3641    189.407 0.0000e+00
    165.668   1262.479    13.3364   4.498665     2.7531     0.4939  1.6412800  13.320313    13.3125    38.4514    29.0044     4.3647    189.433 0.0000e+00
    165.161   1263.479    13.3380   4.498874     2.7535     0.4902  1.6414326  13.321682    13.3142    38.4520    29.0045     4.3633    189.373 0.0000e+00
    165.026   1264.479    13.3377   4.498836     2.7539     0.4825  1.6414326  13.321682    13.3139    38.4520    29.0045     4.3649    189.440 0.0000e+00
    164.707   1265.479    13.3361   4.498524     2.7549     0.4887  1.6416361  13.320998    13.3123    38.4508    29.0039     4.3692    189.629 0.0000e+00
    163.945   1266.479    13.3299   4.497649     2.7561     0.4847  1.6413817  13.319628    13.3063    38.4490    29.0038     4.3675    189.554 0.0000e+00
    163.054   1267.479    13.3318   4.497871     2.7548     0.4834  1.6413817  13.316889    13.3083    38.4496    29.0038     4.3626    189.340 0.0000e+00
    162.840   1268.479    13.3313   4.497784     2.7554     0.4944  1.6404660  13.319628    13.3078    38.4494    29.0038     4.3676    189.559 0.0000e+00
    162.557   1269.479    13.3326   4.497951     2.7558     0.4741  1.6403133  13.318943    13.3091    38.4498    29.0038     4.3666    189.516 0.0000e+00
    161.515   1270.479    13.3329   4.497900     2.7558     0.4650  1.6398046  13.316889    13.3096    38.4495    29.0035     4.3655    189.467 0.0000e+00
    160.836   1271.479    13.3329   4.497886     2.7562     0.4762  1.6396011  13.316889    13.3097    38.4496    29.0036     4.3683    189.590 0.0000e+00
    160.878   1272.479    13.3328   4.497866     2.7571     0.4988  1.6393467  13.317574    13.3096    38.4495    29.0035     4.3703    189.675 0.0000e+00
    160.456   1273.479    13.3328   4.497829     2.7576     0.5075  1.6396011  13.314835    13.3097    38.4493    29.0033     4.3699    189.659 0.0000e+00
    159.600   1274.479    13.3328   4.497723     2.7580     0.4961  1.6390924  13.318259    13.3097    38.4488    29.0029     4.3699    189.659 0.0000e+00
    158.951   1275.479    13.3327   4.497689     2.7582     0.4804  1.6393976  13.315520    13.3098    38.4488    29.0030     4.3711    189.714 0.0000e+00
    158.670   1276.479    13.3326   4.497702     2.7593     0.4888  1.6394485  13.318259    13.3097    38.4491    29.0032     4.3754    189.896 0.0000e+00
    158.314   1277.479    13.3315   4.497492     2.7603     0.4788  1.6393976  13.318259    13.3087    38.4484    29.0028     4.3756    189.907 0.0000e+00
    157.460   1278.479    13.3269   4.496850     2.7610     0.4888  1.6389397  13.318943    13.3042    38.4473    29.0030     4.3756    189.907 0.0000e+00
    156.723   1279.479    13.3280   4.496957     2.7609     0.4823  1.6391432  13.315520    13.3054    38.4476    29.0029     4.3753    189.893 0.0000e+00
    156.664   1280.479    13.3280   4.496967     2.7616     0.4823  1.6386345  13.316889    13.3054    38.4476    29.0029     4.3759    189.920 0.0000e+00
    156.405   1281.479    13.3290   4.497069     2.7613     0.5111  1.6392450  13.312781    13.3065    38.4478    29.0028     4.3738    189.827 0.0000e+00
    155.305   1282.479    13.3275   4.496821     2.7609     0.4977  1.6393467  13.315520    13.3051    38.4475    29.0029     4.3711    189.711 0.0000e+00
    154.447   1283.479    13.3276   4.496807     2.7604     0.5057  1.6384818  13.309357    13.3053    38.4476    29.0029     4.3729    189.791 0.0000e+00
    154.589   1284.479    13.3269   4.496714     2.7614     0.4994  1.6386345  13.306618    13.3046    38.4473    29.0028     4.3760    189.922 0.0000e+00
    154.404   1285.479    13.3267   4.496671     2.7617     0.4953  1.6383292  13.308672    13.3044    38.4472    29.0028     4.3762    189.934 0.0000e+00
    153.095   1286.479    13.3230   4.496132     2.7622     0.5044  1.6385836  13.303879    13.3009    38.4463    29.0029     4.3763    189.936 0.0000e+00
    152.206   1287.479    13.3233   4.496151     2.7627     0.4965  1.6382275  13.305933    13.3014    38.4467    29.0030     4.3796    190.079 0.0000e+00
    152.510   1288.479    13.3216   4.495924     2.7643     0.4978  1.6383292  13.304564    13.2996    38.4461    29.0030     4.3826    190.209 0.0000e+00
    152.366   1289.479    13.3225   4.496065     2.7644     0.5115  1.6378713  13.303194    13.3006    38.4465    29.0031     4.3790    190.055 0.0000e+00
    151.216   1290.479    13.3211   4.495819     2.7643     0.5045  1.6376678  13.303879    13.2993    38.4461    29.0031     4.3810    190.142 0.0000e+00
    150.680   1291.479    13.3211   4.495815     2.7656     0.5074  1.6376170  13.303879    13.2994    38.4463    29.0032     4.3844    190.289 0.0000e+00
    151.210   1292.479    13.3216   4.495894     2.7663     0.4931  1.6373117  13.303194    13.2998    38.4464    29.0031     4.3856    190.342 0.0000e+00
    151.482   1293.479    13.3230   4.496093     2.7673     0.4906  1.6374135  13.303879    13.3012    38.4467    29.0031     4.3858    190.351 0.0000e+00
    150.770   1294.479    13.3205   4.495716     2.7668     0.4991  1.6374135  13.303194    13.2988    38.4460    29.0030     4.3826    190.211 0.0000e+00
    150.279   1295.479    13.3208   4.495735     2.7664     0.4865  1.6374135  13.303194    13.2991    38.4461    29.0031     4.3818    190.175 0.0000e+00
    150.755   1296.479    13.3197   4.495618     2.7665     0.4750  1.6372100  13.303194    13.2979    38.4459    29.0031     4.3844    190.290 0.0000e+00
    151.450   1297.479    13.3204   4.495740     2.7670     0.4818  1.6370065  13.303879    13.2986    38.4459    29.0031     4.3849    190.310 0.0000e+00
    150.925   1298.479    13.3195   4.495614     2.7667     0.5076  1.6369047  13.303194    13.2978    38.4459    29.0032     4.3836    190.254 0.0000e+00
    150.221   1299.479    13.3202   4.495665     2.7668     0.5057  1.6369556  13.303194    13.2986    38.4460    29.0031     4.3844    190.289 0.0000e+00
    150.604   1300.479    13.3201   4.495667     2.7672     0.4939  1.6365486  13.302509    13.2984    38.4459    29.0031     4.3867    190.387 0.0000e+00
    151.442   1301.479    13.3199   4.495659     2.7681     0.4959  1.6367521  13.303194    13.2981    38.4457    29.0030     4.3893    190.501 0.0000e+00
    151.204   1302.479    13.3191   4.495580     2.7684     0.4932  1.6365995  13.303194    13.2973    38.4458    29.0032     4.3860    190.357 0.0000e+00
    150.620   1303.479    13.3197   4.495630     2.7671     0.5013  1.6367521  13.301140    13.2980    38.4460    29.0032     4.3812    190.148 0.0000e+00
    150.688   1304.479    13.3196   4.495603     2.7670     0.4787  1.6364468  13.303879    13.2979    38.4458    29.0031     4.3870    190.401 0.0000e+00
    151.202   1305.479    13.3211   4.495869     2.7684     0.4633  1.6368030  13.301824    13.2993    38.4466    29.0035     4.3911    190.578 0.0000e+00
    151.126   1306.479    13.3215   4.495860     2.7689     0.4655  1.6366504  13.302509    13.2998    38.4461    29.0030     4.3867    190.389 0.0000e+00
    150.618   1307.479    13.3221   4.495933     2.7675     0.4741  1.6362942  13.303194    13.3004    38.4465    29.0031     4.3811    190.147 0.0000e+00
    150.694   1308.479    13.3246   4.496262     2.7668     0.4745  1.6362434  13.303194    13.3029    38.4471    29.0030     4.3819    190.178 0.0000e+00
    151.192   1309.479    13.3251   4.496327     2.7666     0.4956  1.6364469  13.303194    13.3033    38.4470    29.0029     4.3820    190.182 0.0000e+00
    150.943   1310.479    13.3243   4.496204     2.7658     0.4920  1.6365486  13.301824    13.3025    38.4467    29.0028     4.3777    190.000 0.0000e+00
    150.909   1311.479    13.3216   4.495892     2.7645     0.4876  1.6369047  13.302509    13.2998    38.4465    29.0032     4.3770    189.966 0.0000e+00
    151.336   1312.479    13.3221   4.495954     2.7650     0.4818  1.6366504  13.303194    13.3003    38.4464    29.0030     4.3853    190.328 0.0000e+00
    150.983   1313.479    13.3215   4.495864     2.7670     0.4757  1.6362942  13.303879    13.2997    38.4463    29.0031     4.3878    190.437 0.0000e+00
    150.692   1314.479    13.3206   4.495755     2.7671     0.4853  1.6369047  13.303194    13.2989    38.4463    29.0033     4.3835    190.251 0.0000e+00
    151.159   1315.479    13.3255   4.496403     2.7666     0.4728  1.6369556  13.303879    13.3037    38.4473    29.0031     4.3806    190.122 0.0000e+00
    151.198   1316.479    13.3253   4.496333     2.7657     0.4673  1.6371082  13.302509    13.3035    38.4468    29.0027     4.3788    190.044 0.0000e+00
    150.661   1317.479    13.3237   4.496139     2.7647     0.4814  1.6367012  13.303194    13.3020    38.4468    29.0030     4.3741    189.841 0.0000e+00
    150.743   1318.479    13.3255   4.496364     2.7629     0.4838  1.6368539  13.303194    13.3038    38.4471    29.0029     4.3716    189.732 0.0000e+00
    151.286   1319.479    13.3315   4.497137     2.7624     0.4792  1.6370573  13.302509    13.3097    38.4482    29.0025     4.3708    189.700 0.0000e+00
    151.329   1320.479    13.3315   4.497109     2.7610     0.4900  1.6368538  13.303194    13.3097    38.4479    29.0022     4.3650    189.446 0.0000e+00
    151.020   1321.479    13.3328   4.497245     2.7589     0.4975  1.6369556  13.303879    13.3111    38.4480    29.0020     4.3627    189.349 0.0000e+00
    150.817   1322.479    13.3329   4.497252     2.7592     0.4979  1.6371591  13.304564    13.3112    38.4481    29.0021     4.3698    189.654 0.0000e+00
    150.900   1323.479    13.3325   4.497208     2.7606     0.4999  1.6372100  13.304564    13.3107    38.4481    29.0022     4.3745    189.860 0.0000e+00
    151.129   1324.479    13.3322   4.497311     2.7618     0.4860  1.6371082  13.304564    13.3104    38.4493    29.0032     4.3738    189.830 0.0000e+00
    151.215   1325.479    13.3316   4.497223     2.7617     0.4903  1.6378205  13.309357    13.3098    38.4490    29.0031     4.3720    189.750 0.0000e+00
    151.132   1326.479    13.3321   4.497260     2.7617     0.4883  1.6375152  13.312781    13.3103    38.4489    29.0029     4.3733    189.807 0.0000e+00
    150.915   1327.479    13.3317   4.497182     2.7624     0.4849  1.6381257  13.311411    13.3099    38.4486    29.0028     4.3761    189.929 0.0000e+00
    150.892   1328.479    13.3311   4.497131     2.7629     0.4688  1.6384818  13.317574    13.3093    38.4487    29.0030     4.3756    189.905 0.0000e+00
    151.118   1329.479    13.3303   4.497036     2.7631     0.4838  1.6386853  13.310726    13.3085    38.4485    29.0030     4.3760    189.924 0.0000e+00
    151.142   1330.479    13.3304   4.497057     2.7635     0.4889  1.6388888  13.311411    13.3086    38.4486    29.0031     4.3765    189.947 0.0000e+00
    150.938   1331.479    13.3307   4.497081     2.7632     0.4834  1.6387871  13.317574    13.3089    38.4486    29.0030     4.3721    189.753 0.0000e+00
    151.058   1332.479    13.3314   4.497180     2.7615     0.4741  1.6389906  13.314835    13.3096    38.4489    29.0030     4.3687    189.609 0.0000e+00
    151.347   1333.479    13.3321   4.497283     2.7615     0.4875  1.6394485  13.313465    13.3103    38.4490    29.0029     4.3717    189.737 0.0000e+00
    151.072   1334.479    13.3317   4.497199     2.7614     0.4881  1.6389397  13.314835    13.3099    38.4487    29.0028     4.3723    189.762 0.0000e+00
    150.899   1335.479    13.3315   4.497148     2.7620     0.4816  1.6392450  13.313465    13.3097    38.4486    29.0028     4.3757    189.910 0.0000e+00
    151.237   1336.479    13.3310   4.497137     2.7628     0.4764  1.6389906  13.313465    13.3092    38.4487    29.0030     4.3751    189.887 0.0000e+00
    151.190   1337.479    13.3314   4.497172     2.7625     0.4665  1.6389397  13.312096    13.3096    38.4487    29.0029     4.3727    189.782 0.0000e+00
    150.800   1338.479    13.3323   4.497265     2.7621     0.4849  1.6392958  13.314835    13.3106    38.4488    29.0028     4.3704    189.679 0.0000e+00
    150.871   1339.479    13.3330   4.497358     2.7612     0.4993  1.6389906  13.312096    13.3112    38.4491    29.0028     4.3719    189.746 0.0000e+00
    151.301   1340.479    13.3324   4.497305     2.7626     0.5058  1.6388380  13.312781    13.3106    38.4489    29.0028     4.3756    189.905 0.0000e+00
