Boussole/Data/SBEMOOSE/Work/cnv/bous226_01.cnv
* Sea-Bird SBE 9 Data File:
* FileName = C:\boussole\202101\bous226_01.hdr
* Software Version Seasave V 7.23.2
* Temperature SN = 2473
* Conductivity SN = 2929
* Number of Bytes Per Scan = 30
* Number of Voltage Words = 4
* Number of Scans Averaged by the Deck Unit = 1
* NMEA baud rate = 4800
** Navire
** Station:
** Date
** Heure debut [TU]
** Heure fin [TU]
** Heure locale / TU = +0
** Latitude
** Longitude
** Heure meteo [TU]
** T air sec [deg C]
** T mer [deg C]
** Vent [noeuds, degres]
# nquan = 14
# nvalues = 1845                        
# units = specified
# name 0 = prDM: Pressure, Digiquartz [db]
# name 1 = timeS: Time, Elapsed [seconds]
# name 2 = t090C: Temperature [ITS-90, deg C]
# name 3 = c0S/m: Conductivity [S/m]
# name 4 = sbeox0V: Oxygen raw, SBE 43 [V]
# name 5 = flC: Fluorescence, Chelsea Aqua 3 Chl Con [ug/l]
# name 6 = upoly0: Upoly 0, RINKOIII_DO
# name 7 = upoly1: Upoly 1, RINKOIII_Temp
# name 8 = potemp090C: Potential Temperature [ITS-90, deg C]
# name 9 = sal00: Salinity, Practical [PSU]
# name 10 = sigma-é00: Density [sigma-theta, kg/m^3]
# name 11 = sbeox0ML/L: Oxygen, SBE 43 [ml/l], WS = 2
# name 12 = sbox0Mm/Kg: Oxygen, SBE 43 [umol/kg], WS = 2
# name 13 = flag: flag
# span 0 =      0.125,    405.887       
# span 1 =      0.479,   1844.333       
# span 2 =    13.2359,    14.3276       
# span 3 =   0.611092,   4.608379       
# span 4 =     1.5832,     3.4535       
# span 5 =    -0.2893,     0.6640       
# span 6 =  1.5300163,  1.8409137       
# span 7 =  12.720399,  14.300268       
# span 8 =    13.2197,    14.3163       
# span 9 =     4.3453,    38.6748       
# span 10 =     2.6580,    29.0802      
# span 11 =     3.7815,    11.2705      
# span 12 =    164.111,    489.188      
# span 13 = 0.0000e+00, 0.0000e+00      
# interval = seconds: 1                 
# start_time = Jan 18 2021 11:37:49 [System UTC, header]
# bad_flag = -9.990e-29
*END*
[from data line 620]
    397.675    620.479    13.7305   4.571726     1.5945     0.1319  1.8392857  13.713708    13.6715    38.6465    29.0793     3.8276    166.111 0.0000e+00
    398.064    621.479    13.7305   4.571755     1.5941     0.1354  1.8396927  13.715759    13.6714    38.6466    29.0794     3.8244    165.971 0.0000e+00
    398.340    622.479    13.7305   4.571744     1.5935     0.1481  1.8395909  13.714392    13.6714    38.6464    29.0793     3.8247    165.984 0.0000e+00
    399.019    623.479    13.7274   4.571386     1.5937     0.1613  1.8400997  13.713708    13.6682    38.6457    29.0795     3.8291    166.174 0.0000e+00
    399.945    624.479    13.7262   4.571303     1.5932     0.1640  1.8400997  13.711657    13.6669    38.6457    29.0798     3.8217    165.854 0.0000e+00
    400.660    625.479    13.7253   4.571224     1.5924     0.1513  1.8401505  13.710974    13.6659    38.6456    29.0799     3.8224    165.883 0.0000e+00
    400.872    626.479    13.7259   4.571274     1.5924     0.1625  1.8398453  13.713708    13.6665    38.6454    29.0795     3.8260    166.043 0.0000e+00
    401.817    627.479    13.7232   4.571003     1.5926     0.1577  1.8406593  13.707555    13.6636    38.6451    29.0800     3.8242    165.962 0.0000e+00
    402.825    628.479    13.7228   4.570989     1.5920     0.1629  1.8406084  13.708239    13.6630    38.6449    29.0800     3.8213    165.837 0.0000e+00
    403.179    629.479    13.7233   4.571065     1.5917     0.1514  1.8404049  13.708923    13.6635    38.6450    29.0799     3.8243    165.968 0.0000e+00
    403.969    630.479    13.7227   4.571025     1.5922     0.1487  1.8409137  13.708923    13.6628    38.6448    29.0799     3.8262    166.049 0.0000e+00
    404.947    631.479    13.7221   4.571008     1.5917     0.1519  1.8408628  13.708239    13.6620    38.6449    29.0801     3.8216    165.851 0.0000e+00
    405.179    632.479    13.7232   4.571127     1.5915     0.1528  1.8406084  13.706872    13.6631    38.6448    29.0799     3.8218    165.857 0.0000e+00
    404.992    633.479    13.7246   4.571306     1.5911     0.1640  1.8403540  13.710973    13.6645    38.6452    29.0799     3.8207    165.812 0.0000e+00
    405.205    634.479    13.7237   4.571200     1.5910     0.1502  1.8405575  13.710290    13.6636    38.6449    29.0798     3.8213    165.835 0.0000e+00
    405.553    635.479    13.7230   4.571142     1.5908     0.1524  1.8407102  13.706872    13.6628    38.6450    29.0800     3.8215    165.844 0.0000e+00
    405.587    636.479    13.7236   4.571202     1.5908     0.1573  1.8403032  13.708239    13.6634    38.6449    29.0799     3.8201    165.783 0.0000e+00
    405.486    637.479    13.7248   4.571361     1.5905     0.1625  1.8403032  13.710290    13.6646    38.6452    29.0798     3.8196    165.764 0.0000e+00
    405.331    638.479    13.7257   4.571465     1.5907     0.1601  1.8407102  13.710290    13.6656    38.6454    29.0798     3.8212    165.830 0.0000e+00
    405.558    639.479    13.7254   4.571440     1.5902     0.1486  1.8406593  13.709606    13.6652    38.6453    29.0798     3.8152    165.573 0.0000e+00
    405.361    640.479    13.7259   4.571471     1.5896     0.1419  1.8408628  13.707555    13.6658    38.6452    29.0796     3.8128    165.469 0.0000e+00
    404.780    641.479    13.7251   4.571340     1.5890     0.1382  1.8409137  13.705505    13.6651    38.6451    29.0796     3.8164    165.622 0.0000e+00
    405.058    642.479    13.7237   4.571191     1.5897     0.1529  1.8407610  13.706188    13.6636    38.6449    29.0798     3.8199    165.776 0.0000e+00
    405.887    643.479    13.7218   4.571014     1.5896     0.1538  1.8407610  13.702770    13.6616    38.6448    29.0802     3.8129    165.471 0.0000e+00
    405.605    644.479    13.7233   4.571153     1.5884     0.1498  1.8405575  13.705505    13.6631    38.6448    29.0798     3.8095    165.327 0.0000e+00
    404.770    645.479    13.7231   4.571101     1.5885     0.1526  1.8405067  13.705504    13.6631    38.6448    29.0798     3.8177    165.681 0.0000e+00
    404.952    646.479    13.7235   4.571181     1.5893     0.1583  1.8407102  13.704821    13.6634    38.6451    29.0800     3.8169    165.644 0.0000e+00
    405.663    647.479    13.7237   4.571229     1.5886     0.1420  1.8407102  13.704137    13.6635    38.6451    29.0800     3.8100    165.347 0.0000e+00
    405.088    648.479    13.7234   4.571130     1.5887     0.1288  1.8408628  13.706188    13.6633    38.6447    29.0797     3.8173    165.661 0.0000e+00
    404.389    649.479    13.7226   4.571035     1.5889     0.1315  1.8406593  13.705504    13.6626    38.6448    29.0800     3.8138    165.512 0.0000e+00
    404.610    650.479    13.7228   4.571056     1.5888     0.1420  1.8405575  13.703454    13.6628    38.6448    29.0799     3.8125    165.454 0.0000e+00
    403.958    651.479    13.7229   4.571037     1.5883     0.1448  1.8405067  13.704821    13.6630    38.6447    29.0798     3.8105    165.369 0.0000e+00
    403.058    652.479    13.7224   4.570944     1.5882     0.1425  1.8408628  13.703454    13.6626    38.6448    29.0799     3.8110    165.388 0.0000e+00
    402.396    653.479    13.7227   4.570942     1.5881     0.1549  1.8409137  13.704821    13.6630    38.6448    29.0798     3.8092    165.313 0.0000e+00
    401.802    654.479    13.7227   4.570921     1.5877     0.1457  1.8404558  13.703454    13.6631    38.6449    29.0799     3.8068    165.207 0.0000e+00
    401.167    655.479    13.7226   4.570886     1.5872     0.1412  1.8404558  13.704821    13.6631    38.6449    29.0799     3.8055    165.150 0.0000e+00
    400.508    656.479    13.7228   4.570881     1.5872     0.1466  1.8406593  13.711657    13.6634    38.6450    29.0799     3.8054    165.148 0.0000e+00
    400.287    657.479    13.7227   4.570859     1.5867     0.1394  1.8406084  13.704821    13.6633    38.6449    29.0799     3.8049    165.125 0.0000e+00
    400.138    658.479    13.7226   4.570845     1.5870     0.1400  1.8406593  13.707555    13.6633    38.6449    29.0799     3.8052    165.138 0.0000e+00
    400.024    659.479    13.7229   4.570888     1.5865     0.1581  1.8408628  13.707555    13.6636    38.6452    29.0800     3.8033    165.055 0.0000e+00
    400.124    660.479    13.7245   4.571085     1.5867     0.1532  1.8404558  13.708923    13.6652    38.6453    29.0798     3.8080    165.260 0.0000e+00
    400.136    661.479    13.7244   4.571084     1.5874     0.1428  1.8405575  13.704821    13.6651    38.6454    29.0799     3.8096    165.327 0.0000e+00
    400.559    662.479    13.7225   4.570851     1.5872     0.1537  1.8406084  13.709606    13.6631    38.6450    29.0800     3.8017    164.985 0.0000e+00
    400.313    663.479    13.7240   4.571024     1.5862     0.1685  1.8407610  13.706872    13.6646    38.6452    29.0798     3.8026    165.024 0.0000e+00
    399.717    664.479    13.7250   4.571132     1.5867     0.1546  1.8406084  13.708239    13.6658    38.6454    29.0797     3.8075    165.238 0.0000e+00
    400.115    665.479    13.7257   4.571243     1.5868     0.1435  1.8407610  13.709606    13.6663    38.6456    29.0798     3.8037    165.075 0.0000e+00
    400.395    666.479    13.7254   4.571219     1.5864     0.1437  1.8405575  13.706188    13.6660    38.6456    29.0798     3.8014    164.973 0.0000e+00
    399.884    667.479    13.7253   4.571177     1.5861     0.1564  1.8405575  13.710290    13.6660    38.6455    29.0797     3.8050    165.131 0.0000e+00
    399.946    668.479    13.7255   4.571208     1.5869     0.1594  1.8402014  13.708923    13.6661    38.6456    29.0798     3.8069    165.211 0.0000e+00
    400.543    669.479    13.7256   4.571263     1.5865     0.1538  1.8407102  13.710290    13.6662    38.6457    29.0799     3.8004    164.928 0.0000e+00
    400.283    670.479    13.7256   4.571211     1.5859     0.1494  1.8406084  13.708239    13.6662    38.6454    29.0796     3.8014    164.972 0.0000e+00
    399.776    671.479    13.7261   4.571265     1.5865     0.1599  1.8406084  13.710974    13.6668    38.6456    29.0797     3.8094    165.320 0.0000e+00
    400.195    672.479    13.7257   4.571246     1.5871     0.1417  1.8405575  13.706872    13.6663    38.6456    29.0798     3.8049    165.126 0.0000e+00
    400.481    673.479    13.7258   4.571263     1.5862     0.1329  1.8407610  13.709606    13.6664    38.6455    29.0797     3.7982    164.833 0.0000e+00
    399.835    674.479    13.7262   4.571276     1.5857     0.1386  1.8408628  13.710974    13.6668    38.6456    29.0797     3.8012    164.963 0.0000e+00
    399.558    675.479    13.7266   4.571312     1.5861     0.1360  1.8405067  13.710290    13.6673    38.6457    29.0796     3.8054    165.145 0.0000e+00
    400.191    676.479    13.7258   4.571244     1.5863     0.1216  1.8405067  13.710974    13.6664    38.6455    29.0797     3.8014    164.974 0.0000e+00
    400.490    677.479    13.7260   4.571279     1.5859     0.1361  1.8406084  13.710973    13.6666    38.6455    29.0796     3.8019    164.995 0.0000e+00
    400.044    678.479    13.7261   4.571284     1.5860     0.1441  1.8403540  13.710290    13.6668    38.6456    29.0797     3.8037    165.074 0.0000e+00
    400.080    679.479    13.7261   4.571277     1.5861     0.1429  1.8403540  13.711657    13.6668    38.6455    29.0796     3.8001    164.919 0.0000e+00
    400.218    680.479    13.7261   4.571278     1.5856     0.1475  1.8402523  13.706872    13.6667    38.6456    29.0796     3.8019    164.996 0.0000e+00
    399.883    681.479    13.7263   4.571297     1.5862     0.1536  1.8403032  13.710974    13.6670    38.6456    29.0796     3.8039    165.083 0.0000e+00
    400.164    682.479    13.7265   4.571335     1.5857     0.1483  1.8404049  13.708239    13.6671    38.6457    29.0796     3.7986    164.851 0.0000e+00
    400.445    683.479    13.7267   4.571367     1.5858     0.1529  1.8408119  13.711657    13.6673    38.6456    29.0796     3.8049    165.124 0.0000e+00
    400.116    684.479    13.7268   4.571364     1.5862     0.1437  1.8405575  13.710974    13.6674    38.6457    29.0796     3.8009    164.949 0.0000e+00
    400.174    685.479    13.7268   4.571367     1.5854     0.1357  1.8407102  13.710290    13.6674    38.6456    29.0796     3.7964    164.756 0.0000e+00
    399.904    686.479    13.7268   4.571351     1.5851     0.1411  1.8407610  13.710974    13.6675    38.6456    29.0796     3.7983    164.840 0.0000e+00
    399.817    687.479    13.7268   4.571361     1.5848     0.1276  1.8404558  13.713024    13.6675    38.6458    29.0797     3.7964    164.754 0.0000e+00
    400.195    688.479    13.7268   4.571364     1.5846     0.1350  1.8405575  13.710290    13.6674    38.6457    29.0796     3.7991    164.874 0.0000e+00
    400.092    689.479    13.7268   4.571363     1.5855     0.1566  1.8404558  13.709606    13.6674    38.6457    29.0796     3.8031    165.047 0.0000e+00
    400.517    690.479    13.7257   4.571253     1.5851     0.1533  1.8406593  13.713024    13.6663    38.6455    29.0797     3.7967    164.771 0.0000e+00
    400.507    691.479    13.7264   4.571335     1.5849     0.1511  1.8408628  13.710973    13.6670    38.6456    29.0797     3.7983    164.838 0.0000e+00
    399.896    692.479    13.7271   4.571395     1.5850     0.1246  1.8406593  13.708923    13.6678    38.6457    29.0796     3.7980    164.825 0.0000e+00
    399.989    693.479    13.7268   4.571360     1.5845     0.1221  1.8406593  13.710290    13.6675    38.6457    29.0796     3.7946    164.678 0.0000e+00
    399.969    694.479    13.7269   4.571359     1.5844     0.1277  1.8401505  13.706872    13.6675    38.6456    29.0796     3.7966    164.765 0.0000e+00
    399.988    695.479    13.7268   4.571360     1.5845     0.1370  1.8406084  13.711657    13.6675    38.6457    29.0796     3.7981    164.831 0.0000e+00
    400.467    696.479    13.7258   4.571257     1.5846     0.1460  1.8407610  13.710290    13.6664    38.6455    29.0797     3.7969    164.779 0.0000e+00
    400.493    697.479    13.7262   4.571320     1.5844     0.1482  1.8407610  13.710290    13.6668    38.6457    29.0798     3.7968    164.772 0.0000e+00
    400.151    698.479    13.7269   4.571370     1.5843     0.1416  1.8406593  13.713024    13.6675    38.6456    29.0796     3.7941    164.657 0.0000e+00
    399.962    699.479    13.7268   4.571374     1.5838     0.1465  1.8403540  13.711657    13.6675    38.6458    29.0797     3.7923    164.578 0.0000e+00
    399.872    700.479    13.7268   4.571356     1.5837     0.1446  1.8407610  13.712341    13.6675    38.6458    29.0797     3.7944    164.669 0.0000e+00
    399.932    701.479    13.7268   4.571364     1.5837     0.1397  1.8403032  13.710290    13.6675    38.6458    29.0797     3.7941    164.656 0.0000e+00
    400.394    702.479    13.7260   4.571265     1.5837     0.1378  1.8406593  13.711657    13.6666    38.6455    29.0796     3.7952    164.704 0.0000e+00
    400.427    703.479    13.7262   4.571316     1.5839     0.1507  1.8405575  13.711657    13.6668    38.6457    29.0797     3.7972    164.793 0.0000e+00
    400.253    704.479    13.7270   4.571411     1.5841     0.1610  1.8406084  13.711657    13.6676    38.6459    29.0797     3.7942    164.661 0.0000e+00
    400.292    705.479    13.7269   4.571388     1.5834     0.1378  1.8400997  13.710290    13.6675    38.6457    29.0796     3.7900    164.478 0.0000e+00
    399.939    706.479    13.7270   4.571389     1.5833     0.1424  1.8405575  13.712341    13.6677    38.6457    29.0796     3.7936    164.635 0.0000e+00
    399.945    707.479    13.7272   4.571412     1.5834     0.1458  1.8407102  13.710973    13.6678    38.6458    29.0796     3.7946    164.678 0.0000e+00
    400.369    708.479    13.7270   4.571419     1.5837     0.1508  1.8405575  13.710974    13.6676    38.6458    29.0797     3.7977    164.811 0.0000e+00
    400.061    709.479    13.7273   4.571417     1.5843     0.1474  1.8404558  13.710290    13.6679    38.6457    29.0795     3.7988    164.860 0.0000e+00
    399.638    710.479    13.7273   4.571397     1.5844     0.1462  1.8406084  13.711657    13.6680    38.6457    29.0795     3.7937    164.637 0.0000e+00
    398.787    711.479    13.7275   4.571396     1.5836     0.1554  1.8403032  13.708923    13.6683    38.6459    29.0796     3.7926    164.591 0.0000e+00
    397.389    712.479    13.7299   4.571643     1.5840     0.1484  1.8402523  13.711657    13.6709    38.6464    29.0794     3.7950    164.697 0.0000e+00
    396.347    713.479    13.7301   4.571596     1.5839     0.1469  1.8405575  13.710974    13.6713    38.6462    29.0792     3.7910    164.524 0.0000e+00
    395.502    714.479    13.7300   4.571571     1.5837     0.1548  1.8406593  13.710290    13.6713    38.6465    29.0794     3.7928    164.601 0.0000e+00
    394.125    715.479    13.7331   4.571917     1.5838     0.1572  1.8403032  13.713024    13.6746    38.6473    29.0793     3.7905    164.501 0.0000e+00
    392.741    716.479    13.7383   4.572482     1.5835     0.1385  1.8402014  13.713708    13.6800    38.6480    29.0787     3.7884    164.411 0.0000e+00
    391.630    717.479    13.7398   4.572624     1.5835     0.1412  1.8403032  13.714392    13.6817    38.6483    29.0786     3.7891    164.439 0.0000e+00
    390.545    718.479    13.7374   4.572268     1.5837     0.1541  1.8397435  13.717810    13.6795    38.6478    29.0787     3.7888    164.425 0.0000e+00
    389.299    719.479    13.7429   4.572956     1.5833     0.1403  1.8390822  13.719177    13.6852    38.6493    29.0786     3.7844    164.237 0.0000e+00
    388.130    720.479    13.7476   4.573419     1.5832     0.1249  1.8392857  13.725329    13.6900    38.6495    29.0778     3.7869    164.345 0.0000e+00
    387.043    721.479    13.7463   4.573214     1.5839     0.1185  1.8387260  13.728747    13.6889    38.6494    29.0779     3.7907    164.510 0.0000e+00
