Boussole/Data/SBEMOOSE/Work/cnv/bous228_04.cnv
* Sea-Bird SBE 9 Data File:
* FileName = C:\boussole\202103\bous228_04.hdr
* Software Version Seasave V 7.23.2
* Temperature SN = 2473
* Conductivity SN = 2929
* Number of Bytes Per Scan = 37
* Number of Voltage Words = 4
* Number of Scans Averaged by the Deck Unit = 1
* NMEA Latitude = 43 22.23 N
* NMEA Longitude = 007 53.93 E
* NMEA UTC (Time) = Mar 03 2021  14:43:44
* NMEA baud rate = 4800
** Navire
** Station:
** Date
** Heure debut [TU]
** Heure fin [TU]
** Heure locale / TU = +0
** Latitude
** Longitude
** Heure meteo [TU]
** T air sec [deg C]
** T mer [deg C]
** Vent [noeuds, degres]
# nquan = 14
# nvalues = 5592                        
# units = specified
# name 0 = prDM: Pressure, Digiquartz [db]
# name 1 = timeS: Time, Elapsed [seconds]
# name 2 = t090C: Temperature [ITS-90, deg C]
# name 3 = c0S/m: Conductivity [S/m]
# name 4 = sbeox0V: Oxygen raw, SBE 43 [V]
# name 5 = flC: Fluorescence, Chelsea Aqua 3 Chl Con [ug/l]
# name 6 = upoly0: Upoly 0, RINKOIII_DO
# name 7 = upoly1: Upoly 1, RINKOIII_Temp
# name 8 = potemp090C: Potential Temperature [ITS-90, deg C]
# name 9 = sal00: Salinity, Practical [PSU]
# name 10 = sigma-é00: Density [sigma-theta, kg/m^3]
# name 11 = sbeox0ML/L: Oxygen, SBE 43 [ml/l], WS = 2
# name 12 = sbox0Mm/Kg: Oxygen, SBE 43 [umol/kg], WS = 2
# name 13 = flag: flag
# span 0 =      0.289,    405.423       
# span 1 =      0.479,   5591.021       
# span 2 =    13.4007,    13.7996       
# span 3 =   4.490045,   4.574348       
# span 4 =     2.1591,     3.0504       
# span 5 =     0.1584,     3.5456       
# span 6 =  1.5142450,  1.8399979       
# span 7 =  13.383985,  13.779326       
# span 8 =    13.3957,    13.7640       
# span 9 =    38.3051,    38.6571       
# span 10 =    28.7950,    29.0867      
# span 11 =     3.1793,     4.8783      
# span 12 =    137.973,    211.743      
# span 13 = 0.0000e+00, 0.0000e+00      
# interval = seconds: 1                 
# start_time = Mar 03 2021 14:43:44 [NMEA time, header]
# bad_flag = -9.990e-29
*END*
[from data line 1239]
    218.805   1239.479    13.5912   4.542076     2.3787     0.2080  1.7523912  13.599520    13.5591    38.5851    29.0558     3.5792    155.335 0.0000e+00
    218.475   1240.479    13.5908   4.542012     2.3789     0.2093  1.7523403  13.596784    13.5587    38.5851    29.0559     3.5796    155.351 0.0000e+00
    218.247   1241.479    13.5904   4.541926     2.3809     0.2125  1.7516789  13.583105    13.5584    38.5847    29.0556     3.5891    155.766 0.0000e+00
    217.528   1242.479    13.5834   4.540852     2.3835     0.2215  1.7506614  13.583789    13.5515    38.5819    29.0549     3.5913    155.861 0.0000e+00
    216.608   1243.479    13.5815   4.540610     2.3839     0.2237  1.7499491  13.585841    13.5498    38.5819    29.0553     3.5883    155.727 0.0000e+00
    215.949   1244.479    13.5825   4.540744     2.3844     0.2159  1.7488298  13.585157    13.5509    38.5824    29.0554     3.5894    155.778 0.0000e+00
    215.559   1245.479    13.5837   4.540883     2.3849     0.2347  1.7485246  13.583789    13.5522    38.5827    29.0554     3.5897    155.791 0.0000e+00
    215.219   1246.479    13.5797   4.540243     2.3856     0.2299  1.7484228  13.580369    13.5482    38.5808    29.0548     3.5954    156.035 0.0000e+00
    214.778   1247.479    13.5733   4.539374     2.3879     0.2176  1.7478632  13.576265    13.5419    38.5792    29.0549     3.6039    156.405 0.0000e+00
    214.196   1248.479    13.5715   4.539107     2.3905     0.2155  1.7472018  13.579685    13.5401    38.5788    29.0549     3.6075    156.561 0.0000e+00
    213.503   1249.479    13.5715   4.539101     2.3921     0.2068  1.7462861  13.578317    13.5403    38.5790    29.0551     3.6067    156.525 0.0000e+00
    212.852   1250.479    13.5722   4.539112     2.3924     0.2265  1.7449633  13.571477    13.5410    38.5787    29.0547     3.6066    156.523 0.0000e+00
    212.365   1251.479    13.5697   4.538786     2.3937     0.2360  1.7440476  13.579685    13.5387    38.5783    29.0549     3.6123    156.768 0.0000e+00
    211.941   1252.479    13.5693   4.538689     2.3959     0.2334  1.7434371  13.570793    13.5383    38.5780    29.0547     3.6205    157.128 0.0000e+00
    211.365   1253.479    13.5653   4.538055     2.3995     0.2299  1.7435897  13.567373    13.5344    38.5762    29.0542     3.6314    157.597 0.0000e+00
    210.774   1254.479    13.5603   4.537309     2.4029     0.2374  1.7431827  13.574897    13.5295    38.5744    29.0538     3.6342    157.722 0.0000e+00
    210.292   1255.479    13.5596   4.537199     2.4049     0.2306  1.7425722  13.568741    13.5288    38.5743    29.0539     3.6376    157.870 0.0000e+00
    209.685   1256.479    13.5581   4.536947     2.4073     0.2296  1.7422670  13.566005    13.5274    38.5737    29.0537     3.6402    157.981 0.0000e+00
    209.006   1257.479    13.5560   4.536628     2.4077     0.2396  1.7415038  13.569425    13.5254    38.5731    29.0537     3.6347    157.743 0.0000e+00
    208.603   1258.479    13.5554   4.536556     2.4072     0.2419  1.7414529  13.565321    13.5249    38.5732    29.0538     3.6362    157.808 0.0000e+00
    208.239   1259.479    13.5563   4.536644     2.4085     0.2230  1.7407916  13.557112    13.5259    38.5733    29.0537     3.6427    158.091 0.0000e+00
    207.718   1260.479    13.5538   4.536257     2.4107     0.2230  1.7396214  13.561217    13.5234    38.5724    29.0535     3.6501    158.409 0.0000e+00
    207.105   1261.479    13.5522   4.536000     2.4135     0.2309  1.7392653  13.558481    13.5219    38.5718    29.0534     3.6560    158.666 0.0000e+00
    206.272   1262.479    13.5506   4.535740     2.4155     0.2457  1.7387566  13.551640    13.5204    38.5713    29.0533     3.6548    158.613 0.0000e+00
    205.651   1263.479    13.5513   4.535854     2.4158     0.2329  1.7373830  13.557112    13.5213    38.5719    29.0536     3.6533    158.551 0.0000e+00
    205.475   1264.479    13.5527   4.536039     2.4169     0.2304  1.7365181  13.548220    13.5227    38.5724    29.0537     3.6566    158.693 0.0000e+00
    205.043   1265.479    13.5526   4.535926     2.4171     0.2290  1.7360093  13.548904    13.5226    38.5716    29.0531     3.6558    158.659 0.0000e+00
    204.244   1266.479    13.5466   4.535085     2.4184     0.2331  1.7349410  13.549588    13.5168    38.5700    29.0531     3.6628    158.963 0.0000e+00
    203.629   1267.479    13.5448   4.534762     2.4204     0.2406  1.7345848  13.549588    13.5150    38.5691    29.0528     3.6657    159.086 0.0000e+00
    203.223   1268.479    13.5440   4.534686     2.4211     0.2508  1.7340252  13.548220    13.5143    38.5693    29.0530     3.6633    158.982 0.0000e+00
    202.754   1269.479    13.5443   4.534670     2.4213     0.2602  1.7339235  13.545483    13.5147    38.5691    29.0528     3.6621    158.930 0.0000e+00
    202.162   1270.479    13.5430   4.534452     2.4205     0.2607  1.7337200  13.543431    13.5135    38.5686    29.0527     3.6562    158.676 0.0000e+00
    201.493   1271.479    13.5433   4.534462     2.4190     0.2550  1.7331094  13.548904    13.5138    38.5687    29.0527     3.6550    158.623 0.0000e+00
    200.958   1272.479    13.5444   4.534570     2.4192     0.2470  1.7323972  13.546168    13.5150    38.5689    29.0526     3.6564    158.685 0.0000e+00
    200.700   1273.479    13.5452   4.534668     2.4181     0.2369  1.7317358  13.534538    13.5158    38.5691    29.0526     3.6513    158.462 0.0000e+00
    200.267   1274.479    13.5470   4.534916     2.4177     0.2346  1.7315832  13.535906    13.5178    38.5697    29.0527     3.6544    158.600 0.0000e+00
    199.340   1275.479    13.5480   4.534956     2.4180     0.2260  1.7311762  13.535222    13.5189    38.5696    29.0523     3.6529    158.533 0.0000e+00
    198.575   1276.479    13.5473   4.534826     2.4177     0.2418  1.7306675  13.534538    13.5183    38.5694    29.0523     3.6524    158.509 0.0000e+00
    198.316   1277.479    13.5473   4.534852     2.4173     0.2446  1.7311253  13.533854    13.5183    38.5697    29.0525     3.6534    158.553 0.0000e+00
    198.031   1278.479    13.5471   4.534808     2.4190     0.2526  1.7310745  13.533170    13.5182    38.5697    29.0526     3.6587    158.783 0.0000e+00
    197.486   1279.479    13.5477   4.534797     2.4186     0.2452  1.7309218  13.533170    13.5188    38.5693    29.0521     3.6479    158.317 0.0000e+00
    196.784   1280.479    13.5490   4.534907     2.4156     0.2414  1.7309727  13.536590    13.5202    38.5693    29.0518     3.6395    157.953 0.0000e+00
    196.162   1281.479    13.5507   4.535084     2.4144     0.2340  1.7309727  13.540011    13.5220    38.5696    29.0517     3.6439    158.141 0.0000e+00
    195.625   1282.479    13.5507   4.535076     2.4150     0.2333  1.7310236  13.535906    13.5221    38.5697    29.0517     3.6477    158.305 0.0000e+00
    195.062   1283.479    13.5508   4.535033     2.4154     0.2340  1.7313288  13.535222    13.5223    38.5695    29.0515     3.6496    158.388 0.0000e+00
    194.555   1284.479    13.5506   4.534991     2.4171     0.2388  1.7312780  13.542747    13.5222    38.5695    29.0516     3.6497    158.392 0.0000e+00
    194.077   1285.479    13.5503   4.534933     2.4156     0.2296  1.7312780  13.537959    13.5220    38.5694    29.0515     3.6430    158.102 0.0000e+00
    193.516   1286.479    13.5504   4.534899     2.4155     0.2180  1.7315832  13.533854    13.5221    38.5693    29.0514     3.6481    158.324 0.0000e+00
    193.003   1287.479    13.5499   4.534787     2.4169     0.2308  1.7313797  13.537959    13.5217    38.5690    29.0512     3.6499    158.404 0.0000e+00
    192.490   1288.479    13.5489   4.534623     2.4164     0.2299  1.7316850  13.537275    13.5208    38.5686    29.0512     3.6469    158.274 0.0000e+00
    191.831   1289.479    13.5477   4.534403     2.4171     0.2328  1.7316341  13.541379    13.5196    38.5681    29.0510     3.6501    158.413 0.0000e+00
    191.252   1290.479    13.5452   4.534011     2.4175     0.2398  1.7319902  13.542063    13.5173    38.5671    29.0507     3.6536    158.563 0.0000e+00
    190.859   1291.479    13.5441   4.533867     2.4196     0.2488  1.7317867  13.537275    13.5162    38.5670    29.0509     3.6555    158.645 0.0000e+00
    190.312   1292.479    13.5435   4.533758     2.4183     0.2523  1.7317867  13.533170    13.5157    38.5668    29.0508     3.6465    158.255 0.0000e+00
    189.600   1293.479    13.5468   4.534194     2.4180     0.2553  1.7317358  13.535222    13.5191    38.5679    29.0510     3.6507    158.436 0.0000e+00
    189.042   1294.479    13.5502   4.534554     2.4184     0.2776  1.7316341  13.539327    13.5226    38.5683    29.0505     3.6488    158.356 0.0000e+00
    188.689   1295.479    13.5502   4.534540     2.4175     0.2540  1.7314814  13.533854    13.5226    38.5682    29.0505     3.6432    158.110 0.0000e+00
    188.237   1296.479    13.5533   4.534969     2.4157     0.2658  1.7313797  13.533170    13.5258    38.5694    29.0507     3.6350    157.756 0.0000e+00
    187.604   1297.479    13.5637   4.536383     2.4122     0.2565  1.7314306  13.533854    13.5363    38.5727    29.0510     3.6227    157.223 0.0000e+00
    186.898   1298.479    13.5786   4.538132     2.4084     0.2519  1.7308201  13.536590    13.5513    38.5746    29.0494     3.6150    156.888 0.0000e+00
    186.262   1299.479    13.5821   4.538575     2.4062     0.2497  1.7316341  13.541379    13.5549    38.5756    29.0493     3.6164    156.950 0.0000e+00
    185.920   1300.479    13.5795   4.538071     2.4052     0.2428  1.7320411  13.535906    13.5523    38.5736    29.0483     3.6112    156.725 0.0000e+00
    185.579   1301.479    13.5809   4.538434     2.4021     0.2473  1.7318884  13.542063    13.5537    38.5758    29.0497     3.5990    156.194 0.0000e+00
    184.866   1302.479    13.5939   4.540045     2.3973     0.2425  1.7324990  13.540695    13.5669    38.5783    29.0489     3.5850    155.587 0.0000e+00
    184.131   1303.479    13.5974   4.540398     2.3937     0.2295  1.7330586  13.549588    13.5705    38.5785    29.0483     3.5855    155.607 0.0000e+00
    183.647   1304.479    13.5999   4.540709     2.3927     0.2344  1.7341778  13.550956    13.5730    38.5792    29.0483     3.5817    155.444 0.0000e+00
    183.235   1305.479    13.6006   4.540802     2.3893     0.2410  1.7351953  13.552324    13.5738    38.5795    29.0484     3.5730    155.066 0.0000e+00
    182.800   1306.479    13.6044   4.541249     2.3874     0.2412  1.7354497  13.556428    13.5776    38.5802    29.0481     3.5743    155.121 0.0000e+00
    182.277   1307.479    13.6051   4.541301     2.3873     0.2419  1.7364672  13.558481    13.5784    38.5802    29.0479     3.5778    155.272 0.0000e+00
    181.596   1308.479    13.6068   4.541449     2.3876     0.2327  1.7375864  13.563953    13.5802    38.5802    29.0475     3.5781    155.286 0.0000e+00
    180.890   1309.479    13.6060   4.541321     2.3878     0.2427  1.7389601  13.567373    13.5796    38.5801    29.0475     3.5771    155.242 0.0000e+00
    180.321   1310.479    13.6055   4.541183     2.3874     0.2449  1.7405372  13.567373    13.5791    38.5795    29.0472     3.5754    155.170 0.0000e+00
    179.818   1311.479    13.6061   4.541300     2.3874     0.2367  1.7410459  13.567373    13.5797    38.5803    29.0477     3.5746    155.136 0.0000e+00
    179.476   1312.479    13.6061   4.541240     2.3863     0.2274  1.7420126  13.570793    13.5798    38.5799    29.0474     3.5672    154.815 0.0000e+00
    179.211   1313.479    13.6062   4.541251     2.3835     0.2234  1.7425213  13.573529    13.5800    38.5800    29.0474     3.5585    154.438 0.0000e+00
    178.501   1314.479    13.6094   4.541753     2.3807     0.2320  1.7429792  13.576265    13.5833    38.5819    29.0481     3.5497    154.053 0.0000e+00
    177.524   1315.479    13.6265   4.543981     2.3767     0.2349  1.7435897  13.577633    13.6005    38.5863    29.0479     3.5424    153.737 0.0000e+00
    176.925   1316.479    13.6454   4.546305     2.3757     0.2372  1.7441493  13.581053    13.6195    38.5896    29.0464     3.5481    153.984 0.0000e+00
    176.631   1317.479    13.6160   4.542330     2.3766     0.2339  1.7444546  13.582421    13.5901    38.5816    29.0464     3.5469    153.931 0.0000e+00
    176.293   1318.479    13.6279   4.544003     2.3722     0.2286  1.7451668  13.588577    13.6021    38.5856    29.0470     3.5150    152.550 0.0000e+00
    175.808   1319.479    13.6693   4.549898     2.3611     0.2391  1.7461843  13.600204    13.6435    38.6003    29.0495     3.4768    150.892 0.0000e+00
    175.144   1320.479    13.7117   4.554928     2.3500     0.2442  1.7469474  13.600204    13.6859    38.6056    29.0446     3.4587    150.106 0.0000e+00
    174.527   1321.479    13.7116   4.554885     2.3430     0.2287  1.7480667  13.617301    13.6859    38.6056    29.0446     3.4532    149.866 0.0000e+00
    174.000   1322.479    13.7111   4.554774     2.3376     0.2209  1.7518315  13.632346    13.6855    38.6053    29.0444     3.4443    149.482 0.0000e+00
    173.353   1323.479    13.7118   4.554805     2.3328     0.2233  1.7551384  13.637816    13.6862    38.6052    29.0442     3.4393    149.262 0.0000e+00
    172.771   1324.479    13.7121   4.554818     2.3302     0.2176  1.7575804  13.639184    13.6867    38.6052    29.0441     3.4361    149.124 0.0000e+00
    172.396   1325.479    13.7115   4.554663     2.3273     0.2209  1.7595137  13.647389    13.6861    38.6046    29.0437     3.4298    148.852 0.0000e+00
    172.005   1326.479    13.7127   4.554891     2.3244     0.2311  1.7603786  13.646705    13.6874    38.6057    29.0444     3.4246    148.626 0.0000e+00
    171.517   1327.479    13.7144   4.554990     2.3226     0.2235  1.7613960  13.649441    13.6892    38.6051    29.0435     3.4263    148.702 0.0000e+00
    170.830   1328.479    13.7130   4.554731     2.3228     0.2113  1.7623627  13.656279    13.6878    38.6044    29.0433     3.4286    148.800 0.0000e+00
    170.053   1329.479    13.7111   4.554474     2.3222     0.2121  1.7646012  13.664484    13.6861    38.6042    29.0435     3.4241    148.603 0.0000e+00
    169.429   1330.479    13.7118   4.554548     2.3213     0.2144  1.7668906  13.662433    13.6869    38.6045    29.0435     3.4242    148.611 0.0000e+00
    169.035   1331.479    13.7117   4.554474     2.3214     0.2235  1.7673993  13.657646    13.6868    38.6041    29.0432     3.4258    148.679 0.0000e+00
    168.629   1332.479    13.7105   4.554265     2.3217     0.2190  1.7670941  13.664484    13.6857    38.6035    29.0430     3.4275    148.750 0.0000e+00
    168.136   1333.479    13.7058   4.553507     2.3226     0.2108  1.7677046  13.664484    13.6811    38.6012    29.0422     3.4323    148.960 0.0000e+00
    167.583   1334.479    13.7012   4.552871     2.3246     0.2069  1.7678572  13.664484    13.6766    38.6001    29.0423     3.4392    149.258 0.0000e+00
    166.963   1335.479    13.6972   4.552262     2.3267     0.2071  1.7682642  13.665168    13.6727    38.5986    29.0420     3.4411    149.343 0.0000e+00
    166.344   1336.479    13.6932   4.551679     2.3280     0.2147  1.7694852  13.666535    13.6687    38.5974    29.0419     3.4453    149.526 0.0000e+00
    165.858   1337.479    13.6917   4.551431     2.3301     0.2191  1.7701466  13.668586    13.6673    38.5967    29.0417     3.4487    149.671 0.0000e+00
    165.338   1338.479    13.6893   4.551067     2.3313     0.1962  1.7704009  13.672005    13.6650    38.5959    29.0416     3.4522    149.826 0.0000e+00
    164.735   1339.479    13.6873   4.550714     2.3349     0.2062  1.7710114  13.670637    13.6631    38.5948    29.0411     3.4722    150.693 0.0000e+00
    164.230   1340.479    13.6730   4.548442     2.3426     0.2101  1.7714693  13.666535    13.6489    38.5878    29.0387     3.4956    151.710 0.0000e+00
