Boussole/Data/SBEMOOSE/Work/cnv/bous235_03.cnv
* Sea-Bird SBE 9 Data File:
* FileName = C:\boussole\202110\bous235_03.hdr
* Software Version Seasave V 7.23.2
* Temperature SN = 1378
* Conductivity SN = 2929
* Number of Bytes Per Scan = 34
* Number of Voltage Words = 3
* Number of Scans Averaged by the Deck Unit = 1
* NMEA Latitude = 43 22.04 N
* NMEA Longitude = 007 53.77 E
* NMEA UTC (Time) = Oct 12 2021  14:09:09
* NMEA baud rate = 4800
** Campagne = BOUSSOLE 235
** Navire = Tethys II
** Station = BOUS235_03
** Date = 12/10/2021
** Heure debut [TU] = 14:09
** Heure fin [TU] = 14:28
** Heure locale / TU = +2
** Latitude = 43 22.046 N
** Longitude = 007 53.761 E
** Heure meteo [TU] = 14:10
** T air sec [deg C] = 20.2
** T mer [deg C] = 19.92
** Vent [noeuds, degres] = 7, 163
** Pression atm [hpa] = 1011.8
** Humidite [%] = 65.9
** Nebulosite [octas] = 1
** Etat de la mer [code S] = 2
# nquan = 14
# nvalues = 1173                        
# units = specified
# name 0 = prDM: Pressure, Digiquartz [db]
# name 1 = timeS: Time, Elapsed [seconds]
# name 2 = t090C: Temperature [ITS-90, deg C]
# name 3 = c0S/m: Conductivity [S/m]
# name 4 = sbeox0V: Oxygen raw, SBE 43 [V]
# name 5 = flC: Fluorescence, Chelsea Aqua 3 Chl Con [ug/l]
# name 6 = upoly0: Upoly 0, RINKOIII_DO
# name 7 = upoly1: Upoly 1, RINKOIII_Temp
# name 8 = potemp090C: Potential Temperature [ITS-90, deg C]
# name 9 = sal00: Salinity, Practical [PSU]
# name 10 = sigma-é00: Density [sigma-theta, kg/m^3]
# name 11 = sbeox0ML/L: Oxygen, SBE 43 [ml/l], WS = 2
# name 12 = sbox0Mm/Kg: Oxygen, SBE 43 [umol/kg], WS = 2
# name 13 = flag: flag
# span 0 =      0.086,    301.161       
# span 1 =      0.479,   1172.125       
# span 2 =    13.6874,    19.9804       
# span 3 =   0.370422,   5.195557       
# span 4 =     2.3567,     3.6049       
# span 5 =    -0.0201,     1.0141       
# span 6 =  1.4176333,  1.7968559       
# span 7 =  13.678842,  19.931108       
# span 8 =    13.6744,    19.9803       
# span 9 =     2.1867,    38.6399       
# span 10 =    -0.0984,    29.0662      
# span 11 =     3.5895,     5.6564      
# span 12 =    156.049,    245.635      
# span 13 = 0.0000e+00, 0.0000e+00      
# interval = seconds: 1                 
# start_time = Oct 12 2021 14:09:09 [NMEA time, header]
# bad_flag = -9.990e-29
*END*
[from data line 517]
    269.351    517.479    13.7704   4.569015     2.5044     0.2337  1.7904965  13.754721    13.7306    38.6379    29.0600     3.8069    165.215 0.0000e+00
    268.271    518.479    13.7706   4.568944     2.5049     0.2317  1.7895299  13.749253    13.7309    38.6375    29.0597     3.8111    165.399 0.0000e+00
    267.048    519.479    13.7716   4.569013     2.5079     0.2389  1.7894282  13.747203    13.7321    38.6377    29.0595     3.8199    165.778 0.0000e+00
    266.074    520.479    13.7740   4.569224     2.5099     0.2256  1.7893264  13.758822    13.7346    38.6377    29.0590     3.8179    165.692 0.0000e+00
    265.196    521.479    13.7746   4.569233     2.5102     0.2193  1.7888685  13.758822    13.7354    38.6376    29.0588     3.8129    165.477 0.0000e+00
    264.103    522.479    13.7748   4.569207     2.5095     0.2150  1.7884107  13.754037    13.7358    38.6376    29.0587     3.8139    165.519 0.0000e+00
    263.048    523.479    13.7748   4.569170     2.5113     0.2159  1.7881563  13.749936    13.7359    38.6378    29.0588     3.8210    165.826 0.0000e+00
    262.232    524.479    13.7763   4.569268     2.5123     0.2146  1.7879019  13.756088    13.7374    38.6376    29.0583     3.8193    165.754 0.0000e+00
    261.296    525.479    13.7772   4.569305     2.5129     0.2148  1.7875458  13.760189    13.7386    38.6374    29.0579     3.8189    165.736 0.0000e+00
    260.129    526.479    13.7745   4.569008     2.5134     0.2167  1.7871388  13.755404    13.7360    38.6378    29.0588     3.8203    165.794 0.0000e+00
    259.043    527.479    13.7810   4.569608     2.5139     0.2102  1.7868844  13.758139    13.7427    38.6375    29.0571     3.8207    165.814 0.0000e+00
    258.092    528.479    13.7805   4.569465     2.5149     0.2237  1.7865283  13.762240    13.7423    38.6370    29.0568     3.8241    165.962 0.0000e+00
    257.104    529.479    13.7800   4.569346     2.5162     0.2202  1.7859178  13.762240    13.7420    38.6368    29.0567     3.8264    166.063 0.0000e+00
    256.155    530.479    13.7785   4.569153     2.5175     0.2110  1.7857652  13.762923    13.7405    38.6370    29.0572     3.8272    166.096 0.0000e+00
    255.281    531.479    13.7794   4.569201     2.5176     0.1926  1.7851547  13.763606    13.7417    38.6369    29.0568     3.8222    165.878 0.0000e+00
    254.246    532.479    13.7815   4.569340     2.5165     0.1867  1.7849003  13.762923    13.7438    38.6366    29.0562     3.8188    165.732 0.0000e+00
    253.119    533.479    13.7827   4.569434     2.5167     0.1971  1.7849512  13.762240    13.7453    38.6367    29.0560     3.8272    166.098 0.0000e+00
    251.994    534.479    13.7833   4.569430     2.5199     0.1970  1.7846459  13.763606    13.7460    38.6366    29.0557     3.8366    166.503 0.0000e+00
    251.030    535.479    13.7846   4.569549     2.5215     0.2018  1.7842389  13.762923    13.7475    38.6369    29.0556     3.8326    166.332 0.0000e+00
    250.257    536.479    13.7885   4.569942     2.5225     0.2053  1.7835776  13.767707    13.7514    38.6371    29.0549     3.8348    166.426 0.0000e+00
    249.292    537.479    13.7907   4.570134     2.5230     0.2084  1.7832214  13.770441    13.7538    38.6371    29.0544     3.8312    166.269 0.0000e+00
    248.096    538.479    13.7877   4.569768     2.5230     0.1931  1.7829670  13.764290    13.7510    38.6372    29.0551     3.8360    166.481 0.0000e+00
    247.039    539.479    13.7919   4.570170     2.5254     0.1772  1.7828144  13.769074    13.7554    38.6372    29.0541     3.8376    166.549 0.0000e+00
    246.190    540.479    13.7925   4.570186     2.5240     0.1831  1.7824583  13.775225    13.7560    38.6372    29.0540     3.8260    166.043 0.0000e+00
    245.250    541.479    13.7932   4.570179     2.5229     0.1959  1.7820513  13.773858    13.7569    38.6368    29.0535     3.8304    166.234 0.0000e+00
    244.244    542.479    13.7916   4.569948     2.5247     0.1967  1.7817460  13.771125    13.7554    38.6367    29.0537     3.8382    166.575 0.0000e+00
    243.160    543.479    13.7919   4.569924     2.5255     0.1977  1.7821022  13.769758    13.7559    38.6366    29.0535     3.8337    166.379 0.0000e+00
    241.947    544.479    13.7928   4.569945     2.5254     0.2159  1.7818478  13.767707    13.7569    38.6365    29.0533     3.8314    166.278 0.0000e+00
    240.928    545.479    13.7929   4.569874     2.5241     0.2026  1.7819495  13.773175    13.7573    38.6361    29.0529     3.8231    165.918 0.0000e+00
    240.156    546.479    13.7918   4.569689     2.5225     0.2040  1.7816952  13.779326    13.7562    38.6359    29.0530     3.8225    165.893 0.0000e+00
    239.207    547.479    13.7921   4.569674     2.5221     0.2071  1.7820513  13.776592    13.7567    38.6358    29.0528     3.8270    166.088 0.0000e+00
    238.055    548.479    13.7939   4.569838     2.5240     0.2003  1.7821022  13.777276    13.7586    38.6361    29.0526     3.8378    166.558 0.0000e+00
    236.941    549.479    13.7941   4.569621     2.5276     0.1962  1.7822039  13.777959    13.7590    38.6343    29.0511     3.8451    166.875 0.0000e+00
    236.010    550.479    13.7915   4.569246     2.5295     0.2099  1.7823057  13.778643    13.7566    38.6338    29.0513     3.8409    166.693 0.0000e+00
    235.056    551.479    13.7901   4.569015     2.5295     0.2131  1.7817969  13.777959    13.7553    38.6335    29.0513     3.8365    166.501 0.0000e+00
    233.979    552.479    13.7920   4.569240     2.5284     0.2196  1.7817969  13.773175    13.7574    38.6342    29.0514     3.8291    166.178 0.0000e+00
    232.881    553.479    13.7969   4.569719     2.5260     0.2261  1.7818478  13.775225    13.7624    38.6343    29.0504     3.8208    165.820 0.0000e+00
    231.879    554.479    13.7992   4.569936     2.5240     0.2290  1.7822039  13.779326    13.7649    38.6344    29.0499     3.8188    165.735 0.0000e+00
    230.940    555.479    13.7994   4.569882     2.5225     0.2213  1.7821530  13.780009    13.7652    38.6342    29.0497     3.8165    165.632 0.0000e+00
    229.881    556.479    13.7998   4.569932     2.5213     0.2147  1.7826618  13.777276    13.7657    38.6348    29.0500     3.8106    165.377 0.0000e+00
    228.862    557.479    13.8064   4.570674     2.5181     0.2070  1.7825600  13.781376    13.7725    38.6356    29.0492     3.8006    164.942 0.0000e+00
    227.925    558.479    13.8126   4.571363     2.5165     0.2079  1.7827127  13.784110    13.7788    38.6363    29.0484     3.8042    165.100 0.0000e+00
    226.908    559.479    13.8139   4.571438     2.5164     0.2101  1.7833232  13.792994    13.7803    38.6362    29.0480     3.8049    165.129 0.0000e+00
    225.775    560.479    13.8127   4.571094     2.5164     0.2244  1.7840354  13.788210    13.7793    38.6346    29.0470     3.8101    165.355 0.0000e+00
    224.847    561.479    13.8159   4.571194     2.5192     0.2156  1.7841881  13.795044    13.7826    38.6327    29.0448     3.8151    165.576 0.0000e+00
    223.952    562.479    13.8175   4.571348     2.5194     0.2080  1.7841881  13.795727    13.7843    38.6330    29.0447     3.8165    165.632 0.0000e+00
    222.849    563.479    13.8183   4.571461     2.5236     0.2097  1.7845951  13.795727    13.7853    38.6338    29.0451     3.8316    166.291 0.0000e+00
    221.720    564.479    13.8051   4.569386     2.5265     0.2041  1.7843407  13.788893    13.7723    38.6278    29.0432     3.8354    166.456 0.0000e+00
    220.807    565.479    13.7987   4.568398     2.5308     0.2029  1.7838828  13.786160    13.7660    38.6253    29.0427     3.8482    167.011 0.0000e+00
    219.977    566.479    13.7975   4.568187     2.5343     0.2190  1.7827127  13.786843    13.7650    38.6249    29.0425     3.8466    166.941 0.0000e+00
    218.971    567.479    13.8023   4.568791     2.5350     0.2205  1.7810847  13.781376    13.7699    38.6263    29.0426     3.8420    166.739 0.0000e+00
    217.834    568.479    13.8098   4.569720     2.5349     0.2214  1.7805759  13.790260    13.7776    38.6280    29.0422     3.8359    166.477 0.0000e+00
    216.759    569.479    13.8170   4.570456     2.5331     0.2040  1.7806268  13.792310    13.7849    38.6282    29.0408     3.8301    166.223 0.0000e+00
    215.664    570.479    13.8144   4.570129     2.5327     0.1941  1.7808812  13.795044    13.7825    38.6283    29.0414     3.8347    166.426 0.0000e+00
    214.728    571.479    13.8117   4.569764     2.5335     0.2010  1.7814917  13.794360    13.7799    38.6280    29.0417     3.8381    166.570 0.0000e+00
    213.844    572.479    13.8120   4.569734     2.5347     0.2150  1.7810847  13.795044    13.7803    38.6278    29.0415     3.8380    166.566 0.0000e+00
    212.894    573.479    13.8143   4.569989     2.5337     0.2188  1.7804233  13.794360    13.7827    38.6283    29.0414     3.8263    166.059 0.0000e+00
    211.769    574.479    13.8172   4.570360     2.5306     0.2226  1.7805759  13.792994    13.7858    38.6294    29.0416     3.8182    165.710 0.0000e+00
    210.636    575.479    13.8282   4.571637     2.5290     0.2082  1.7804233  13.797094    13.7970    38.6309    29.0403     3.8214    165.846 0.0000e+00
    209.723    576.479    13.8266   4.571309     2.5298     0.1997  1.7808812  13.803244    13.7955    38.6299    29.0398     3.8288    166.168 0.0000e+00
    208.731    577.479    13.8247   4.571023     2.5321     0.2129  1.7818478  13.810761    13.7938    38.6295    29.0399     3.8430    166.786 0.0000e+00
    207.713    578.479    13.8213   4.570550     2.5390     0.2188  1.7818478  13.801194    13.7906    38.6289    29.0401     3.8689    167.910 0.0000e+00
    206.864    579.479    13.8094   4.568716     2.5466     0.2342  1.7820513  13.802561    13.7788    38.6238    29.0387     3.8760    168.217 0.0000e+00
    205.776    580.479    13.8038   4.567847     2.5498     0.2321  1.7813390  13.795727    13.7733    38.6217    29.0383     3.8715    168.022 0.0000e+00
    204.557    581.479    13.8110   4.568761     2.5507     0.2229  1.7799654  13.795727    13.7808    38.6237    29.0382     3.8668    167.820 0.0000e+00
    203.627    582.479    13.8213   4.569926     2.5512     0.2204  1.7787953  13.797777    13.7911    38.6248    29.0369     3.8662    167.790 0.0000e+00
    202.702    583.479    13.8248   4.570303     2.5514     0.2213  1.7774725  13.800511    13.7948    38.6252    29.0364     3.8637    167.684 0.0000e+00
    201.602    584.479    13.8231   4.570099     2.5505     0.2176  1.7765059  13.801194    13.7932    38.6255    29.0370     3.8583    167.449 0.0000e+00
    200.601    585.479    13.8241   4.570238     2.5497     0.2034  1.7763533  13.803927    13.7944    38.6264    29.0374     3.8604    167.539 0.0000e+00
    199.760    586.479    13.8350   4.571519     2.5504     0.2065  1.7765568  13.808711    13.8054    38.6279    29.0362     3.8613    167.580 0.0000e+00
    198.763    587.479    13.8360   4.571522     2.5500     0.2184  1.7759463  13.805294    13.8065    38.6274    29.0355     3.8551    167.312 0.0000e+00
    197.560    588.479    13.8311   4.570730     2.5486     0.2374  1.7759972  13.801194    13.8019    38.6253    29.0349     3.8529    167.214 0.0000e+00
    196.496    589.479    13.8280   4.570014     2.5484     0.2307  1.7758446  13.805294    13.7990    38.6221    29.0330     3.8546    167.289 0.0000e+00
    195.664    590.479    13.8276   4.569915     2.5485     0.2305  1.7755902  13.808711    13.7987    38.6219    29.0330     3.8604    167.540 0.0000e+00
    194.704    591.479    13.8295   4.570050     2.5513     0.2152  1.7754376  13.812128    13.8007    38.6217    29.0324     3.8676    167.856 0.0000e+00
    193.643    592.479    13.8284   4.569938     2.5530     0.1967  1.7749288  13.805978    13.7997    38.6223    29.0330     3.8708    167.992 0.0000e+00
    192.640    593.479    13.8300   4.570011     2.5556     0.2101  1.7748270  13.810761    13.8015    38.6218    29.0323     3.8742    168.139 0.0000e+00
    191.654    594.479    13.8313   4.570037     2.5563     0.2293  1.7745218  13.811445    13.8029    38.6212    29.0315     3.8710    168.002 0.0000e+00
    190.649    595.479    13.8307   4.569936     2.5580     0.2300  1.7742165  13.812128    13.8025    38.6213    29.0317     3.8817    168.467 0.0000e+00
    189.736    596.479    13.8302   4.569725     2.5621     0.2254  1.7739113  13.812811    13.8022    38.6202    29.0309     3.9001    169.263 0.0000e+00
    188.621    597.479    13.8262   4.569066     2.5699     0.2149  1.7734025  13.810078    13.7983    38.6184    29.0303     3.9201    170.133 0.0000e+00
    187.478    598.479    13.8220   4.568319     2.5760     0.2298  1.7730464  13.811445    13.7943    38.6161    29.0294     3.9226    170.242 0.0000e+00
    186.589    599.479    13.8247   4.568525     2.5789     0.2258  1.7718254  13.810078    13.7971    38.6158    29.0286     3.9190    170.084 0.0000e+00
    185.721    600.479    13.8253   4.568467     2.5798     0.2339  1.7687729  13.810761    13.7978    38.6150    29.0278     3.9172    170.008 0.0000e+00
    184.710    601.479    13.8239   4.568301     2.5814     0.2291  1.7673993  13.809394    13.7966    38.6153    29.0283     3.9268    170.423 0.0000e+00
    183.616    602.479    13.8218   4.567849     2.5850     0.2223  1.7669923  13.810078    13.7947    38.6135    29.0274     3.9370    170.866 0.0000e+00
    182.635    603.479    13.8208   4.567406     2.5890     0.2185  1.7661783  13.810078    13.7937    38.6109    29.0255     3.9394    170.972 0.0000e+00
    181.766    604.479    13.8212   4.567350     2.5893     0.2168  1.7656187  13.805294    13.7943    38.6103    29.0249     3.9333    170.706 0.0000e+00
    180.724    605.479    13.8215   4.567401     2.5902     0.2144  1.7646520  13.808028    13.7948    38.6109    29.0253     3.9366    170.848 0.0000e+00
    179.572    606.479    13.8221   4.567409     2.5914     0.2187  1.7642450  13.809394    13.7955    38.6110    29.0252     3.9414    171.057 0.0000e+00
    178.577    607.479    13.8228   4.567367     2.5936     0.2226  1.7639907  13.808711    13.7964    38.6103    29.0244     3.9439    171.165 0.0000e+00
    177.701    608.479    13.8234   4.567355     2.5945     0.2301  1.7637363  13.811445    13.7972    38.6099    29.0240     3.9427    171.116 0.0000e+00
    176.680    609.479    13.8236   4.567370     2.5948     0.2218  1.7623627  13.805978    13.7975    38.6104    29.0243     3.9433    171.139 0.0000e+00
    175.629    610.479    13.8261   4.567628     2.5965     0.2130  1.7620065  13.807344    13.8001    38.6108    29.0241     3.9486    171.368 0.0000e+00
    174.687    611.479    13.8329   4.568223     2.5980     0.2125  1.7620574  13.810761    13.8070    38.6100    29.0220     3.9521    171.522 0.0000e+00
    173.635    612.479    13.8341   4.568333     2.6002     0.2078  1.7612943  13.812128    13.8085    38.6102    29.0218     3.9519    171.514 0.0000e+00
    172.500    613.479    13.8350   4.568411     2.5999     0.2110  1.7605821  13.809394    13.8095    38.6106    29.0219     3.9466    171.284 0.0000e+00
    171.497    614.479    13.8397   4.568819     2.5997     0.2098  1.7598698  13.812128    13.8143    38.6102    29.0206     3.9465    171.280 0.0000e+00
    170.601    615.479    13.8430   4.569114     2.6001     0.2216  1.7594119  13.814861    13.8177    38.6102    29.0198     3.9501    171.434 0.0000e+00
    169.554    616.479    13.8426   4.569022     2.6015     0.2208  1.7593611  13.815544    13.8175    38.6102    29.0198     3.9529    171.560 0.0000e+00
    168.433    617.479    13.8433   4.569087     2.6026     0.2276  1.7586997  13.812128    13.8183    38.6106    29.0199     3.9533    171.575 0.0000e+00
    167.485    618.479    13.8501   4.569804     2.6026     0.2156  1.7583944  13.821011    13.8253    38.6109    29.0187     3.9477    171.331 0.0000e+00
