Boussole/Data/SBEMOOSE/Work/cnv/bous228_02.cnv
* Sea-Bird SBE 9 Data File:
* FileName = C:\boussole\202103\bous228_02.hdr
* Software Version Seasave V 7.23.2
* Temperature SN = 2473
* Conductivity SN = 2929
* Number of Bytes Per Scan = 37
* Number of Voltage Words = 4
* Number of Scans Averaged by the Deck Unit = 1
* NMEA Latitude = 43 22.28 N
* NMEA Longitude = 007 53.58 E
* NMEA UTC (Time) = Mar 03 2021  11:41:04
* NMEA baud rate = 4800
** Navire
** Station:
** Date
** Heure debut [TU]
** Heure fin [TU]
** Heure locale / TU = +0
** Latitude
** Longitude
** Heure meteo [TU]
** T air sec [deg C]
** T mer [deg C]
** Vent [noeuds, degres]
# nquan = 14
# nvalues = 1999                        
# units = specified
# name 0 = prDM: Pressure, Digiquartz [db]
# name 1 = timeS: Time, Elapsed [seconds]
# name 2 = t090C: Temperature [ITS-90, deg C]
# name 3 = c0S/m: Conductivity [S/m]
# name 4 = sbeox0V: Oxygen raw, SBE 43 [V]
# name 5 = flC: Fluorescence, Chelsea Aqua 3 Chl Con [ug/l]
# name 6 = upoly0: Upoly 0, RINKOIII_DO
# name 7 = upoly1: Upoly 1, RINKOIII_Temp
# name 8 = potemp090C: Potential Temperature [ITS-90, deg C]
# name 9 = sal00: Salinity, Practical [PSU]
# name 10 = sigma-é00: Density [sigma-theta, kg/m^3]
# name 11 = sbeox0ML/L: Oxygen, SBE 43 [ml/l], WS = 2
# name 12 = sbox0Mm/Kg: Oxygen, SBE 43 [umol/kg], WS = 2
# name 13 = flag: flag
# span 0 =      0.237,    406.151       
# span 1 =      0.479,   1998.188       
# span 2 =    13.3983,    13.8038       
# span 3 =   0.869973,   4.571743       
# span 4 =     2.1392,     3.0324       
# span 5 =    -0.2893,     2.4742       
# span 6 =  1.5174501,  1.8386243       
# span 7 =  13.384669,  13.767707       
# span 8 =    13.3944,    13.8036       
# span 9 =     6.3617,    38.6555       
# span 10 =     4.2172,    29.0900      
# span 11 =     3.1411,     4.8479      
# span 12 =    136.318,    210.419      
# span 13 = 0.0000e+00, 0.0000e+00      
# interval = seconds: 1                 
# start_time = Mar 03 2021 11:41:04 [NMEA time, header]
# bad_flag = -9.990e-29
*END*
[from data line 826]
    381.848    826.479    13.5648   4.549899     2.1444     0.1902  1.8379120  13.543431    13.5087    38.6130    29.0881     3.1490    136.658 0.0000e+00
    381.057    827.479    13.5667   4.550100     2.1450     0.1893  1.8378103  13.545483    13.5107    38.6133    29.0880     3.1524    136.805 0.0000e+00
    380.092    828.479    13.5682   4.550248     2.1456     0.1974  1.8377086  13.544799    13.5123    38.6136    29.0879     3.1506    136.730 0.0000e+00
    378.945    829.479    13.5699   4.550416     2.1454     0.2055  1.8378103  13.549588    13.5142    38.6141    29.0878     3.1485    136.638 0.0000e+00
    377.739    830.479    13.5716   4.550568     2.1452     0.2010  1.8381155  13.542747    13.5160    38.6144    29.0877     3.1496    136.686 0.0000e+00
    376.788    831.479    13.5728   4.550661     2.1458     0.2093  1.8378612  13.546168    13.5173    38.6145    29.0875     3.1500    136.702 0.0000e+00
    376.037    832.479    13.5733   4.550688     2.1460     0.2027  1.8380647  13.548220    13.5180    38.6145    29.0874     3.1502    136.713 0.0000e+00
    375.114    833.479    13.5756   4.550971     2.1462     0.1950  1.8379121  13.549588    13.5204    38.6153    29.0875     3.1488    136.652 0.0000e+00
    373.883    834.479    13.5783   4.551234     2.1459     0.1836  1.8379629  13.549588    13.5233    38.6156    29.0871     3.1475    136.593 0.0000e+00
    372.726    835.479    13.5802   4.551409     2.1462     0.1715  1.8382173  13.550956    13.5253    38.6160    29.0869     3.1486    136.641 0.0000e+00
    371.795    836.479    13.5819   4.551588     2.1462     0.1767  1.8384208  13.549588    13.5271    38.6164    29.0868     3.1465    136.552 0.0000e+00
    370.859    837.479    13.5831   4.551690     2.1460     0.2020  1.8381664  13.552324    13.5286    38.6165    29.0866     3.1476    136.599 0.0000e+00
    369.832    838.479    13.5846   4.551813     2.1466     0.1966  1.8380647  13.555060    13.5301    38.6167    29.0864     3.1479    136.614 0.0000e+00
    368.995    839.479    13.5854   4.551873     2.1467     0.1882  1.8383191  13.555060    13.5310    38.6168    29.0863     3.1485    136.636 0.0000e+00
    368.104    840.479    13.5853   4.551813     2.1474     0.1799  1.8382173  13.561901    13.5311    38.6167    29.0863     3.1499    136.698 0.0000e+00
    366.900    841.479    13.5856   4.551835     2.1476     0.1721  1.8383699  13.561217    13.5316    38.6171    29.0865     3.1504    136.718 0.0000e+00
    365.726    842.479    13.5890   4.552202     2.1490     0.1791  1.8383699  13.561901    13.5351    38.6178    29.0862     3.1552    136.927 0.0000e+00
    364.887    843.479    13.5898   4.552259     2.1497     0.1976  1.8383699  13.560533    13.5361    38.6178    29.0861     3.1506    136.729 0.0000e+00
    364.170    844.479    13.5907   4.552334     2.1486     0.1966  1.8381664  13.562585    13.5371    38.6179    29.0859     3.1463    136.543 0.0000e+00
    363.170    845.479    13.5913   4.552352     2.1487     0.2022  1.8378103  13.566005    13.5378    38.6180    29.0858     3.1514    136.764 0.0000e+00
    361.891    846.479    13.5914   4.552320     2.1500     0.1842  1.8380138  13.566689    13.5381    38.6182    29.0859     3.1548    136.911 0.0000e+00
    360.801    847.479    13.5921   4.552366     2.1509     0.1789  1.8379629  13.566005    13.5390    38.6183    29.0858     3.1549    136.918 0.0000e+00
    359.967    848.479    13.5930   4.552425     2.1514     0.1793  1.8377594  13.566005    13.5400    38.6184    29.0857     3.1539    136.873 0.0000e+00
    359.083    849.479    13.5937   4.552467     2.1520     0.1839  1.8376068  13.567373    13.5408    38.6185    29.0856     3.1568    136.999 0.0000e+00
    357.979    850.479    13.5937   4.552432     2.1525     0.1995  1.8377086  13.566689    13.5410    38.6186    29.0856     3.1537    136.865 0.0000e+00
    356.982    851.479    13.5955   4.552626     2.1520     0.1938  1.8372507  13.568057    13.5429    38.6191    29.0856     3.1529    136.829 0.0000e+00
    356.152    852.479    13.5976   4.552834     2.1523     0.1856  1.8371489  13.568057    13.5452    38.6193    29.0853     3.1505    136.725 0.0000e+00
    355.193    853.479    13.5985   4.552903     2.1505     0.1893  1.8370980  13.566005    13.5462    38.6196    29.0853     3.1441    136.448 0.0000e+00
    354.071    854.479    13.5995   4.552966     2.1501     0.2017  1.8366911  13.571477    13.5473    38.6196    29.0851     3.1498    136.696 0.0000e+00
    352.807    855.479    13.6006   4.553062     2.1517     0.1973  1.8365893  13.572161    13.5487    38.6200    29.0850     3.1544    136.894 0.0000e+00
    351.723    856.479    13.6021   4.553191     2.1523     0.1864  1.8362841  13.568741    13.5503    38.6202    29.0849     3.1507    136.735 0.0000e+00
    351.121    857.479    13.6027   4.553253     2.1513     0.1764  1.8364367  13.573529    13.5510    38.6204    29.0849     3.1450    136.485 0.0000e+00
    350.431    858.479    13.6036   4.553311     2.1506     0.1897  1.8357244  13.578317    13.5520    38.6204    29.0847     3.1462    136.539 0.0000e+00
    349.344    859.479    13.6043   4.553355     2.1510     0.2064  1.8358262  13.582421    13.5528    38.6206    29.0847     3.1487    136.645 0.0000e+00
    348.075    860.479    13.6053   4.553429     2.1514     0.2122  1.8356227  13.582421    13.5541    38.6208    29.0846     3.1501    136.708 0.0000e+00
    346.777    861.479    13.6058   4.553443     2.1525     0.2135  1.8356227  13.581737    13.5548    38.6211    29.0846     3.1526    136.816 0.0000e+00
    345.753    862.479    13.6076   4.553611     2.1534     0.1992  1.8356736  13.581737    13.5567    38.6214    29.0844     3.1525    136.813 0.0000e+00
    345.098    863.479    13.6094   4.553807     2.1539     0.1984  1.8356227  13.583105    13.5586    38.6217    29.0843     3.1533    136.847 0.0000e+00
    344.313    864.479    13.6110   4.553960     2.1544     0.1935  1.8353683  13.582421    13.5602    38.6219    29.0841     3.1534    136.851 0.0000e+00
    343.247    865.479    13.6122   4.554070     2.1549     0.1963  1.8356227  13.585157    13.5616    38.6222    29.0840     3.1556    136.944 0.0000e+00
    342.190    866.479    13.6137   4.554212     2.1561     0.1980  1.8357244  13.582421    13.5633    38.6225    29.0839     3.1576    137.033 0.0000e+00
    341.248    867.479    13.6151   4.554353     2.1568     0.2009  1.8352666  13.583789    13.5648    38.6229    29.0838     3.1593    137.105 0.0000e+00
    340.224    868.479    13.6179   4.554655     2.1583     0.1888  1.8355718  13.583789    13.5678    38.6233    29.0836     3.1618    137.215 0.0000e+00
    339.054    869.479    13.6199   4.554833     2.1587     0.1986  1.8351648  13.585157    13.5699    38.6236    29.0833     3.1581    137.053 0.0000e+00
    338.190    870.479    13.6212   4.554985     2.1579     0.2041  1.8348087  13.587209    13.5714    38.6240    29.0834     3.1512    136.754 0.0000e+00
    337.396    871.479    13.6228   4.555121     2.1560     0.2046  1.8345543  13.595416    13.5731    38.6241    29.0830     3.1463    136.544 0.0000e+00
    336.260    872.479    13.6235   4.555149     2.1549     0.1993  1.8346561  13.596784    13.5739    38.6242    29.0829     3.1502    136.712 0.0000e+00
    335.326    873.479    13.6236   4.555142     2.1567     0.2039  1.8348087  13.598836    13.5742    38.6244    29.0830     3.1564    136.982 0.0000e+00
    334.640    874.479    13.6240   4.555141     2.1567     0.2040  1.8348087  13.598152    13.5747    38.6243    29.0829     3.1518    136.783 0.0000e+00
    333.494    875.479    13.6243   4.555132     2.1570     0.1943  1.8347578  13.598836    13.5751    38.6245    29.0829     3.1543    136.888 0.0000e+00
    332.148    876.479    13.6252   4.555186     2.1578     0.1981  1.8346561  13.598836    13.5762    38.6247    29.0828     3.1540    136.875 0.0000e+00
    331.219    877.479    13.6256   4.555187     2.1572     0.1979  1.8347069  13.600204    13.5768    38.6247    29.0827     3.1507    136.733 0.0000e+00
    330.423    878.479    13.6261   4.555233     2.1574     0.1798  1.8351139  13.598836    13.5775    38.6250    29.0828     3.1530    136.833 0.0000e+00
    329.517    879.479    13.6263   4.555206     2.1577     0.1806  1.8347069  13.600204    13.5778    38.6249    29.0826     3.1526    136.814 0.0000e+00
    328.488    880.479    13.6263   4.555160     2.1576     0.1935  1.8349104  13.599520    13.5779    38.6249    29.0827     3.1514    136.763 0.0000e+00
    327.364    881.479    13.6297   4.555566     2.1578     0.2041  1.8347069  13.602255    13.5815    38.6258    29.0826     3.1516    136.771 0.0000e+00
    326.419    882.479    13.6331   4.555931     2.1580     0.1902  1.8346052  13.601572    13.5850    38.6263    29.0822     3.1516    136.771 0.0000e+00
    325.509    883.479    13.6349   4.556090     2.1580     0.1807  1.8346052  13.600888    13.5870    38.6264    29.0819     3.1482    136.625 0.0000e+00
    324.395    884.479    13.6352   4.556059     2.1568     0.1975  1.8345034  13.608410    13.5874    38.6264    29.0818     3.1453    136.501 0.0000e+00
    323.387    885.479    13.6349   4.555989     2.1569     0.1995  1.8342491  13.607043    13.5873    38.6264    29.0818     3.1498    136.694 0.0000e+00
    322.513    886.479    13.6350   4.555958     2.1578     0.1913  1.8346561  13.609778    13.5874    38.6265    29.0818     3.1501    136.708 0.0000e+00
    321.540    887.479    13.6348   4.555888     2.1580     0.2005  1.8344017  13.610462    13.5874    38.6264    29.0818     3.1513    136.762 0.0000e+00
    320.392    888.479    13.6353   4.555903     2.1593     0.1973  1.8345543  13.611146    13.5881    38.6266    29.0817     3.1545    136.900 0.0000e+00
    319.455    889.479    13.6358   4.555943     2.1596     0.2014  1.8346561  13.613197    13.5887    38.6269    29.0819     3.1513    136.758 0.0000e+00
    318.714    890.479    13.6375   4.556107     2.1595     0.2007  1.8342999  13.612514    13.5905    38.6271    29.0816     3.1516    136.772 0.0000e+00
    317.618    891.479    13.6396   4.556338     2.1601     0.1883  1.8343508  13.614565    13.5928    38.6276    29.0816     3.1529    136.827 0.0000e+00
    316.380    892.479    13.6419   4.556544     2.1603     0.1987  1.8341982  13.615249    13.5953    38.6278    29.0812     3.1522    136.798 0.0000e+00
    315.601    893.479    13.6414   4.556448     2.1608     0.1929  1.8341473  13.613881    13.5949    38.6278    29.0812     3.1533    136.847 0.0000e+00
    314.797    894.479    13.6427   4.556593     2.1609     0.1906  1.8344017  13.615933    13.5963    38.6282    29.0813     3.1512    136.755 0.0000e+00
    313.529    895.479    13.6449   4.556807     2.1604     0.1934  1.8341473  13.616617    13.5987    38.6286    29.0810     3.1500    136.702 0.0000e+00
    312.317    896.479    13.6456   4.556822     2.1608     0.2017  1.8342999  13.616617    13.5996    38.6286    29.0808     3.1510    136.747 0.0000e+00
    311.777    897.479    13.6447   4.556671     2.1605     0.1975  1.8344526  13.620036    13.5987    38.6283    29.0808     3.1491    136.665 0.0000e+00
    311.103    898.479    13.6483   4.557158     2.1607     0.1890  1.8340964  13.621404    13.6025    38.6296    29.0810     3.1528    136.825 0.0000e+00
    309.710    899.479    13.6535   4.557698     2.1622     0.1842  1.8343508  13.620036    13.6079    38.6300    29.0802     3.1556    136.947 0.0000e+00
    308.355    900.479    13.6552   4.557835     2.1631     0.1916  1.8336894  13.623456    13.6098    38.6303    29.0800     3.1565    136.987 0.0000e+00
    307.580    901.479    13.6559   4.557886     2.1639     0.1917  1.8341473  13.631662    13.6105    38.6304    29.0799     3.1538    136.867 0.0000e+00
    306.699    902.479    13.6571   4.558013     2.1629     0.1945  1.8346052  13.631662    13.6119    38.6308    29.0800     3.1492    136.671 0.0000e+00
    305.608    903.479    13.6593   4.558238     2.1628     0.1942  1.8344017  13.631662    13.6143    38.6312    29.0797     3.1523    136.803 0.0000e+00
    304.792    904.479    13.6626   4.558634     2.1632     0.1860  1.8343508  13.631662    13.6176    38.6321    29.0797     3.1521    136.794 0.0000e+00
    304.117    905.479    13.6645   4.558816     2.1632     0.1918  1.8342999  13.631662    13.6197    38.6321    29.0793     3.1512    136.757 0.0000e+00
    302.979    906.479    13.6670   4.559103     2.1634     0.2094  1.8344017  13.634397    13.6223    38.6329    29.0793     3.1503    136.718 0.0000e+00
    301.396    907.479    13.6701   4.559394     2.1626     0.2020  1.8342999  13.632346    13.6256    38.6332    29.0789     3.1450    136.486 0.0000e+00
    300.244    908.479    13.6712   4.559479     2.1621     0.2045  1.8339438  13.640551    13.6269    38.6334    29.0787     3.1472    136.583 0.0000e+00
    299.871    909.479    13.6670   4.558911     2.1628     0.2090  1.8341473  13.646022    13.6228    38.6325    29.0789     3.1500    136.706 0.0000e+00
    299.106    910.479    13.6701   4.559405     2.1630     0.2044  1.8342491  13.640551    13.6260    38.6343    29.0797     3.1483    136.631 0.0000e+00
    297.755    911.479    13.6780   4.560254     2.1631     0.2124  1.8346052  13.648073    13.6341    38.6351    29.0785     3.1496    136.685 0.0000e+00
    296.741    912.479    13.6808   4.560554     2.1642     0.2070  1.8339438  13.653543    13.6370    38.6356    29.0783     3.1519    136.787 0.0000e+00
    295.871    913.479    13.6821   4.560674     2.1648     0.2141  1.8336385  13.659014    13.6384    38.6358    29.0781     3.1506    136.729 0.0000e+00
    294.533    914.479    13.6872   4.561321     2.1646     0.2072  1.8337912  13.660381    13.6438    38.6374    29.0782     3.1456    136.514 0.0000e+00
    293.545    915.479    13.6917   4.561787     2.1630     0.2065  1.8338929  13.661065    13.6484    38.6377    29.0775     3.1421    136.361 0.0000e+00
    292.953    916.479    13.6919   4.561790     2.1636     0.2117  1.8336894  13.664484    13.6486    38.6378    29.0775     3.1484    136.634 0.0000e+00
    291.795    917.479    13.6936   4.561951     2.1644     0.1980  1.8338929  13.663800    13.6506    38.6381    29.0774     3.1481    136.623 0.0000e+00
    290.618    918.479    13.6946   4.562018     2.1646     0.1977  1.8338420  13.664484    13.6517    38.6383    29.0772     3.1461    136.532 0.0000e+00
    289.819    919.479    13.6949   4.562012     2.1644     0.1981  1.8336385  13.664484    13.6521    38.6383    29.0772     3.1472    136.583 0.0000e+00
    288.889    920.479    13.6954   4.562022     2.1654     0.1995  1.8334859  13.664484    13.6527    38.6383    29.0771     3.1506    136.729 0.0000e+00
    287.710    921.479    13.6960   4.562063     2.1662     0.1955  1.8329772  13.664484    13.6535    38.6386    29.0771     3.1494    136.679 0.0000e+00
    286.578    922.479    13.6976   4.562194     2.1658     0.1893  1.8334859  13.665851    13.6553    38.6388    29.0769     3.1476    136.600 0.0000e+00
    285.695    923.479    13.6976   4.562151     2.1667     0.2057  1.8332824  13.669270    13.6554    38.6388    29.0768     3.1520    136.790 0.0000e+00
    284.815    924.479    13.6971   4.562033     2.1675     0.2100  1.8332315  13.666535    13.6551    38.6385    29.0767     3.1508    136.738 0.0000e+00
    283.841    925.479    13.6966   4.561929     2.1672     0.1887  1.8330280  13.669270    13.6547    38.6385    29.0767     3.1490    136.661 0.0000e+00
    282.710    926.479    13.6972   4.561957     2.1672     0.1669  1.8328754  13.675423    13.6555    38.6387    29.0767     3.1478    136.609 0.0000e+00
    281.586    927.479    13.6977   4.561978     2.1666     0.1859  1.8331298  13.674056    13.6562    38.6388    29.0767     3.1460    136.529 0.0000e+00
    280.726    928.479    13.6993   4.562152     2.1669     0.2046  1.8327228  13.671321    13.6579    38.6392    29.0767     3.1495    136.683 0.0000e+00
