Boussole/Data/SBEMOOSE/Work/cnv/bous233_01.cnv
* Sea-Bird SBE 9 Data File:
* FileName = C:\boussole\202108\bous233_01.hdr
* Software Version Seasave V 7.23.2
* Temperature SN = 1378
* Conductivity SN = 2929
* Number of Bytes Per Scan = 34
* Number of Voltage Words = 3
* Number of Scans Averaged by the Deck Unit = 1
* NMEA Latitude = 43 22.07 N
* NMEA Longitude = 007 53.85 E
* NMEA UTC (Time) = Aug 18 2021  06:29:59
* NMEA baud rate = 4800
** Campagne = BOUSSOLE 233
** Navire = Tethys II
** Station = BOUS233_01
** Date = 18/08/2021
** Heure debut [TU] = 06:30
** Heure fin [TU] = 07:59
** Heure locale / TU = +2
** Latitude = 43 22.082 N
** Longitude = 007 53.846 E
** Heure meteo [TU] = 06:18
** T air sec [deg C] = 24
** T mer [deg C] = 24.178
** Vent [noeuds, degres] = 3.5, 170
** Pression atm [hpa] = 1011.3
** Humidite [%] = 73
** Nebulosite [octas] = 0
** Etat de la mer [code S] = 3
# nquan = 14
# nvalues = 5376                        
# units = specified
# name 0 = prDM: Pressure, Digiquartz [db]
# name 1 = timeS: Time, Elapsed [seconds]
# name 2 = t090C: Temperature [ITS-90, deg C]
# name 3 = c0S/m: Conductivity [S/m]
# name 4 = sbeox0V: Oxygen raw, SBE 43 [V]
# name 5 = flC: Fluorescence, Chelsea Aqua 3 Chl Con [ug/l]
# name 6 = upoly0: Upoly 0, RINKOIII_DO
# name 7 = upoly1: Upoly 1, RINKOIII_Temp
# name 8 = potemp090C: Potential Temperature [ITS-90, deg C]
# name 9 = sal00: Salinity, Practical [PSU]
# name 10 = sigma-é00: Density [sigma-theta, kg/m^3]
# name 11 = sbeox0ML/L: Oxygen, SBE 43 [ml/l], WS = 2
# name 12 = sbox0Mm/Kg: Oxygen, SBE 43 [umol/kg], WS = 2
# name 13 = flag: flag
# span 0 =      0.107,    404.416       
# span 1 =      0.479,   5375.354       
# span 2 =    13.6152,    24.3118       
# span 3 =   0.279793,   5.688317       
# span 4 =     2.4226,     4.1156       
# span 5 =    -0.1967,     1.3590       
# span 6 =  1.2854090,  1.8055556       
# span 7 =  13.598836,  24.287426       
# span 8 =    13.6006,    24.3116       
# span 9 =     1.4780,    38.6641       
# span 10 =    -1.6052,    29.0855      
# span 11 =     3.6893,     6.5793      
# span 12 =    160.111,    285.729      
# span 13 = 0.0000e+00, 0.0000e+00      
# interval = seconds: 1                 
# start_time = Aug 18 2021 06:29:59 [NMEA time, header]
# bad_flag = -9.990e-29
*END*
[from data line 4439]
     10.419   4439.479    22.0867   5.433683     3.7115     0.1961  1.3510379  21.903012    22.0846    38.3888    26.7711     5.2253    227.279 0.0000e+00
     10.513   4440.479    21.9873   5.422030     3.7133     0.2016  1.3502747  21.920187    21.9852    38.3841    26.7959     5.1846    225.503 0.0000e+00
     10.444   4441.479    22.0662   5.430949     3.6871     0.2009  1.3510888  21.848749    22.0641    38.3852    26.7742     5.1190    222.652 0.0000e+00
     10.134   4442.479    22.4052   5.468787     3.6723     0.2168  1.3485958  21.879665    22.4031    38.3857    26.6774     5.0943    221.600 0.0000e+00
     10.014   4443.479    22.4379   5.471453     3.6796     0.2234  1.3456959  21.979975    22.4359    38.3780    26.6621     5.1364    223.435 0.0000e+00
     10.260   4444.479    22.2018   5.445216     3.6905     0.2212  1.3465099  21.904386    22.1997    38.3785    26.7304     5.1488    223.959 0.0000e+00
     10.364   4445.479    22.1045   5.435906     3.6780     0.2123  1.3460521  21.960049    22.1023    38.3907    26.7675     5.1200    222.700 0.0000e+00
     10.249   4446.479    22.3325   5.458956     3.6700     0.2083  1.3464590  21.942863    22.3304    38.3720    26.6879     5.1094    222.253 0.0000e+00
     10.302   4447.479    22.2196   5.448116     3.6820     0.1970  1.3453907  21.920874    22.2175    38.3859    26.7309     5.1574    224.335 0.0000e+00
     10.506   4448.479    21.9908   5.419942     3.6888     0.2011  1.3457468  21.971042    21.9887    38.3642    26.7798     5.1716    224.939 0.0000e+00
     10.412   4449.479    22.1797   5.443232     3.6848     0.2021  1.3444241  22.053525    22.1776    38.3823    26.7396     5.1390    223.529 0.0000e+00
     10.059   4450.479    22.2383   5.450136     3.6829     0.2077  1.3462556  22.032213    22.2363    38.3854    26.7252     5.1448    223.784 0.0000e+00
      9.988   4451.479    22.2110   5.447064     3.6955     0.2162  1.3454416  22.079656    22.2090    38.3852    26.7329     5.1890    225.706 0.0000e+00
     10.328   4452.479    22.0893   5.432600     3.7092     0.2087  1.3471204  21.995780    22.0872    38.3778    26.7620     5.2005    226.203 0.0000e+00
     10.501   4453.479    21.9969   5.423101     3.7026     0.1848  1.3465608  22.024654    21.9948    38.3841    26.7933     5.1794    225.278 0.0000e+00
     10.274   4454.479    22.1533   5.440844     3.6966     0.1881  1.3457977  22.057652    22.1512    38.3867    26.7505     5.1542    224.190 0.0000e+00
     10.167   4455.479    22.2422   5.449896     3.6900     0.1977  1.3447802  22.127797    22.2401    38.3800    26.7200     5.1491    223.974 0.0000e+00
     10.243   4456.479    22.2099   5.447077     3.6944     0.2080  1.3463573  22.062464    22.2078    38.3861    26.7339     5.1588    224.394 0.0000e+00
     10.328   4457.479    22.0600   5.430985     3.6925     0.1984  1.3471204  21.999904    22.0579    38.3911    26.7805     5.1785    225.240 0.0000e+00
     10.410   4458.479    22.1162   5.435743     3.7050     0.2043  1.3467643  22.032902    22.1141    38.3790    26.7553     5.2016    226.252 0.0000e+00
     10.340   4459.479    22.0864   5.432290     3.7044     0.2049  1.3440679  22.158755    22.0843    38.3780    26.7631     5.1631    224.572 0.0000e+00
     10.195   4460.479    22.2062   5.445925     3.6819     0.1909  1.3453907  22.239257    22.2041    38.3803    26.7305     5.0950    221.620 0.0000e+00
     10.092   4461.479    22.2963   5.456961     3.6634     0.1957  1.3477309  22.190399    22.2943    38.3883    26.7107     5.0947    221.612 0.0000e+00
     10.146   4462.479    22.2870   5.455233     3.6759     0.1851  1.3485449  22.239948    22.2849    38.3828    26.7092     5.1451    223.804 0.0000e+00
     10.354   4463.479    22.1043   5.435415     3.6868     0.1801  1.3507326  22.118167    22.1022    38.3870    26.7648     5.1640    224.611 0.0000e+00
     10.346   4464.479    22.1057   5.435296     3.6880     0.1902  1.3489520  22.160127    22.1036    38.3848    26.7627     5.1677    224.772 0.0000e+00
     10.363   4465.479    22.0881   5.433362     3.6979     0.1988  1.3495116  22.181453    22.0860    38.3850    26.7679     5.1902    225.753 0.0000e+00
     10.436   4466.479    22.0803   5.432282     3.6994     0.1919  1.3498677  22.133299    22.0783    38.3832    26.7688     5.1674    224.760 0.0000e+00
     10.283   4467.479    22.2086   5.446706     3.6883     0.1791  1.3485450  22.177329    22.2065    38.3843    26.7329     5.1313    223.196 0.0000e+00
     10.119   4468.479    22.3295   5.460208     3.6822     0.1802  1.3470695  22.275738    22.3274    38.3847    26.6984     5.1245    222.909 0.0000e+00
     10.152   4469.479    22.2761   5.454717     3.6839     0.1754  1.3494607  22.228246    22.2740    38.3883    26.7166     5.1375    223.471 0.0000e+00
     10.195   4470.479    22.1722   5.443243     3.6866     0.1925  1.3504783  22.190398    22.1701    38.3891    26.7469     5.1610    224.484 0.0000e+00
     10.180   4471.479    22.1396   5.437959     3.6967     0.2068  1.3491554  22.228248    22.1375    38.3760    26.7463     5.1878    225.650 0.0000e+00
     10.345   4472.479    22.0347   5.426811     3.7044     0.2091  1.3493081  22.164257    22.0326    38.3802    26.7795     5.1959    225.997 0.0000e+00
     10.500   4473.479    22.0017   5.424681     3.7021     0.2036  1.3500204  22.110601    21.9996    38.3925    26.7982     5.1978    226.074 0.0000e+00
     10.392   4474.479    21.9641   5.420214     3.7142     0.2053  1.3499186  22.087907    21.9620    38.3902    26.8072     5.2318    227.553 0.0000e+00
     10.337   4475.479    21.8671   5.410281     3.7148     0.1962  1.3486976  22.042525    21.8650    38.3972    26.8402     5.2185    226.968 0.0000e+00
     10.334   4476.479    21.9642   5.420182     3.7107     0.1963  1.3478327  22.102351    21.9621    38.3899    26.8070     5.1880    225.648 0.0000e+00
     10.149   4477.479    22.1237   5.437044     3.6905     0.1911  1.3467134  22.144992    22.1216    38.3829    26.7561     5.1205    222.723 0.0000e+00
      9.975   4478.479    22.2353   5.449535     3.6752     0.1959  1.3437627  22.307417    22.2333    38.3834    26.7245     5.1317    223.215 0.0000e+00
     10.099   4479.479    22.1871   5.443482     3.6979     0.2048  1.3480871  22.217935    22.1851    38.3778    26.7341     5.2173    226.936 0.0000e+00
     10.447   4480.479    21.8471   5.405412     3.7240     0.1998  1.3505800  22.085844    21.8450    38.3760    26.8296     5.2653    229.005 0.0000e+00
     10.562   4481.479    21.7993   5.400351     3.7197     0.1829  1.3472222  22.144307    21.7972    38.3780    26.8447     5.2162    226.864 0.0000e+00
     10.417   4482.479    22.0063   5.423843     3.7039     0.1936  1.3474257  22.120918    22.0042    38.3817    26.7886     5.1644    224.623 0.0000e+00
     10.167   4483.479    22.1667   5.442263     3.6878     0.1919  1.3431522  22.361819    22.1646    38.3862    26.7464     5.1358    223.390 0.0000e+00
     10.065   4484.479    22.2177   5.447858     3.6897     0.1850  1.3451363  22.414160    22.2158    38.3855    26.7312     5.1625    224.556 0.0000e+00
     10.314   4485.479    22.0491   5.428859     3.6978     0.1875  1.3499695  22.257153    22.0470    38.3837    26.7781     5.1828    225.428 0.0000e+00
     10.451   4486.479    22.0214   5.426982     3.6933     0.1957  1.3488502  22.279871    22.0193    38.3934    26.7933     5.1697    224.855 0.0000e+00
     10.254   4487.479    22.1225   5.437529     3.6962     0.1837  1.3478327  22.292261    22.1204    38.3878    26.7602     5.1733    225.016 0.0000e+00
     10.133   4488.479    22.1673   5.439977     3.6935     0.1845  1.3473239  22.324620    22.1653    38.3675    26.7319     5.1532    224.148 0.0000e+00
     10.186   4489.479    22.1103   5.435595     3.6912     0.1881  1.3496133  22.248206    22.1082    38.3832    26.7602     5.1693    224.844 0.0000e+00
     10.270   4490.479    22.0752   5.431969     3.6998     0.1976  1.3490537  22.226181    22.0731    38.3854    26.7719     5.2020    226.263 0.0000e+00
     10.385   4491.479    22.0813   5.432733     3.7122     0.1767  1.3477818  22.246140    22.0792    38.3860    26.7706     5.2058    226.431 0.0000e+00
     10.451   4492.479    22.0727   5.431518     3.7057     0.1711  1.3469678  22.324626    22.0706    38.3839    26.7715     5.1751    225.094 0.0000e+00
     10.339   4493.479    22.1465   5.440806     3.6975     0.1839  1.3463573  22.405890    22.1444    38.3925    26.7569     5.1644    224.632 0.0000e+00
     10.152   4494.479    22.1354   5.438925     3.6995     0.1838  1.3483923  22.385914    22.1334    38.3874    26.7562     5.1732    225.016 0.0000e+00
     10.112   4495.479    22.1545   5.440102     3.6967     0.1838  1.3488502  22.384536    22.1525    38.3798    26.7449     5.1687    224.821 0.0000e+00
     10.225   4496.479    22.1082   5.435563     3.7014     0.1893  1.3501221  22.345967    22.1061    38.3848    26.7620     5.1929    225.871 0.0000e+00
     10.384   4497.479    22.0768   5.431732     3.7101     0.1794  1.3507326  22.286064    22.0747    38.3820    26.7688     5.2108    226.646 0.0000e+00
     10.487   4498.479    22.0366   5.427481     3.7117     0.1887  1.3505800  22.281934    22.0345    38.3838    26.7817     5.1861    225.570 0.0000e+00
     10.332   4499.479    22.0884   5.433185     3.6943     0.1921  1.3496642  22.318423    22.0863    38.3834    26.7665     5.1465    223.851 0.0000e+00
     10.120   4500.479    22.1555   5.442054     3.6882     0.1954  1.3480362  22.356986    22.1535    38.3945    26.7558     5.1514    224.067 0.0000e+00
     10.078   4501.479    22.0899   5.434716     3.6920     0.1876  1.3482906  22.338392    22.0879    38.3943    26.7745     5.1699    224.868 0.0000e+00
     10.251   4502.479    22.1029   5.435885     3.6918     0.1851  1.3497660  22.268855    22.1008    38.3920    26.7690     5.1585    224.371 0.0000e+00
     10.367   4503.479    22.0957   5.434592     3.6868     0.1916  1.3522080  22.306033    22.0936    38.3881    26.7680     5.1545    224.197 0.0000e+00
     10.295   4504.479    22.2014   5.445564     3.6918     0.1906  1.3467643  22.414161    22.1993    38.3816    26.7329     5.1741    225.060 0.0000e+00
     10.424   4505.479    22.1493   5.439835     3.7059     0.1938  1.3474257  22.411411    22.1472    38.3823    26.7483     5.1993    226.151 0.0000e+00
     10.575   4506.479    22.0173   5.426217     3.7040     0.1938  1.3513940  22.266790    22.0152    38.3908    26.7925     5.1643    224.618 0.0000e+00
     10.279   4507.479    22.1719   5.443211     3.6798     0.1802  1.3491046  22.341844    22.1698    38.3891    26.7469     5.1124    222.371 0.0000e+00
      9.879   4508.479    22.3498   5.462780     3.6815     0.1835  1.3477818  22.390735    22.3478    38.3871    26.6945     5.1433    223.726 0.0000e+00
      9.935   4509.479    22.2612   5.452892     3.6937     0.1843  1.3485449  22.365939    22.2592    38.3871    26.7199     5.1560    224.273 0.0000e+00
     10.279   4510.479    22.1370   5.438863     3.6896     0.1871  1.3510378  22.339081    22.1349    38.3855    26.7543     5.1629    224.569 0.0000e+00
     10.481   4511.479    22.1638   5.442157     3.6978     0.1913  1.3534799  22.328752    22.1617    38.3878    26.7484     5.1809    225.353 0.0000e+00
     10.391   4512.479    22.0956   5.433794     3.7036     0.1890  1.3480871  22.336327    22.0935    38.3818    26.7633     5.1921    225.837 0.0000e+00
     10.303   4513.479    22.0947   5.434208     3.7033     0.1764  1.3477309  22.334260    22.0926    38.3860    26.7667     5.1783    225.236 0.0000e+00
     10.411   4514.479    22.1071   5.435642     3.7004     0.1771  1.3481379  22.301210    22.1050    38.3863    26.7635     5.1726    224.988 0.0000e+00
     10.395   4515.479    22.1290   5.437952     3.6934     0.1924  1.3476292  22.332195    22.1269    38.3852    26.7564     5.1356    223.379 0.0000e+00
     10.144   4516.479    22.2970   5.457340     3.6711     0.1863  1.3455433  22.448612    22.2949    38.3906    26.7122     5.0755    220.773 0.0000e+00
     10.014   4517.479    22.3639   5.465316     3.6587     0.1866  1.3467643  22.460322    22.3619    38.3947    26.6962     5.0884    221.341 0.0000e+00
     10.140   4518.479    22.3454   5.462269     3.6761     0.1880  1.3496642  22.394874    22.3434    38.3868    26.6955     5.1467    223.874 0.0000e+00
     10.350   4519.479    22.1661   5.441535     3.6859     0.1964  1.3503256  22.343212    22.1640    38.3809    26.7425     5.1466    223.862 0.0000e+00
     10.408   4520.479    22.1865   5.444365     3.6788     0.1961  1.3488502  22.346656    22.1844    38.3853    26.7400     5.1276    223.034 0.0000e+00
     10.289   4521.479    22.2938   5.456580     3.6766     0.1977  1.3477818  22.384536    22.2917    38.3874    26.7107     5.1184    222.642 0.0000e+00
     10.276   4522.479    22.2931   5.455612     3.6813     0.1897  1.3484432  22.394868    22.2910    38.3803    26.7056     5.1532    224.157 0.0000e+00
     10.468   4523.479    22.1756   5.443427     3.6963     0.1874  1.3484940  22.350099    22.1735    38.3875    26.7447     5.1718    224.958 0.0000e+00
     10.380   4524.479    22.1886   5.445257     3.6901     0.1871  1.3479344  22.357675    22.1865    38.3906    26.7434     5.1408    223.610 0.0000e+00
     10.061   4525.479    22.3320   5.460910     3.6847     0.1932  1.3469678  22.418291    22.3300    38.3880    26.7003     5.1308    223.183 0.0000e+00
     10.097   4526.479    22.2931   5.456737     3.6898     0.1884  1.3482906  22.368008    22.2911    38.3893    26.7124     5.1490    223.972 0.0000e+00
     10.332   4527.479    22.2002   5.446176     3.6895     0.1857  1.3481888  22.344590    22.1981    38.3876    26.7378     5.1450    223.793 0.0000e+00
     10.279   4528.479    22.2851   5.455494     3.6842     0.1774  1.3475274  22.390735    22.2830    38.3864    26.7125     5.1324    223.248 0.0000e+00
     10.260   4529.479    22.3197   5.459430     3.6883     0.1665  1.3474766  22.393490    22.3176    38.3871    26.7031     5.1453    223.813 0.0000e+00
     10.407   4530.479    22.2556   5.452564     3.6889     0.1766  1.3485958  22.358364    22.2535    38.3892    26.7231     5.1415    223.641 0.0000e+00
     10.415   4531.479    22.2590   5.453600     3.6858     0.1899  1.3479344  22.368694    22.2569    38.3945    26.7262     5.1325    223.250 0.0000e+00
     10.258   4532.479    22.3399   5.461729     3.6810     0.1900  1.3472222  22.389357    22.3378    38.3875    26.6976     5.1145    222.474 0.0000e+00
     10.139   4533.479    22.3831   5.466645     3.6768     0.1812  1.3470187  22.405890    22.3810    38.3883    26.6858     5.1116    222.351 0.0000e+00
     10.234   4534.479    22.3678   5.464872     3.6784     0.1768  1.3477818  22.390047    22.3657    38.3877    26.6898     5.1170    222.585 0.0000e+00
     10.220   4535.479    22.3585   5.463891     3.6760     0.1819  1.3471204  22.417602    22.3564    38.3881    26.6927     5.1123    222.378 0.0000e+00
     10.124   4536.479    22.3733   5.465549     3.6787     0.1940  1.3475783  22.414846    22.3712    38.3882    26.6885     5.1296    223.133 0.0000e+00
     10.286   4537.479    22.3326   5.460823     3.6879     0.1903  1.3482397  22.393491    22.3305    38.3867    26.6991     5.1504    224.036 0.0000e+00
     10.555   4538.479    22.2560   5.452610     3.6923     0.1859  1.3485958  22.383158    22.2539    38.3892    26.7230     5.1466    223.866 0.0000e+00
     10.525   4539.479    22.3058   5.458213     3.6835     0.1825  1.3472222  22.425875    22.3037    38.3896    26.7090     5.1109    222.317 0.0000e+00
     10.183   4540.479    22.4055   5.469136     3.6717     0.1923  1.3460521  22.549933    22.4035    38.3881    26.6792     5.0888    221.359 0.0000e+00
