Boussole/Data/SBEMOOSE/Work/cnv/bous229_01.cnv
* Sea-Bird SBE 9 Data File:
* FileName = C:\boussole\202104\bous229_01.hdr
* Software Version Seasave V 7.23.2
* Temperature SN = 2473
* Conductivity SN = 2929
* Number of Bytes Per Scan = 37
* Number of Voltage Words = 4
* Number of Scans Averaged by the Deck Unit = 1
* NMEA Latitude = 43 22.06 N
* NMEA Longitude = 007 54.18 E
* NMEA UTC (Time) = Apr 09 2021  08:58:24
* NMEA baud rate = 4800
** Campagne = BOUSSOLE 229
** Navire = Tethys II
** Station = BOUS229_01
** Date = 09/04/2021
** Heure debut [TU] = 08:59
** Heure fin [TU] = 09:12
** Heure locale / TU = +0
** Latitude = 43 22.067 N
** Longitude = 007 54.196 E
** Heure meteo [TU] = 09:02
** T air sec [deg C] = 13.5
** T mer [deg C] = 14.09
** Vent [noeuds, degres] = 4.8, 185
** Pression atm [hpa] = 1027
** Humidite [%] = 51
** Nebulosite [octas] = 2
** Etat de la mer [code S] = 2
# nquan = 14
# nvalues = 839                         
# units = specified
# name 0 = prDM: Pressure, Digiquartz [db]
# name 1 = timeS: Time, Elapsed [seconds]
# name 2 = t090C: Temperature [ITS-90, deg C]
# name 3 = c0S/m: Conductivity [S/m]
# name 4 = sbeox0V: Oxygen raw, SBE 43 [V]
# name 5 = flC: Fluorescence, Chelsea Aqua 3 Chl Con [ug/l]
# name 6 = upoly0: Upoly 0, RINKOIII_DO
# name 7 = upoly1: Upoly 1, RINKOIII_Temp
# name 8 = potemp090C: Potential Temperature [ITS-90, deg C]
# name 9 = sal00: Salinity, Practical [PSU]
# name 10 = sigma-é00: Density [sigma-theta, kg/m^3]
# name 11 = sbeox0ML/L: Oxygen, SBE 43 [ml/l], WS = 2
# name 12 = sbox0Mm/Kg: Oxygen, SBE 43 [umol/kg], WS = 2
# name 13 = flag: flag
# span 0 =      0.264,    201.432       
# span 1 =      0.479,    838.333       
# span 2 =    13.4715,    14.2190       
# span 3 =   4.502681,   4.589295       
# span 4 =     2.2527,     2.9974       
# span 5 =    -0.0727,     3.8862       
# span 6 =  1.5339336,  1.8153235       
# span 7 =  13.468170,  14.015683       
# span 8 =    13.4639,    14.2189       
# span 9 =    38.3752,    38.6763       
# span 10 =    28.7598,    29.0483      
# span 11 =     3.2753,     4.7112      
# span 12 =    142.148,    204.506      
# span 13 = 0.0000e+00, 0.0000e+00      
# interval = seconds: 1                 
# start_time = Apr 09 2021 08:58:24 [NMEA time, header]
# bad_flag = -9.990e-29
*END*
[from data line 620]
     40.669    620.479    13.8883   4.543667     2.9535     0.5753  1.5451770  13.844926    13.8823    38.3818    28.8289     4.6575    202.178 0.0000e+00
     40.660    621.479    13.8886   4.543704     2.9545     0.5865  1.5447191  13.845609    13.8826    38.3819    28.8289     4.6600    202.282 0.0000e+00
     40.644    622.479    13.8871   4.543548     2.9548     0.5690  1.5444647  13.846976    13.8811    38.3819    28.8293     4.6589    202.236 0.0000e+00
     40.600    623.479    13.8865   4.543478     2.9552     0.5681  1.5439051  13.859958    13.8805    38.3818    28.8294     4.6623    202.385 0.0000e+00
     40.686    624.479    13.8864   4.543479     2.9559     0.5649  1.5435490  13.859958    13.8804    38.3819    28.8294     4.6597    202.269 0.0000e+00
     40.829    625.479    13.8852   4.543351     2.9548     0.5548  1.5433455  13.861324    13.8792    38.3819    28.8297     4.6559    202.106 0.0000e+00
     40.844    626.479    13.8843   4.543272     2.9540     0.5533  1.5432946  13.860641    13.8783    38.3820    28.8300     4.6573    202.165 0.0000e+00
     40.787    627.479    13.8849   4.543346     2.9545     0.5517  1.5428876  13.857908    13.8789    38.3821    28.8299     4.6612    202.335 0.0000e+00
     40.682    628.479    13.8851   4.543340     2.9557     0.5571  1.5427859  13.860641    13.8791    38.3819    28.8297     4.6626    202.395 0.0000e+00
     40.582    629.479    13.8853   4.543349     2.9562     0.5521  1.5430403  13.859274    13.8793    38.3818    28.8296     4.6642    202.468 0.0000e+00
     40.603    630.479    13.8848   4.543304     2.9573     0.5500  1.5430911  13.856541    13.8788    38.3819    28.8298     4.6675    202.608 0.0000e+00
     40.823    631.479    13.8849   4.543341     2.9583     0.5591  1.5429894  13.861324    13.8789    38.3821    28.8299     4.6678    202.622 0.0000e+00
     41.010    632.479    13.8853   4.543392     2.9586     0.5529  1.5431420  13.861324    13.8793    38.3821    28.8298     4.6686    202.658 0.0000e+00
     40.770    633.479    13.8853   4.543378     2.9594     0.5524  1.5424298  13.861324    13.8793    38.3821    28.8298     4.6695    202.695 0.0000e+00
     40.415    634.479    13.8850   4.543342     2.9592     0.5535  1.5443630  13.860641    13.8790    38.3821    28.8299     4.6647    202.486 0.0000e+00
     40.698    635.479    13.8844   4.543312     2.9576     0.5513  1.5469068  13.862007    13.8784    38.3823    28.8302     4.6605    202.306 0.0000e+00
     41.064    636.479    13.8858   4.543448     2.9568     0.5429  1.5426333  13.861324    13.8797    38.3821    28.8297     4.6651    202.507 0.0000e+00
     40.703    637.479    13.8857   4.543429     2.9586     0.5367  1.5427350  13.860641    13.8797    38.3821    28.8298     4.6682    202.640 0.0000e+00
     40.456    638.479    13.8858   4.543431     2.9577     0.5519  1.5423280  13.861324    13.8798    38.3822    28.8298     4.6615    202.349 0.0000e+00
     40.738    639.479    13.8857   4.543441     2.9570     0.5609  1.5427859  13.861324    13.8797    38.3822    28.8298     4.6622    202.379 0.0000e+00
     40.970    640.479    13.8867   4.543555     2.9570     0.5618  1.5429894  13.861324    13.8807    38.3822    28.8296     4.6650    202.500 0.0000e+00
     40.877    641.479    13.8867   4.543547     2.9579     0.5627  1.5429385  13.861324    13.8807    38.3822    28.8296     4.6684    202.650 0.0000e+00
     40.777    642.479    13.8865   4.543511     2.9592     0.5555  1.5426841  13.861324    13.8805    38.3821    28.8296     4.6735    202.868 0.0000e+00
     40.612    643.479    13.8863   4.543498     2.9613     0.5490  1.5426333  13.861324    13.8803    38.3822    28.8297     4.6757    202.964 0.0000e+00
     40.551    644.479    13.8873   4.543595     2.9615     0.5536  1.5425824  13.862007    13.8813    38.3821    28.8294     4.6714    202.777 0.0000e+00
     40.793    645.479    13.8875   4.543618     2.9607     0.5553  1.5426333  13.864057    13.8815    38.3821    28.8293     4.6692    202.683 0.0000e+00
     40.814    646.479    13.8874   4.543618     2.9609     0.5525  1.5426841  13.863374    13.8814    38.3821    28.8294     4.6720    202.805 0.0000e+00
     40.800    647.479    13.8879   4.543673     2.9609     0.5594  1.5424806  13.862007    13.8819    38.3823    28.8294     4.6685    202.651 0.0000e+00
     41.054    648.479    13.8878   4.543664     2.9594     0.5463  1.5426333  13.861324    13.8817    38.3821    28.8293     4.6662    202.552 0.0000e+00
     40.896    649.479    13.8883   4.543725     2.9596     0.5511  1.5422771  13.863374    13.8823    38.3822    28.8293     4.6688    202.666 0.0000e+00
     40.457    650.479    13.8878   4.543651     2.9593     0.5592  1.5423280  13.862690    13.8819    38.3822    28.8294     4.6651    202.507 0.0000e+00
     40.410    651.479    13.8882   4.543687     2.9582     0.5681  1.5422262  13.862690    13.8822    38.3822    28.8293     4.6651    202.504 0.0000e+00
     40.772    652.479    13.8888   4.543776     2.9591     0.5546  1.5421245  13.862690    13.8828    38.3823    28.8292     4.6690    202.675 0.0000e+00
     40.987    653.479    13.8893   4.543827     2.9591     0.5671  1.5422262  13.862007    13.8833    38.3821    28.8290     4.6649    202.495 0.0000e+00
     40.926    654.479    13.8893   4.543831     2.9572     0.5685  1.5424298  13.863374    13.8833    38.3822    28.8291     4.6573    202.165 0.0000e+00
     40.726    655.479    13.8886   4.543732     2.9562     0.5665  1.5421245  13.862690    13.8826    38.3821    28.8291     4.6656    202.527 0.0000e+00
     40.655    656.479    13.8884   4.543720     2.9594     0.5591  1.5423789  13.862007    13.8824    38.3822    28.8292     4.6770    203.024 0.0000e+00
     40.857    657.479    13.8899   4.543889     2.9618     0.5616  1.5420736  13.862007    13.8839    38.3822    28.8289     4.6777    203.053 0.0000e+00
     40.927    658.479    13.8899   4.543879     2.9625     0.5586  1.5419719  13.865423    13.8839    38.3821    28.8289     4.6739    202.886 0.0000e+00
     40.643    659.479    13.8898   4.543869     2.9622     0.5597  1.5420227  13.864057    13.8838    38.3823    28.8290     4.6739    202.888 0.0000e+00
     40.476    660.479    13.8891   4.543775     2.9625     0.5583  1.5422771  13.864740    13.8831    38.3822    28.8291     4.6748    202.929 0.0000e+00
     40.678    661.479    13.8894   4.543833     2.9629     0.5573  1.5420227  13.865423    13.8834    38.3823    28.8291     4.6756    202.960 0.0000e+00
     40.921    662.479    13.8899   4.543892     2.9626     0.5604  1.5418192  13.866106    13.8839    38.3822    28.8289     4.6739    202.886 0.0000e+00
     40.968    663.479    13.8900   4.543902     2.9628     0.5503  1.5419719  13.866106    13.8840    38.3822    28.8289     4.6766    203.004 0.0000e+00
     40.804    664.479    13.8898   4.543878     2.9638     0.5515  1.5421754  13.865423    13.8838    38.3822    28.8289     4.6785    203.086 0.0000e+00
     40.637    665.479    13.8888   4.543767     2.9636     0.5706  1.5421245  13.863374    13.8828    38.3822    28.8292     4.6748    202.927 0.0000e+00
     40.713    666.479    13.8873   4.543618     2.9625     0.5707  1.5419719  13.866106    13.8813    38.3823    28.8296     4.6686    202.657 0.0000e+00
     40.860    667.479    13.8870   4.543602     2.9603     0.5621  1.5417684  13.868839    13.8810    38.3824    28.8297     4.6660    202.546 0.0000e+00
     40.891    668.479    13.8871   4.543587     2.9596     0.5559  1.5417175  13.867473    13.8811    38.3822    28.8295     4.6663    202.559 0.0000e+00
     40.693    669.479    13.8870   4.543591     2.9590     0.5609  1.5419719  13.866789    13.8810    38.3824    28.8297     4.6663    202.556 0.0000e+00
     40.462    670.479    13.8869   4.543558     2.9588     0.5718  1.5419210  13.866789    13.8809    38.3823    28.8296     4.6661    202.549 0.0000e+00
     40.684    671.479    13.8866   4.543543     2.9585     0.5652  1.5414122  13.866106    13.8806    38.3823    28.8297     4.6649    202.496 0.0000e+00
     41.065    672.479    13.8865   4.543552     2.9582     0.5515  1.5420736  13.866789    13.8804    38.3824    28.8298     4.6669    202.584 0.0000e+00
     40.859    673.479    13.8866   4.543540     2.9593     0.5497  1.5421245  13.865423    13.8806    38.3823    28.8297     4.6734    202.864 0.0000e+00
     40.638    674.479    13.8867   4.543548     2.9615     0.5565  1.5417684  13.864740    13.8807    38.3823    28.8297     4.6781    203.069 0.0000e+00
     40.846    675.479    13.8869   4.543576     2.9627     0.5574  1.5418192  13.864057    13.8809    38.3823    28.8297     4.6768    203.012 0.0000e+00
     40.897    676.479    13.8871   4.543600     2.9633     0.5568  1.5423280  13.865423    13.8811    38.3823    28.8296     4.6763    202.991 0.0000e+00
     40.640    677.479    13.8872   4.543603     2.9626     0.5629  1.5420227  13.865423    13.8812    38.3823    28.8296     4.6720    202.803 0.0000e+00
     40.602    678.479    13.8876   4.543649     2.9615     0.5531  1.5421754  13.867473    13.8816    38.3823    28.8295     4.6687    202.659 0.0000e+00
     40.748    679.479    13.8877   4.543661     2.9605     0.5633  1.5418192  13.866106    13.8817    38.3823    28.8295     4.6690    202.675 0.0000e+00
     40.815    680.479    13.8879   4.543681     2.9605     0.5563  1.5419210  13.866106    13.8819    38.3823    28.8294     4.6706    202.742 0.0000e+00
     40.879    681.479    13.8881   4.543694     2.9605     0.5531  1.5422771  13.870888    13.8821    38.3822    28.8293     4.6713    202.776 0.0000e+00
     40.886    682.479    13.8879   4.543692     2.9616     0.5667  1.5418701  13.867473    13.8819    38.3823    28.8294     4.6760    202.976 0.0000e+00
     40.718    683.479    13.8881   4.543693     2.9621     0.5655  1.5418701  13.868156    13.8821    38.3823    28.8294     4.6719    202.799 0.0000e+00
     40.636    684.479    13.8885   4.543728     2.9610     0.5710  1.5424806  13.869522    13.8825    38.3822    28.8292     4.6698    202.712 0.0000e+00
     40.884    685.479    13.8879   4.543694     2.9609     0.5677  1.5419719  13.865423    13.8819    38.3823    28.8295     4.6708    202.752 0.0000e+00
     40.976    686.479    13.8877   4.543663     2.9609     0.5553  1.5421754  13.863374    13.8817    38.3823    28.8295     4.6718    202.795 0.0000e+00
     40.766    687.479    13.8879   4.543680     2.9610     0.5508  1.5420736  13.868839    13.8819    38.3823    28.8294     4.6719    202.802 0.0000e+00
     40.673    688.479    13.8879   4.543679     2.9616     0.5633  1.5418192  13.868156    13.8819    38.3823    28.8294     4.6752    202.943 0.0000e+00
     40.654    689.479    13.8880   4.543685     2.9624     0.5615  1.5415649  13.870888    13.8820    38.3823    28.8294     4.6734    202.864 0.0000e+00
     40.682    690.479    13.8879   4.543669     2.9613     0.5577  1.5415140  13.868839    13.8819    38.3823    28.8294     4.6697    202.706 0.0000e+00
     40.742    691.479    13.8879   4.543674     2.9612     0.5698  1.5414631  13.869522    13.8819    38.3823    28.8294     4.6741    202.895 0.0000e+00
     40.915    692.479    13.8873   4.543615     2.9627     0.5687  1.5419210  13.866789    13.8813    38.3822    28.8295     4.6802    203.161 0.0000e+00
     41.021    693.479    13.8869   4.543594     2.9644     0.5744  1.5418701  13.867473    13.8809    38.3823    28.8296     4.6802    203.163 0.0000e+00
     40.831    694.479    13.8873   4.543624     2.9636     0.5726  1.5417684  13.867473    13.8813    38.3823    28.8295     4.6719    202.800 0.0000e+00
     40.570    695.479    13.8875   4.543640     2.9615     0.5616  1.5421245  13.866789    13.8815    38.3824    28.8295     4.6650    202.502 0.0000e+00
     40.546    696.479    13.8875   4.543630     2.9589     0.5700  1.5418192  13.870205    13.8816    38.3823    28.8295     4.6616    202.351 0.0000e+00
     40.941    697.479    13.8871   4.543615     2.9585     0.5618  1.5417175  13.866106    13.8810    38.3824    28.8297     4.6666    202.572 0.0000e+00
     41.099    698.479    13.8869   4.543588     2.9585     0.5705  1.5418701  13.866789    13.8809    38.3822    28.8296     4.6637    202.444 0.0000e+00
     40.558    699.479    13.8874   4.543632     2.9566     0.5551  1.5417684  13.871572    13.8815    38.3824    28.8296     4.6592    202.249 0.0000e+00
     40.225    700.479    13.8878   4.543651     2.9574     0.5654  1.5421245  13.869522    13.8819    38.3824    28.8295     4.6694    202.691 0.0000e+00
     40.439    701.479    13.8874   4.543617     2.9599     0.5648  1.5418192  13.867473    13.8814    38.3824    28.8296     4.6762    202.986 0.0000e+00
     40.338    702.479    13.8875   4.543620     2.9615     0.5627  1.5419719  13.868156    13.8815    38.3823    28.8295     4.6732    202.856 0.0000e+00
     39.905    703.479    13.8877   4.543611     2.9612     0.5605  1.5421245  13.868156    13.8818    38.3823    28.8294     4.6716    202.787 0.0000e+00
     39.453    704.479    13.8882   4.543646     2.9613     0.5494  1.5419210  13.866789    13.8824    38.3823    28.8293     4.6710    202.761 0.0000e+00
     39.089    705.479    13.8883   4.543651     2.9614     0.5530  1.5420227  13.870888    13.8825    38.3824    28.8293     4.6714    202.780 0.0000e+00
     38.518    706.479    13.8886   4.543644     2.9618     0.5432  1.5418192  13.868156    13.8829    38.3822    28.8291     4.6759    202.972 0.0000e+00
     37.678    707.479    13.8890   4.543644     2.9639     0.5479  1.5418701  13.869522    13.8834    38.3823    28.8291     4.6801    203.159 0.0000e+00
     36.811    708.479    13.8893   4.543624     2.9646     0.5591  1.5450753  13.872255    13.8839    38.3822    28.8289     4.6764    202.996 0.0000e+00
     36.204    709.479    13.8899   4.543678     2.9647     0.5597  1.5418192  13.869522    13.8846    38.3823    28.8288     4.6790    203.109 0.0000e+00
     35.680    710.479    13.8910   4.543769     2.9663     0.5631  1.5418701  13.869522    13.8857    38.3823    28.8286     4.6820    203.237 0.0000e+00
     35.070    711.479    13.8918   4.543813     2.9666     0.5625  1.5414631  13.870205    13.8866    38.3822    28.8283     4.6802    203.163 0.0000e+00
     34.378    712.479    13.8915   4.543742     2.9672     0.5651  1.5414631  13.874304    13.8864    38.3822    28.8283     4.6808    203.187 0.0000e+00
     33.490    713.479    13.8918   4.543725     2.9671     0.5668  1.5443121  13.874304    13.8869    38.3821    28.8282     4.6768    203.015 0.0000e+00
     32.731    714.479    13.8915   4.543669     2.9657     0.5648  1.5413614  13.871572    13.8867    38.3822    28.8283     4.6726    202.831 0.0000e+00
     32.330    715.479    13.8913   4.543630     2.9653     0.5724  1.5410561  13.874304    13.8865    38.3822    28.8284     4.6751    202.939 0.0000e+00
     31.705    716.479    13.8912   4.543583     2.9655     0.5682  1.5410052  13.871572    13.8866    38.3821    28.8283     4.6757    202.967 0.0000e+00
     30.576    717.479    13.8930   4.543706     2.9659     0.5688  1.5411579  13.873621    13.8884    38.3821    28.8278     4.6749    202.929 0.0000e+00
     29.780    718.479    13.8929   4.543664     2.9656     0.5670  1.5411579  13.872938    13.8885    38.3821    28.8279     4.6764    202.995 0.0000e+00
     29.596    719.479    13.8919   4.543546     2.9675     0.5662  1.5410052  13.872938    13.8875    38.3821    28.8280     4.6846    203.353 0.0000e+00
     29.082    720.479    13.8925   4.543607     2.9706     0.5850  1.5408526  13.874987    13.8882    38.3823    28.8280     4.6916    203.655 0.0000e+00
     28.004    721.479    13.8949   4.543801     2.9720     0.5727  1.5407509  13.877037    13.8908    38.3822    28.8274     4.6871    203.462 0.0000e+00
