Boussole/Data/SBEMOOSE/Work/cnv/bous226_01.cnv
* Sea-Bird SBE 9 Data File:
* FileName = C:\boussole\202101\bous226_01.hdr
* Software Version Seasave V 7.23.2
* Temperature SN = 2473
* Conductivity SN = 2929
* Number of Bytes Per Scan = 30
* Number of Voltage Words = 4
* Number of Scans Averaged by the Deck Unit = 1
* NMEA baud rate = 4800
** Navire
** Station:
** Date
** Heure debut [TU]
** Heure fin [TU]
** Heure locale / TU = +0
** Latitude
** Longitude
** Heure meteo [TU]
** T air sec [deg C]
** T mer [deg C]
** Vent [noeuds, degres]
# nquan = 14
# nvalues = 1845                        
# units = specified
# name 0 = prDM: Pressure, Digiquartz [db]
# name 1 = timeS: Time, Elapsed [seconds]
# name 2 = t090C: Temperature [ITS-90, deg C]
# name 3 = c0S/m: Conductivity [S/m]
# name 4 = sbeox0V: Oxygen raw, SBE 43 [V]
# name 5 = flC: Fluorescence, Chelsea Aqua 3 Chl Con [ug/l]
# name 6 = upoly0: Upoly 0, RINKOIII_DO
# name 7 = upoly1: Upoly 1, RINKOIII_Temp
# name 8 = potemp090C: Potential Temperature [ITS-90, deg C]
# name 9 = sal00: Salinity, Practical [PSU]
# name 10 = sigma-é00: Density [sigma-theta, kg/m^3]
# name 11 = sbeox0ML/L: Oxygen, SBE 43 [ml/l], WS = 2
# name 12 = sbox0Mm/Kg: Oxygen, SBE 43 [umol/kg], WS = 2
# name 13 = flag: flag
# span 0 =      0.125,    405.887       
# span 1 =      0.479,   1844.333       
# span 2 =    13.2359,    14.3276       
# span 3 =   0.611092,   4.608379       
# span 4 =     1.5832,     3.4535       
# span 5 =    -0.2893,     0.6640       
# span 6 =  1.5300163,  1.8409137       
# span 7 =  12.720399,  14.300268       
# span 8 =    13.2197,    14.3163       
# span 9 =     4.3453,    38.6748       
# span 10 =     2.6580,    29.0802      
# span 11 =     3.7815,    11.2705      
# span 12 =    164.111,    489.188      
# span 13 = 0.0000e+00, 0.0000e+00      
# interval = seconds: 1                 
# start_time = Jan 18 2021 11:37:49 [System UTC, header]
# bad_flag = -9.990e-29
*END*
[from data line 1755]
      7.745   1755.479    13.6093   4.494928     1.9990     0.4406  1.5898453  13.593364    13.6082    38.2128    28.7567     4.9803    216.204 0.0000e+00
      7.419   1756.479    13.6097   4.494954     1.9971     0.4275  1.5897436  13.593364    13.6086    38.2128    28.7566     4.9753    215.983 0.0000e+00
      7.229   1757.479    13.6105   4.495034     1.9950     0.4263  1.5896927  13.595416    13.6094    38.2128    28.7565     4.9588    215.269 0.0000e+00
      6.694   1758.479    13.6125   4.495273     1.9921     0.4167  1.5897436  13.594048    13.6116    38.2133    28.7564     4.9808    216.223 0.0000e+00
      5.993   1759.479    13.6144   4.495401     1.9961     0.4053  1.5897945  13.598152    13.6135    38.2130    28.7558     4.9875    216.516 0.0000e+00
      5.610   1760.479    13.6138   4.495312     1.9936     0.4100  1.5892857  13.596100    13.6130    38.2128    28.7558     4.9520    214.974 0.0000e+00
      5.246   1761.479    13.6123   4.495144     1.9901     0.4193  1.5899980  13.597468    13.6116    38.2129    28.7561     4.9565    215.170 0.0000e+00
      4.992   1762.479    13.6141   4.495334     1.9902     0.4205  1.5896418  13.596784    13.6134    38.2130    28.7558     4.9681    215.675 0.0000e+00
      5.212   1763.479    13.6174   4.495695     1.9914     0.4124  1.5897945  13.598152    13.6166    38.2131    28.7552     4.9663    215.595 0.0000e+00
      5.167   1764.479    13.6152   4.495453     1.9918     0.4166  1.5897945  13.598836    13.6145    38.2130    28.7556     4.9647    215.526 0.0000e+00
      4.945   1765.479    13.6208   4.496100     1.9892     0.4215  1.5904050  13.599520    13.6201    38.2137    28.7549     4.9561    215.151 0.0000e+00
      5.054   1766.479    13.6227   4.496267     1.9902     0.4137  1.5897945  13.598152    13.6219    38.2134    28.7543     4.9511    214.938 0.0000e+00
      5.248   1767.479    13.6205   4.496055     1.9884     0.4191  1.5896418  13.599520    13.6197    38.2134    28.7548     4.9582    215.245 0.0000e+00
      5.095   1768.479    13.6227   4.496286     1.9889     0.4333  1.5896927  13.599520    13.6220    38.2135    28.7544     4.9616    215.393 0.0000e+00
      5.174   1769.479    13.6227   4.496269     1.9883     0.4414  1.5894892  13.600888    13.6219    38.2133    28.7542     4.9479    214.796 0.0000e+00
      5.151   1770.479    13.6231   4.496329     1.9887     0.4422  1.5893875  13.599520    13.6223    38.2135    28.7543     4.9613    215.380 0.0000e+00
      4.965   1771.479    13.6232   4.496326     1.9878     0.4419  1.5894892  13.599520    13.6225    38.2134    28.7542     4.9401    214.457 0.0000e+00
      5.139   1772.479    13.6243   4.496475     1.9862     0.4349  1.5893875  13.602255    13.6236    38.2136    28.7541     4.9573    215.207 0.0000e+00
      5.160   1773.479    13.6238   4.496403     1.9891     0.4212  1.5923891  13.609094    13.6230    38.2135    28.7541     4.9535    215.042 0.0000e+00
      5.107   1774.479    13.6226   4.496271     1.9849     0.4086  1.5892857  13.608410    13.6219    38.2134    28.7543     4.9327    214.135 0.0000e+00
      4.966   1775.479    13.6218   4.496186     1.9866     0.4013  1.5891331  13.607726    13.6211    38.2135    28.7545     4.9831    216.327 0.0000e+00
      5.099   1776.479    13.6231   4.496328     1.9925     0.3937  1.5990028  13.611146    13.6223    38.2135    28.7543     4.9706    215.782 0.0000e+00
      5.402   1777.479    13.6230   4.496314     1.9887     0.3984  1.5893875  13.606359    13.6222    38.2133    28.7542     4.9654    215.556 0.0000e+00
      5.086   1778.479    13.6242   4.496435     1.9959     0.4155  1.5893875  13.611146    13.6234    38.2134    28.7540     5.0049    217.269 0.0000e+00
      5.092   1779.479    13.6231   4.496298     1.9952     0.4838  1.5895401  13.612514    13.6224    38.2132    28.7540     4.9558    215.140 0.0000e+00
      5.463   1780.479    13.6224   4.496249     1.9898     0.5522  1.5894892  13.601572    13.6216    38.2133    28.7543     4.9499    214.885 0.0000e+00
      4.945   1781.479    13.6231   4.496303     1.9924     0.4733  1.5893366  13.608410    13.6224    38.2133    28.7541     4.9722    215.850 0.0000e+00
      4.907   1782.479    13.6226   4.496242     1.9892     0.4429  1.5889805  13.608410    13.6219    38.2133    28.7542     4.9308    214.055 0.0000e+00
      5.044   1783.479    13.6215   4.496135     1.9848     0.4325  1.5895401  13.608410    13.6208    38.2132    28.7544     4.9508    214.921 0.0000e+00
      5.044   1784.479    13.6211   4.496074     1.9917     0.4375  1.5892857  13.608410    13.6204    38.2131    28.7544     5.0066    217.344 0.0000e+00
      5.308   1785.479    13.6169   4.495609     1.9973     0.4519  1.5891331  13.609778    13.6161    38.2127    28.7550     5.0165    217.774 0.0000e+00
      5.369   1786.479    13.6165   4.495614     1.9975     0.4378  1.5896927  13.602939    13.6157    38.2131    28.7554     4.9477    214.789 0.0000e+00
      5.087   1787.479    13.6223   4.496235     1.9896     0.4425  1.5896927  13.604991    13.6216    38.2134    28.7543     4.9522    214.982 0.0000e+00
      4.719   1788.479    13.6239   4.496374     1.9936     0.4267  1.5893875  13.604991    13.6232    38.2133    28.7540     4.9791    216.149 0.0000e+00
      5.100   1789.479    13.6218   4.496171     1.9888     0.4197  1.5894892  13.601572    13.6211    38.2132    28.7544     4.9195    213.563 0.0000e+00
      5.209   1790.479    13.6221   4.496220     1.9857     0.4071  1.5893366  13.599520    13.6214    38.2134    28.7544     4.9549    215.099 0.0000e+00
      4.939   1791.479    13.6232   4.496307     1.9893     0.4216  1.5891840  13.604991    13.6225    38.2133    28.7541     4.9823    216.292 0.0000e+00
      5.212   1792.479    13.6222   4.496198     1.9909     0.4399  1.5890822  13.602255    13.6215    38.2131    28.7541     4.9531    215.022 0.0000e+00
      5.073   1793.479    13.6227   4.496280     1.9881     0.4445  1.5894892  13.601572    13.6220    38.2134    28.7543     4.9473    214.771 0.0000e+00
      4.908   1794.479    13.6242   4.496435     1.9889     0.4499  1.5890313  13.603623    13.6235    38.2135    28.7540     4.9792    216.155 0.0000e+00
      5.358   1795.479    13.6211   4.496103     1.9932     0.4386  1.5895401  13.599520    13.6203    38.2132    28.7545     4.9578    215.225 0.0000e+00
      5.266   1796.479    13.6222   4.496226     1.9855     0.4287  1.5894892  13.599520    13.6214    38.2134    28.7544     4.9380    214.368 0.0000e+00
      4.861   1797.479    13.6229   4.496266     1.9920     0.4256  1.5892857  13.602255    13.6222    38.2132    28.7540     5.0173    217.807 0.0000e+00
      5.119   1798.479    13.6215   4.496135     1.9978     0.4098  1.5892857  13.600204    13.6208    38.2132    28.7544     4.9746    215.956 0.0000e+00
      5.368   1799.479    13.6210   4.496101     1.9908     0.4078  1.5894383  13.601572    13.6202    38.2132    28.7545     4.9458    214.705 0.0000e+00
      4.796   1800.479    13.6226   4.496238     1.9937     0.4250  1.5891840  13.604991    13.6219    38.2133    28.7542     5.0032    217.197 0.0000e+00
      4.925   1801.479    13.6224   4.496244     1.9967     0.4217  1.5939153  13.602255    13.6217    38.2134    28.7544     4.9898    216.616 0.0000e+00
      5.585   1802.479    13.6222   4.496239     1.9974     0.4219  1.5894383  13.604307    13.6214    38.2134    28.7544     4.9667    215.610 0.0000e+00
      5.263   1803.479    13.6228   4.496289     1.9900     0.4094  1.5895910  13.601572    13.6220    38.2133    28.7542     4.9435    214.607 0.0000e+00
      4.876   1804.479    13.6242   4.496421     1.9920     0.4031  1.5889805  13.604307    13.6235    38.2134    28.7540     4.9672    215.637 0.0000e+00
      5.078   1805.479    13.6243   4.496448     1.9904     0.4263  1.5892857  13.607043    13.6236    38.2134    28.7539     4.9632    215.463 0.0000e+00
      5.355   1806.479    13.6215   4.496141     1.9906     0.4375  1.5891840  13.607726    13.6207    38.2132    28.7544     4.9515    214.953 0.0000e+00
      5.221   1807.479    13.6228   4.496291     1.9863     0.4349  1.5892348  13.605675    13.6220    38.2134    28.7542     4.9169    213.452 0.0000e+00
      5.038   1808.479    13.6232   4.496320     1.9816     0.4354  1.5890313  13.608410    13.6225    38.2134    28.7542     4.9275    213.910 0.0000e+00
      5.058   1809.479    13.6228   4.496279     1.9840     0.4260  1.5891840  13.608410    13.6221    38.2134    28.7542     4.9634    215.470 0.0000e+00
      5.302   1810.479    13.6215   4.496163     1.9875     0.4194  1.5890313  13.605675    13.6207    38.2134    28.7545     4.9587    215.266 0.0000e+00
      5.187   1811.479    13.6226   4.496264     1.9873     0.4335  1.5894892  13.604991    13.6219    38.2133    28.7542     4.9664    215.600 0.0000e+00
      5.003   1812.479    13.6234   4.496345     1.9894     0.4400  1.5946276  13.609094    13.6227    38.2134    28.7541     4.9391    214.413 0.0000e+00
      5.104   1813.479    13.6236   4.496363     1.9835     0.4322  1.5891331  13.603623    13.6229    38.2133    28.7541     4.9147    213.356 0.0000e+00
      5.025   1814.479    13.6237   4.496373     1.9793     0.4349  1.5890822  13.605675    13.6230    38.2134    28.7540     4.9179    213.494 0.0000e+00
      4.699   1815.479    13.6238   4.496373     1.9813     0.4278  1.5894383  13.604991    13.6231    38.2134    28.7540     4.9147    213.354 0.0000e+00
      4.370   1816.479    13.6241   4.496378     1.9742     0.4190  1.5893875  13.604307    13.6235    38.2133    28.7539     4.8969    212.581 0.0000e+00
      3.933   1817.479    13.6239   4.496332     1.9764     0.4215  1.5892348  13.604991    13.6233    38.2132    28.7538     4.9319    214.101 0.0000e+00
      3.910   1818.479    13.6240   4.496353     1.9800     0.4272  1.5890822  13.606359    13.6234    38.2134    28.7540     4.9466    214.739 0.0000e+00
      4.047   1819.479    13.6241   4.496368     1.9809     0.4396  1.5890822  13.600888    13.6235    38.2134    28.7539     4.9317    214.092 0.0000e+00
      3.736   1820.479    13.6241   4.496350     1.9820     0.4492  1.5895401  13.606359    13.6236    38.2133    28.7539     4.9362    214.290 0.0000e+00
      3.535   1821.479    13.6242   4.496346     1.9797     0.4493  1.5888278  13.605675    13.6237    38.2133    28.7538     4.9111    213.200 0.0000e+00
      3.343   1822.479    13.6243   4.496362     1.9793     0.4578  1.5893875  13.607043    13.6238    38.2134    28.7539     4.9278    213.924 0.0000e+00
      3.022   1823.479    13.6247   4.496405     1.9797     0.4670  1.5893875  13.604991    13.6243    38.2135    28.7539     4.9125    213.260 0.0000e+00
      2.792   1824.479    13.6259   4.496531     1.9734     0.4687  1.5888278  13.613197    13.6255    38.2136    28.7537     4.8772    211.728 0.0000e+00
      2.488   1825.479    13.6259   4.496503     1.9741     0.4727  1.5891331  13.612514    13.6255    38.2135    28.7536     4.9225    213.696 0.0000e+00
      2.165   1826.479    13.6285   4.496788     1.9751     0.4628  1.5887770  13.613197    13.6282    38.2138    28.7533     4.8892    212.250 0.0000e+00
      2.033   1827.479    13.6305   4.497002     1.9665     0.4618  1.5890822  13.614565    13.6302    38.2139    28.7529     4.8450    210.331 0.0000e+00
      1.521   1828.479    13.6301   4.496894     1.9666     0.4664  1.5890313  13.615249    13.6298    38.2135    28.7527     4.9045    212.912 0.0000e+00
      1.226   1829.479    13.6315   4.497066     1.9727     0.4581  1.5887770  13.615249    13.6313    38.2139    28.7527     4.9087    213.093 0.0000e+00
      1.325   1830.479    13.6310   4.497027     1.9680     0.4542  1.5888787  13.615249    13.6308    38.2139    28.7528     4.8687    211.360 0.0000e+00
      0.674   1831.479    13.6317   4.497049     1.9662     0.4715  1.5886243  13.615933    13.6316    38.2137    28.7525     5.0862    220.803 0.0000e+00
      0.285   1832.479    13.6338   4.497262     2.0491     0.5153  1.5887261  13.615249    13.6338    38.2138    28.7521     5.3462    232.088 0.0000e+00
      0.544   1833.479    13.6335   4.497263     1.9825     0.5297  1.5889805  13.615249    13.6334    38.2140    28.7523     4.2970    186.540 0.0000e+00
      0.270   1834.479    13.6352   4.497106     1.8966     0.5945  1.5884717  13.602254    13.6352    38.2109    28.7495     4.4190    191.835 0.0000e+00
      0.130   1835.479    13.6324   4.288811     1.8807     0.6093  1.5857245  13.440792    13.6324    36.3141    27.2862     4.5634    198.424 0.0000e+00
      0.140   1836.479    13.2619   0.862285     1.8660    -0.1046  1.5723443  13.275792    13.2619     6.3604     4.2625     5.4904    244.163 0.0000e+00
      0.165   1837.479    13.3674   3.357794     1.8520    -0.2893  1.7682133  13.162080    13.3674    27.9302    20.8617     4.7486    207.817 0.0000e+00
      0.200   1838.479    13.5798   3.162112     1.8376    -0.2721  1.5439051  13.066116    13.5798    26.1205    19.4314     4.7333    207.463 0.0000e+00
      0.156   1839.479    13.6366   1.279395     1.8260    -0.0150  1.5378001  12.890546    13.6366     9.6346     6.7264     5.2215    231.641 0.0000e+00
      0.157   1840.479    13.6420   1.477372     1.8220     0.2149  1.5334249  12.876822    13.6420    11.3558     8.0491     5.2136    231.018 0.0000e+00
      0.212   1841.479    13.6399   1.612517     1.8262     0.2579  1.5324074  12.920732    13.6399    12.4271     8.8730     5.1973    229.918 0.0000e+00
      0.139   1842.479    13.6287   1.315710 -9.990e-29     0.3143  1.5318986  12.777995    13.6287     9.9212     6.9481 -9.990e-29 -9.990e-29 0.0000e+00
      0.221   1843.479    13.6302   0.897982 -9.990e-29     0.3145  1.5300163  12.798589    13.6302     6.5774     4.3760 -9.990e-29 -9.990e-29 0.0000e+00
      0.125   1844.333    13.6261   0.611092 -9.990e-29     0.3226  1.5300581  12.720399    13.6261     4.3453     2.6580 -9.990e-29 -9.990e-29 0.0000e+00
