Boussole/Data/SBEMOOSE/Work/cnv/bous225_01.cnv
* Sea-Bird SBE 9 Data File:
* FileName = C:\boussole\202012\bous225_01.hdr
* Software Version Seasave V 7.23.2
* Temperature SN = 2473
* Conductivity SN = 2929
* Number of Bytes Per Scan = 37
* Number of Voltage Words = 4
* Number of Scans Averaged by the Deck Unit = 1
* NMEA Latitude = 43 22.09 N
* NMEA Longitude = 007 54.55 E
* NMEA UTC (Time) = Dec 09 2020  11:37:50
* NMEA baud rate = 4800
** Navire
** Station:
** Date
** Heure debut [TU]
** Heure fin [TU]
** Heure locale / TU = +0
** Latitude
** Longitude
** Heure meteo [TU]
** T air sec [deg C]
** T mer [deg C]
** Vent [noeuds, degres]
# nquan = 14
# nvalues = 2192                        
# units = specified
# name 0 = prDM: Pressure, Digiquartz [db]
# name 1 = timeS: Time, Elapsed [seconds]
# name 2 = t090C: Temperature [ITS-90, deg C]
# name 3 = c0S/m: Conductivity [S/m]
# name 4 = sbeox0V: Oxygen raw, SBE 43 [V]
# name 5 = flC: Fluorescence, Chelsea Aqua 3 Chl Con [ug/l]
# name 6 = upoly0: Upoly 0, RINKOIII_DO
# name 7 = upoly1: Upoly 1, RINKOIII_Temp
# name 8 = potemp090C: Potential Temperature [ITS-90, deg C]
# name 9 = sal00: Salinity, Practical [PSU]
# name 10 = sigma-é00: Density [sigma-theta, kg/m^3]
# name 11 = sbeox0ML/L: Oxygen, SBE 43 [ml/l], WS = 2
# name 12 = sbox0Mm/Kg: Oxygen, SBE 43 [umol/kg], WS = 2
# name 13 = flag: flag
# span 0 =      0.459,    405.652       
# span 1 =      0.479,   2191.188       
# span 2 =    13.7307,    15.0594       
# span 3 =   4.545614,   4.626453       
# span 4 =     1.4440,     2.6649       
# span 5 =     0.1111,     0.4788       
# span 6 =  1.5356125,  1.8368946       
# span 7 =  13.713708,  15.029992       
# span 8 =    13.6711,    15.0592       
# span 9 =    38.0152,    38.6454       
# span 10 =    28.2860,    29.0755      
# span 11 =     3.3069,     7.3061      
# span 12 =    143.514,    317.120      
# span 13 = 0.0000e+00, 0.0000e+00      
# interval = seconds: 1                 
# start_time = Dec 09 2020 11:37:50 [NMEA time, header]
# bad_flag = -9.990e-29
*END*
[from data line 620]
    353.161    620.479    13.7702   4.573201     1.4809     0.1390  1.8299247  13.750620    13.7178    38.6403    29.0646     3.4216    148.493 0.0000e+00
    353.947    621.479    13.7716   4.573486     1.4808     0.1440  1.8298738  13.753354    13.7190    38.6413    29.0651     3.4136    148.146 0.0000e+00
    354.621    622.479    13.7728   4.573730     1.4793     0.1359  1.8300264  13.756088    13.7202    38.6420    29.0655     3.4039    147.723 0.0000e+00
    355.060    623.479    13.7740   4.573947     1.4782     0.1352  1.8299247  13.756088    13.7213    38.6427    29.0658     3.4036    147.710 0.0000e+00
    355.668    624.479    13.7750   4.574167     1.4772     0.1308  1.8300264  13.755405    13.7222    38.6435    29.0662     3.4044    147.745 0.0000e+00
    356.440    625.479    13.7760   4.574367     1.4777     0.1431  1.8302808  13.756772    13.7230    38.6441    29.0665     3.4167    148.279 0.0000e+00
    357.191    626.479    13.7792   4.574875     1.4793     0.1451  1.8303825  13.759506    13.7261    38.6454    29.0667     3.4128    148.111 0.0000e+00
    357.649    627.479    13.7793   4.574910     1.4772     0.1456  1.8305860  13.762240    13.7262    38.6453    29.0667     3.3946    147.322 0.0000e+00
    357.691    628.479    13.7794   4.574905     1.4759     0.1411  1.8307895  13.762240    13.7263    38.6452    29.0666     3.3944    147.310 0.0000e+00
    357.835    629.479    13.7794   4.574916     1.4747     0.1500  1.8310439  13.762923    13.7263    38.6452    29.0666     3.3938    147.288 0.0000e+00
    358.501    630.479    13.7795   4.574969     1.4745     0.1536  1.8317562  13.762923    13.7262    38.6454    29.0667     3.3986    147.493 0.0000e+00
    359.273    631.479    13.7795   4.575008     1.4744     0.1531  1.8320105  13.763606    13.7261    38.6454    29.0668     3.3946    147.322 0.0000e+00
    359.825    632.479    13.7790   4.574966     1.4735     0.1527  1.8320105  13.762923    13.7256    38.6452    29.0668     3.3906    147.149 0.0000e+00
    360.151    633.479    13.7787   4.574941     1.4729     0.1430  1.8318071  13.763606    13.7252    38.6452    29.0668     3.3896    147.104 0.0000e+00
    360.686    634.479    13.7787   4.574971     1.4724     0.1387  1.8322649  13.763606    13.7251    38.6452    29.0668     3.3885    147.056 0.0000e+00
    361.434    635.479    13.7782   4.574951     1.4720     0.1518  1.8326210  13.762923    13.7246    38.6451    29.0669     3.3948    147.327 0.0000e+00
    362.219    636.479    13.7778   4.574915     1.4737     0.1572  1.8326719  13.763606    13.7241    38.6448    29.0668     3.4066    147.840 0.0000e+00
    362.799    637.479    13.7772   4.574861     1.4739     0.1548  1.8324684  13.764290    13.7233    38.6448    29.0669     3.3923    147.221 0.0000e+00
    363.027    638.479    13.7769   4.574839     1.4724     0.1544  1.8325702  13.762923    13.7230    38.6447    29.0669     3.3846    146.888 0.0000e+00
    363.024    639.479    13.7769   4.574832     1.4715     0.1546  1.8326719  13.762240    13.7230    38.6447    29.0669     3.3879    147.029 0.0000e+00
    363.409    640.479    13.7755   4.574683     1.4712     0.1454  1.8324684  13.762923    13.7215    38.6444    29.0670     3.3805    146.707 0.0000e+00
    364.197    641.479    13.7727   4.574377     1.4696     0.1359  1.8325193  13.762240    13.7186    38.6440    29.0673     3.3870    146.988 0.0000e+00
    364.939    642.479    13.7691   4.573932     1.4718     0.1261  1.8324684  13.760189    13.7150    38.6431    29.0674     3.4030    147.683 0.0000e+00
    365.794    643.479    13.7642   4.573317     1.4719     0.1293  1.8324684  13.760189    13.7099    38.6418    29.0675     3.3856    146.930 0.0000e+00
    366.355    644.479    13.7620   4.573067     1.4701     0.1410  1.8323158  13.756088    13.7076    38.6414    29.0677     3.3809    146.727 0.0000e+00
    366.424    645.479    13.7616   4.573015     1.4695     0.1332  1.8321632  13.750620    13.7072    38.6413    29.0677     3.3844    146.879 0.0000e+00
    366.905    646.479    13.7611   4.572986     1.4695     0.1455  1.8320105  13.746519    13.7067    38.6413    29.0678     3.3846    146.884 0.0000e+00
    367.743    647.479    13.7609   4.573011     1.4691     0.1475  1.8315018  13.747202    13.7064    38.6413    29.0679     3.3867    146.977 0.0000e+00
    368.359    648.479    13.7604   4.572933     1.4701     0.1366  1.8315018  13.747202    13.7057    38.6409    29.0677     3.3992    147.522 0.0000e+00
    368.887    649.479    13.7553   4.572318     1.4718     0.1300  1.8312983  13.746519    13.7006    38.6399    29.0681     3.3931    147.253 0.0000e+00
    369.173    650.479    13.7540   4.572170     1.4695     0.1336  1.8313492  13.746519    13.6992    38.6397    29.0682     3.3757    146.498 0.0000e+00
    369.023    651.479    13.7538   4.572150     1.4684     0.1305  1.8312983  13.745152    13.6990    38.6398    29.0683     3.3773    146.572 0.0000e+00
    369.194    652.479    13.7537   4.572146     1.4677     0.1325  1.8310948  13.745835    13.6989    38.6398    29.0683     3.3808    146.721 0.0000e+00
    370.098    653.479    13.7543   4.572317     1.4679     0.1359  1.8309931  13.738316    13.6994    38.6403    29.0686     3.3796    146.668 0.0000e+00
    371.335    654.479    13.7550   4.572482     1.4669     0.1405  1.8309930  13.739000    13.6999    38.6407    29.0687     3.3802    146.695 0.0000e+00
    372.199    655.479    13.7546   4.572446     1.4678     0.1443  1.8305860  13.737633    13.6994    38.6404    29.0686     3.3846    146.888 0.0000e+00
    372.613    656.479    13.7542   4.572419     1.4674     0.1323  1.8311965  13.742418    13.6989    38.6404    29.0688     3.3803    146.698 0.0000e+00
    372.900    657.479    13.7540   4.572418     1.4675     0.1261  1.8308913  13.741051    13.6986    38.6404    29.0688     3.3850    146.902 0.0000e+00
    373.258    658.479    13.7536   4.572399     1.4679     0.1348  1.8310948  13.740367    13.6982    38.6405    29.0690     3.3796    146.669 0.0000e+00
    373.827    659.479    13.7526   4.572334     1.4661     0.1282  1.8310439  13.739684    13.6972    38.6405    29.0693     3.3670    146.124 0.0000e+00
    374.104    660.479    13.7521   4.572274     1.4650     0.1258  1.8306878  13.739000    13.6966    38.6404    29.0693     3.3776    146.583 0.0000e+00
    374.520    661.479    13.7519   4.572287     1.4668     0.1208  1.8306369  13.734215    13.6963    38.6405    29.0694     3.3847    146.890 0.0000e+00
    375.316    662.479    13.7532   4.572535     1.4658     0.1410  1.8312474  13.738317    13.6975    38.6412    29.0697     3.3687    146.198 0.0000e+00
    375.846    663.479    13.7536   4.572589     1.4644     0.1413  1.8312474  13.737633    13.6978    38.6412    29.0696     3.3703    146.268 0.0000e+00
    376.231    664.479    13.7528   4.572516     1.4649     0.1390  1.8315527  13.736266    13.6969    38.6411    29.0697     3.3769    146.552 0.0000e+00
    376.970    665.479    13.7515   4.572396     1.4648     0.1435  1.8313492  13.736266    13.6956    38.6409    29.0699     3.3692    146.216 0.0000e+00
    377.660    666.479    13.7491   4.572143     1.4633     0.1370  1.8315018  13.734899    13.6931    38.6406    29.0701     3.3640    145.994 0.0000e+00
    378.158    667.479    13.7478   4.572003     1.4627     0.1412  1.8316035  13.743101    13.6917    38.6403    29.0702     3.3676    146.148 0.0000e+00
    378.813    668.479    13.7461   4.571834     1.4628     0.1310  1.8316035  13.732165    13.6899    38.6402    29.0705     3.3733    146.397 0.0000e+00
    379.620    669.479    13.7457   4.571904     1.4643     0.1259  1.8318579  13.730798    13.6894    38.6409    29.0712     3.3857    146.933 0.0000e+00
    380.258    670.479    13.7452   4.571882     1.4651     0.1219  1.8317562  13.733532    13.6888    38.6409    29.0713     3.3731    146.386 0.0000e+00
    380.440    671.479    13.7449   4.571865     1.4635     0.1314  1.8317562  13.734215    13.6885    38.6410    29.0714     3.3671    146.126 0.0000e+00
    380.299    672.479    13.7449   4.571869     1.4634     0.1218  1.8316036  13.730114    13.6885    38.6410    29.0715     3.3674    146.139 0.0000e+00
    380.470    673.479    13.7448   4.571857     1.4619     0.1276  1.8318071  13.730114    13.6883    38.6410    29.0715     3.3598    145.811 0.0000e+00
    380.996    674.479    13.7444   4.571844     1.4612     0.1337  1.8319597  13.730114    13.6879    38.6410    29.0716     3.3581    145.736 0.0000e+00
    381.735    675.479    13.7446   4.571916     1.4600     0.1403  1.8324684  13.730114    13.6879    38.6412    29.0717     3.3591    145.780 0.0000e+00
    382.817    676.479    13.7458   4.572170     1.4605     0.1477  1.8322649  13.730114    13.6890    38.6419    29.0720     3.3679    146.160 0.0000e+00
    384.036    677.479    13.7451   4.572160     1.4611     0.1422  1.8326210  13.728747    13.6881    38.6419    29.0723     3.3635    145.969 0.0000e+00
    384.889    678.479    13.7441   4.572073     1.4601     0.1359  1.8327228  13.730114    13.6870    38.6417    29.0723     3.3580    145.731 0.0000e+00
    384.983    679.479    13.7438   4.572044     1.4596     0.1323  1.8326719  13.730114    13.6867    38.6417    29.0724     3.3617    145.891 0.0000e+00
    384.965    680.479    13.7436   4.571997     1.4602     0.1270  1.8329263  13.730114    13.6865    38.6415    29.0723     3.3649    146.032 0.0000e+00
    385.251    681.479    13.7433   4.571980     1.4596     0.1380  1.8326210  13.730114    13.6861    38.6415    29.0724     3.3552    145.610 0.0000e+00
    385.518    682.479    13.7429   4.571949     1.4587     0.1375  1.8333333  13.730114    13.6857    38.6415    29.0724     3.3493    145.353 0.0000e+00
    385.724    683.479    13.7428   4.571955     1.4568     0.1413  1.8331298  13.730114    13.6856    38.6415    29.0725     3.3484    145.316 0.0000e+00
    386.420    684.479    13.7425   4.571954     1.4577     0.1389  1.8333842  13.730114    13.6851    38.6416    29.0726     3.3649    146.033 0.0000e+00
    387.578    685.479    13.7419   4.571935     1.4588     0.1409  1.8333842  13.729430    13.6844    38.6415    29.0727     3.3555    145.623 0.0000e+00
    388.467    686.479    13.7415   4.571925     1.4566     0.1410  1.8335368  13.728747    13.6839    38.6414    29.0727     3.3387    144.893 0.0000e+00
    388.522    687.479    13.7414   4.571916     1.4553     0.1278  1.8333333  13.728747    13.6838    38.6413    29.0727     3.3512    145.438 0.0000e+00
    388.959    688.479    13.7415   4.571938     1.4574     0.1293  1.8334350  13.729430    13.6837    38.6413    29.0727     3.3632    145.956 0.0000e+00
    390.050    689.479    13.7413   4.571986     1.4566     0.1400  1.8334859  13.728747    13.6834    38.6415    29.0729     3.3430    145.081 0.0000e+00
    390.613    690.479    13.7410   4.571979     1.4554     0.1432  1.8337912  13.728747    13.6830    38.6414    29.0730     3.3503    145.399 0.0000e+00
    390.524    691.479    13.7412   4.571994     1.4564     0.1325  1.8337912  13.728747    13.6832    38.6414    29.0729     3.3576    145.714 0.0000e+00
    390.988    692.479    13.7408   4.571965     1.4564     0.1256  1.8333333  13.727380    13.6828    38.6413    29.0729     3.3463    145.225 0.0000e+00
    391.375    693.479    13.7401   4.571920     1.4548     0.1357  1.8334350  13.730798    13.6820    38.6414    29.0731     3.3388    144.896 0.0000e+00
    391.413    694.479    13.7399   4.571893     1.4537     0.1399  1.8337403  13.728747    13.6818    38.6414    29.0732     3.3382    144.872 0.0000e+00
    392.014    695.479    13.7394   4.571893     1.4531     0.1438  1.8339438  13.725329    13.6813    38.6416    29.0734     3.3385    144.886 0.0000e+00
    393.124    696.479    13.7371   4.571704     1.4522     0.1381  1.8340456  13.723962    13.6788    38.6416    29.0740     3.3387    144.893 0.0000e+00
    394.047    697.479    13.7364   4.571659     1.4530     0.1269  1.8340964  13.725329    13.6779    38.6415    29.0741     3.3482    145.305 0.0000e+00
    394.768    698.479    13.7359   4.571645     1.4534     0.1366  1.8340455  13.730114    13.6773    38.6415    29.0743     3.3459    145.205 0.0000e+00
    395.221    699.479    13.7357   4.571628     1.4533     0.1408  1.8340964  13.724645    13.6771    38.6414    29.0742     3.3415    145.017 0.0000e+00
    395.161    700.479    13.7356   4.571624     1.4526     0.1403  1.8341982  13.721227    13.6770    38.6414    29.0743     3.3354    144.751 0.0000e+00
    395.140    701.479    13.7357   4.571623     1.4512     0.1327  1.8343508  13.720544    13.6771    38.6414    29.0742     3.3299    144.512 0.0000e+00
    395.545    702.479    13.7358   4.571661     1.4504     0.1324  1.8343508  13.717126    13.6771    38.6414    29.0743     3.3341    144.695 0.0000e+00
    396.393    703.479    13.7353   4.571662     1.4511     0.1375  1.8345034  13.717810    13.6765    38.6416    29.0745     3.3431    145.086 0.0000e+00
    397.406    704.479    13.7353   4.571711     1.4518     0.1447  1.8346052  13.720544    13.6763    38.6416    29.0746     3.3389    144.902 0.0000e+00
    398.084    705.479    13.7353   4.571741     1.4505     0.1523  1.8349613  13.718493    13.6762    38.6416    29.0746     3.3254    144.318 0.0000e+00
    398.054    706.479    13.7353   4.571723     1.4489     0.1513  1.8346561  13.716442    13.6762    38.6414    29.0744     3.3236    144.240 0.0000e+00
    398.207    707.479    13.7353   4.571750     1.4485     0.1466  1.8348087  13.717810    13.6762    38.6416    29.0745     3.3275    144.406 0.0000e+00
    398.951    708.479    13.7355   4.571818     1.4478     0.1365  1.8348596  13.716442    13.6763    38.6417    29.0746     3.3251    144.305 0.0000e+00
    399.808    709.479    13.7356   4.571856     1.4484     0.1329  1.8355718  13.719860    13.6763    38.6416    29.0745     3.3367    144.806 0.0000e+00
    400.573    710.479    13.7355   4.571889     1.4496     0.1385  1.8353174  13.723278    13.6761    38.6417    29.0746     3.3397    144.936 0.0000e+00
    401.314    711.479    13.7349   4.571870     1.4497     0.1309  1.8353683  13.721911    13.6753    38.6418    29.0749     3.3286    144.457 0.0000e+00
    401.454    712.479    13.7349   4.571878     1.4481     0.1413  1.8353174  13.716442    13.6753    38.6418    29.0749     3.3200    144.083 0.0000e+00
    401.215    713.479    13.7349   4.571875     1.4469     0.1368  1.8354192  13.717810    13.6754    38.6418    29.0749     3.3180    143.996 0.0000e+00
    401.522    714.479    13.7348   4.571882     1.4460     0.1446  1.8357244  13.718493    13.6752    38.6419    29.0750     3.3221    144.172 0.0000e+00
    402.484    715.479    13.7340   4.571848     1.4467     0.1484  1.8356736  13.715075    13.6743    38.6419    29.0752     3.3280    144.430 0.0000e+00
    403.525    716.479    13.7333   4.571793     1.4466     0.1382  1.8359279  13.718493    13.6734    38.6417    29.0752     3.3226    144.196 0.0000e+00
    404.247    717.479    13.7335   4.571848     1.4462     0.1288  1.8357753  13.715759    13.6735    38.6417    29.0752     3.3216    144.151 0.0000e+00
    404.552    718.479    13.7335   4.571858     1.4457     0.1340  1.8358771  13.717810    13.6735    38.6416    29.0752     3.3217    144.157 0.0000e+00
    404.843    719.479    13.7331   4.571829     1.4462     0.1288  1.8360806  13.716442    13.6730    38.6416    29.0752     3.3277    144.417 0.0000e+00
    405.027    720.479    13.7329   4.571833     1.4462     0.1269  1.8361314  13.715075    13.6728    38.6417    29.0754     3.3283    144.441 0.0000e+00
    405.027    721.479    13.7329   4.571820     1.4476     0.1300  1.8365384  13.714392    13.6728    38.6416    29.0753     3.3371    144.824 0.0000e+00
