Boussole/Data/SBEMOOSE/Work/cnv/bous233_03.cnv
* Sea-Bird SBE 9 Data File:
* FileName = C:\boussole\202108\bous233_03.hdr
* Software Version Seasave V 7.23.2
* Temperature SN = 1378
* Conductivity SN = 2929
* Number of Bytes Per Scan = 34
* Number of Voltage Words = 3
* Number of Scans Averaged by the Deck Unit = 1
* NMEA Latitude = 43 22.10 N
* NMEA Longitude = 007 53.72 E
* NMEA UTC (Time) = Aug 18 2021  10:31:27
* NMEA baud rate = 4800
** Campagne = BOUSSOLE 233
** Navire = Tethys II
** Station = BOUS233_03
** Date = 18/08/2021
** Heure debut [TU] = 10:31
** Heure fin [TU] = 10:51
** Heure locale / TU = +2
** Latitude = 43 22.087 N
** Longitude = 007 53.744 E
** Heure meteo [TU] = 10:26
** T air sec [deg C] = 24.6
** T mer [deg C] = 24.433
** Vent [noeuds, degres] = 8, 120
** Pression atm [hpa] = 1012.5
** Humidite [%] = 78.5
** Nebulosite [octas] = 1
** Etat de la mer [code S] = 3
# nquan = 14
# nvalues = 1248                        
# units = specified
# name 0 = prDM: Pressure, Digiquartz [db]
# name 1 = timeS: Time, Elapsed [seconds]
# name 2 = t090C: Temperature [ITS-90, deg C]
# name 3 = c0S/m: Conductivity [S/m]
# name 4 = sbeox0V: Oxygen raw, SBE 43 [V]
# name 5 = flC: Fluorescence, Chelsea Aqua 3 Chl Con [ug/l]
# name 6 = upoly0: Upoly 0, RINKOIII_DO
# name 7 = upoly1: Upoly 1, RINKOIII_Temp
# name 8 = potemp090C: Potential Temperature [ITS-90, deg C]
# name 9 = sal00: Salinity, Practical [PSU]
# name 10 = sigma-é00: Density [sigma-theta, kg/m^3]
# name 11 = sbeox0ML/L: Oxygen, SBE 43 [ml/l], WS = 2
# name 12 = sbox0Mm/Kg: Oxygen, SBE 43 [umol/kg], WS = 2
# name 13 = flag: flag
# span 0 =     -0.009,    301.212       
# span 1 =      0.479,   1247.375       
# span 2 =    13.6326,    24.5530       
# span 3 =   4.527205,   5.716472       
# span 4 =     2.4557,     4.0486       
# span 5 =    -0.0629,     1.3443       
# span 6 =  1.3093203,  2.3514449       
# span 7 =  13.617301,  24.508739       
# span 8 =    13.6204,    24.5528       
# span 9 =    38.2422,    38.6660       
# span 10 =    26.0793,    29.0763      
# span 11 =     3.7007,     6.5677      
# span 12 =    160.605,    285.202      
# span 13 = 0.0000e+00, 0.0000e+00      
# interval = seconds: 1                 
# start_time = Aug 18 2021 10:31:27 [NMEA time, header]
# bad_flag = -9.990e-29
*END*
      1.558      0.479    24.4677   5.706518     3.5545     0.3802  1.3544974  24.425613    24.4674    38.4366    26.1043     4.7253    205.664 0.0000e+00
      1.506      1.479    24.4676   5.706388     3.5572     0.4267  1.3545483  24.410251    24.4673    38.4357    26.1037     4.7345    206.065 0.0000e+00
      1.484      2.479    24.4513   5.704536     3.5602     0.2945  1.3544974  24.409552    24.4510    38.4356    26.1086     4.7355    206.109 0.0000e+00
      1.486      3.479    24.4584   5.705386     3.5577     0.2528  1.3549044  24.401872    24.4581    38.4360    26.1067     4.7298    205.860 0.0000e+00
      1.651      4.479    24.4600   5.705638     3.5591     0.1994  1.3544465  24.417233    24.4596    38.4365    26.1066     4.7384    206.231 0.0000e+00
      1.485      5.479    24.4551   5.705045     3.5609     0.0415  1.3543448  24.426311    24.4548    38.4362    26.1079     4.7291    205.830 0.0000e+00
      1.437      6.479    24.4528   5.704718     3.5527     0.3244  1.3547009  24.424216    24.4525    38.4358    26.1082     4.7187    205.376 0.0000e+00
      1.728      7.479    24.4349   5.702676     3.5557     0.1828  1.3548027  24.410949    24.4345    38.4355    26.1135     4.7406    206.325 0.0000e+00
      1.647      8.479    24.4407   5.703404     3.5637     0.1181  1.3545992  24.423518    24.4403    38.4361    26.1122     4.7492    206.700 0.0000e+00
      1.358      9.479    24.4377   5.703050     3.5640    -0.0111  1.3541413  24.420724    24.4374    38.4360    26.1130     4.7382    206.222 0.0000e+00
      1.404     10.479    24.4371   5.703015     3.5573     0.1464  1.3550062  24.412345    24.4368    38.4363    26.1134     4.7250    205.648 0.0000e+00
      1.528     11.479    24.4491   5.704545     3.5563     0.1692  1.3553623  24.406759    24.4488    38.4376    26.1107     4.7238    205.596 0.0000e+00
      1.685     12.479    24.4655   5.706323     3.5509     0.2472  1.3551588  24.375344    24.4651    38.4370    26.1053     4.7199    205.429 0.0000e+00
      1.673     13.479    24.4813   5.708034     3.5547     0.2239  1.3543448  24.341842    24.4810    38.4364    26.1000     4.7267    205.726 0.0000e+00
      1.493     14.479    24.4823   5.708363     3.5552     0.2086  1.3547009  24.406063    24.4820    38.4382    26.1011     4.7270    205.737 0.0000e+00
      1.353     15.479    24.4915   5.709313     3.5557     0.3104  1.3545992  24.429104    24.4912    38.4375    26.0978     4.7297    205.856 0.0000e+00
      1.445     16.479    24.4894   5.709005     3.5621     0.3290  1.3540904  24.428406    24.4891    38.4369    26.0980     4.7396    206.289 0.0000e+00
      1.680     17.479    24.4882   5.708963     3.5579     0.2447  1.3547518  24.428406    24.4878    38.4376    26.0988     4.7204    205.453 0.0000e+00
      1.640     18.479    24.4864   5.708776     3.5541     0.1496  1.3549044  24.435389    24.4860    38.4377    26.0995     4.7201    205.439 0.0000e+00
      1.475     19.479    24.4946   5.709671     3.5543     0.1197  1.3546500  24.438183    24.4943    38.4375    26.0968     4.7204    205.453 0.0000e+00
      1.715     20.479    24.4877   5.708934     3.5478     0.3154  1.3545992  24.438183    24.4874    38.4377    26.0991     4.6993    204.534 0.0000e+00
      2.220     21.479    24.4760   5.707572     3.5427     0.2698  1.3545992  24.425612    24.4755    38.4373    26.1024     4.7045    204.757 0.0000e+00
      2.869     22.479    24.3509   5.692975     3.5425     0.1830  1.3543448  24.418630    24.3503    38.4334    26.1375     4.7157    205.238 0.0000e+00
      3.610     23.479    24.2013   5.675874     3.5440     0.1827  1.3545992  24.416535    24.2005    38.4315    26.1814     4.7350    206.070 0.0000e+00
      4.288     24.479    24.1375   5.668642     3.5471     0.2266  1.3554640  24.386514    24.1366    38.4310    26.2003     4.7472    206.596 0.0000e+00
      4.756     25.479    24.1323   5.668052     3.5501     0.2121  1.3558202  24.374646    24.1312    38.4308    26.2018     4.7521    206.811 0.0000e+00
      5.325     26.479    24.0963   5.663888     3.5530     0.2181  1.3570411  24.295793    24.0951    38.4298    26.2119     4.7578    207.056 0.0000e+00
      5.631     27.479    24.0798   5.662091     3.5515     0.1909  1.3570411  24.276957    24.0786    38.4301    26.2172     4.7463    206.555 0.0000e+00
      5.843     28.479    24.0728   5.661393     3.5463     0.1779  1.3570920  24.283933    24.0716    38.4307    26.2198     4.7468    206.576 0.0000e+00
      6.439     29.479    24.0542   5.659332     3.5495     0.1891  1.3592797  24.181439    24.0528    38.4308    26.2255     4.7590    207.106 0.0000e+00
      7.226     30.479    24.0282   5.656270     3.5529     0.1882  1.3598901  24.099904    24.0266    38.4296    26.2324     4.7656    207.389 0.0000e+00
      7.611     31.479    24.0142   5.654170     3.5536     0.1828  1.3593814  24.113140    24.0126    38.4254    26.2335     4.7684    207.515 0.0000e+00
      7.822     32.479    23.9904   5.650927     3.5578     0.1890  1.3586183  24.118714    23.9887    38.4210    26.2373     4.7783    207.944 0.0000e+00
      8.174     33.479    23.8607   5.635655     3.5597     0.1838  1.3597884  24.099207    23.8589    38.4157    26.2723     4.7967    208.735 0.0000e+00
      8.555     34.479    23.6997   5.616728     3.5692     0.1891  1.3597375  24.068561    23.6979    38.4092    26.3155     4.8530    211.176 0.0000e+00
      9.071     35.479    23.4114   5.582930     3.6019     0.1831  1.3624339  23.918218    23.4095    38.3981    26.3927     4.9466    215.233 0.0000e+00
      9.822     36.479    22.9867   5.533368     3.6235     0.1661  1.3631970  23.802086    22.9847    38.3825    26.5060     4.9749    216.441 0.0000e+00
     10.266     37.479    23.0194   5.537348     3.5947     0.1644  1.3611112  23.700645    23.0173    38.3849    26.4983     4.8448    210.781 0.0000e+00
     10.343     38.479    23.2228   5.560704     3.5810     0.1761  1.3605515  23.609677    23.2206    38.3894    26.4420     5.0254    218.654 0.0000e+00
     10.709     39.479    22.8923   5.520285     3.7483     0.1899  1.3588218  23.577755    22.8901    38.3612    26.5161     5.5184    240.082 0.0000e+00
     11.429     40.479    19.9173   5.186538     3.9261     0.1850  1.3596866  23.434877    19.9152    38.3298    27.3262     6.0089    261.221 0.0000e+00
     12.006     41.479    18.8828   5.084312     3.9506     0.1941  1.3642654  22.999062    18.8806    38.4238    27.6714     5.8971    256.271 0.0000e+00
     12.260     42.479    19.8658   5.178814     3.9059     0.1976  1.3732194  21.971057    19.8635    38.3127    27.3273     5.7086    248.164 0.0000e+00
     12.541     43.479    19.6890   5.151000     3.9114     0.2022  1.3556675  21.887216    19.6867    38.2422    27.3203     5.8477    254.212 0.0000e+00
     13.031     44.479    17.8493   4.961362     3.9503     0.2108  1.3549044  21.394839    17.8471    38.3326    27.8628     6.1465    267.061 0.0000e+00
     13.671     45.479    16.6933   4.836272     3.9787     0.2226  1.3747965  20.135898    16.6910    38.3324    28.1490     6.3154    274.322 0.0000e+00
     14.257     46.479    16.3112   4.795399     3.9939     0.2294  1.3566850  19.114502    16.3089    38.3343    28.2422     6.3137    274.223 0.0000e+00
     14.561     47.479    16.3675   4.801635     3.9710     0.2162  1.3252442  19.611907    16.3651    38.3359    28.2300     6.2091    269.686 0.0000e+00
     14.778     48.479    16.4488   4.809340     3.9447     0.1865  1.3240741  19.137436    16.4464    38.3266    28.2035     6.1555    267.366 0.0000e+00
     15.342     49.479    15.8924   4.752884     3.9330     0.1878  1.3408628  18.592524    15.8899    38.3555    28.3572     6.3208    274.501 0.0000e+00
     16.136     50.479    15.6314   4.726067     3.9765     0.2077  1.3529203  17.504602    15.6289    38.3654    28.4256     6.4316    279.297 0.0000e+00
     16.489     51.479    15.6759   4.733450     3.9605     0.2140  1.3471204  17.283345    15.6733    38.3889    28.4332     6.2101    269.673 0.0000e+00
     16.299     52.479    17.1245   4.885661     3.8888     0.2036  1.3334351  17.750428    17.1217    38.3573    28.0639     5.8666    254.851 0.0000e+00
     16.430     53.479    16.8407   4.856670     3.8405     0.1982  1.3335368  17.816197    16.8379    38.3717    28.1440     5.9262    257.417 0.0000e+00
     17.417     54.479    15.4205   4.706661     3.8508     0.2073  1.3474766  17.123850    15.4178    38.3935    28.4957     6.2427    271.075 0.0000e+00
     18.618     55.479    15.0088   4.663668     3.8853     0.2175  1.3615182  16.410426    15.0059    38.4018    28.5962     6.2927    273.219 0.0000e+00
     18.796     56.479    15.7504   4.740977     3.8518     0.2273  1.3629426  16.316702    15.7474    38.3839    28.4121     6.0130    261.121 0.0000e+00
     18.502     57.479    16.3620   4.807492     3.8158     0.2254  1.3381156  17.630174    16.3589    38.3917    28.2740     5.9338    257.717 0.0000e+00
     18.904     58.479    15.8086   4.749349     3.8145     0.2225  1.3593305  17.147605    15.8055    38.4034    28.4138     6.0478    262.631 0.0000e+00
     19.832     59.479    15.3590   4.701314     3.8057     0.2233  1.3695564  16.572692    15.3559    38.4038    28.5181     6.0304    261.849 0.0000e+00
     20.130     60.479    15.4100   4.707367     3.7796     0.2250  1.3741351  16.164598    15.4069    38.4090    28.5102     5.9420    258.015 0.0000e+00
     20.089     61.479    15.3100   4.694063     3.7459     0.2313  1.3829365  15.861639    15.3069    38.3851    28.5146     5.8878    255.657 0.0000e+00
     20.608     62.479    15.0749   4.671966     3.7203     0.2317  1.3809015  15.946566    15.0717    38.4123    28.5892     5.9215    257.104 0.0000e+00
     21.503     63.479    14.5990   4.621434     3.7190     0.2229  1.3810541  15.918032    14.5957    38.4134    28.6971     5.9801    259.621 0.0000e+00
     21.946     64.479    14.6046   4.622964     3.6969     0.2333  1.3883801  15.643487    14.6013    38.4218    28.7024     5.8725    254.948 0.0000e+00
     22.177     65.479    15.0236   4.666314     3.6568     0.2288  1.3883293  15.685632    15.0201    38.4101    28.5994     5.7261    248.619 0.0000e+00
     22.820     66.479    14.4571   4.606979     3.6279     0.2425  1.3920940  15.489848    14.4536    38.4187    28.7327     5.8167    252.517 0.0000e+00
     23.397     67.479    14.3296   4.594272     3.6299     0.2598  1.4010480  15.321881    14.3261    38.4262    28.7666     5.8807    255.290 0.0000e+00
     23.546     68.479    14.6129   4.624490     3.6309     0.2616  1.4046093  15.278348    14.6093    38.4270    28.7044     5.8075    252.127 0.0000e+00
     23.619     69.479    14.7629   4.636241     3.6087     0.2484  1.3964184  15.833094    14.7593    38.3880    28.6409     5.6780    246.518 0.0000e+00
     23.949     70.479    14.5769   4.621053     3.5662     0.2432  1.4008954  15.450385    14.5733    38.4306    28.7154     5.5962    242.951 0.0000e+00
     24.665     71.479    14.2514   4.586485     3.5331     0.2626  1.4113757  15.132065    14.2477    38.4303    28.7871     5.5993    243.067 0.0000e+00
     25.434     72.479    14.1911   4.579928     3.5071     0.2932  1.4221612  14.911540    14.1873    38.4285    28.7989     5.5812    242.277 0.0000e+00
     25.945     73.479    14.1780   4.578753     3.4938     0.3201  1.4268925  15.127303    14.1741    38.4303    28.8031     5.6056    243.338 0.0000e+00
     26.376     74.479    14.1569   4.576148     3.4966     0.3354  1.4291819  15.078982    14.1530    38.4266    28.8049     5.6451    245.049 0.0000e+00
     26.605     75.479    14.1778   4.579157     3.4996     0.3251  1.4374745  14.714717    14.1738    38.4340    28.8061     5.6154    243.762 0.0000e+00
     26.647     76.479    14.3577   4.597066     3.4858     0.3021  1.4422568  14.781473    14.3537    38.4229    28.7580     5.5372    240.381 0.0000e+00
     27.086     77.479    14.1960   4.580493     3.4701     0.2851  1.4468864  14.699732    14.1920    38.4281    28.7975     5.5258    239.873 0.0000e+00
     27.897     78.479    14.0690   4.567178     3.4556     0.3233  1.4541616  14.636369    14.0649    38.4291    28.8260     5.5176    239.511 0.0000e+00
     28.475     79.479    14.0464   4.564959     3.4440     0.3735  1.4577738  14.664987    14.0422    38.4306    28.8321     5.5062    239.016 0.0000e+00
     28.869     80.479    14.0465   4.565064     3.4339     0.4056  1.4625560  14.603658    14.0422    38.4312    28.8326     5.4983    238.673 0.0000e+00
     29.332     81.479    14.0296   4.563518     3.4316     0.4279  1.4649471  14.433249    14.0253    38.4334    28.8380     5.5195    239.594 0.0000e+00
     29.591     82.479    14.0413   4.564886     3.4334     0.4302  1.4692715  14.398477    14.0369    38.4344    28.8362     5.5100    239.179 0.0000e+00
     29.623     83.479    14.1271   4.573306     3.4239     0.3959  1.4727819  14.403928    14.1227    38.4282    28.8127     5.4427    236.262 0.0000e+00
     30.019     84.479    14.0453   4.565252     3.4033     0.3823  1.4747151  14.470066    14.0408    38.4337    28.8348     5.3853    233.766 0.0000e+00
     30.927     85.479    13.9922   4.560512     3.3783     0.4549  1.4793447  14.318681    13.9876    38.4417    28.8526     5.3545    232.427 0.0000e+00
     31.941     86.479    13.9395   4.555347     3.3670     0.5988  1.4845849  14.296857    13.9348    38.4452    28.8667     5.3992    234.362 0.0000e+00
     32.599     87.479    13.9338   4.554935     3.3765     0.7479  1.4878409  14.305724    13.9290    38.4468    28.8692     5.4563    236.841 0.0000e+00
     32.662     88.479    14.0706   4.568513     3.3852     0.8022  1.4922670  14.226589    14.0657    38.4381    28.8328     5.4170    235.142 0.0000e+00
     32.485     89.479    14.0911   4.570527     3.3710     0.7140  1.4892145  14.347326    14.0863    38.4366    28.8272     5.3056    230.308 0.0000e+00
     32.822     90.479    14.0282   4.564146     3.3330     0.7357  1.4892654  14.313909    14.0233    38.4392    28.8429     5.2063    225.994 0.0000e+00
     33.604     91.479    13.8790   4.549622     3.3008     0.8381  1.4930301  14.249104    13.8740    38.4509    28.8842     5.1974    225.598 0.0000e+00
     34.057     92.479    13.8755   4.549103     3.2820     0.9626  1.4963370  14.225223    13.8705    38.4493    28.8838     5.1572    223.856 0.0000e+00
     34.279     93.479    13.9098   4.552537     3.2456     0.9953  1.4983720  14.213625    13.9047    38.4473    28.8748     5.0177    217.803 0.0000e+00
     34.918     94.479    13.8387   4.545370     3.1963     1.0820  1.5019841  14.204070    13.8336    38.4504    28.8925     4.9411    214.473 0.0000e+00
     35.866     95.479    13.7884   4.540391     3.1651     1.1994  1.5103785  14.086002    13.7832    38.4532    28.9056     4.9559    215.111 0.0000e+00
     36.511     96.479    13.7845   4.540059     3.1603     1.2104  1.5224868  14.051868    13.7792    38.4536    28.9068     5.0368    218.625 0.0000e+00
     36.893     97.479    13.8194   4.543529     3.1797     1.2095  1.5321530  14.034118    13.8140    38.4514    28.8976     5.1070    221.672 0.0000e+00
     37.082     98.479    13.8741   4.549027     3.1962     1.2020  1.5360704  14.042993    13.8686    38.4486    28.8836     5.0773    220.387 0.0000e+00
     37.049     99.479    13.9430   4.555876     3.1808     1.1833  1.5370370  14.103063    13.9375    38.4444    28.8655     4.9391    214.394 0.0000e+00
     37.306    100.479    13.8508   4.546754     3.1423     1.1745  1.5340862  14.131053    13.8453    38.4503    28.8900     4.8414    210.147 0.0000e+00
     37.830    101.479    13.7697   4.538784     3.1039     1.2040  1.5362230  14.083272    13.7642    38.4558    28.9117     4.7621    206.698 0.0000e+00
     38.293    102.479    13.7601   4.537784     3.0587     1.2288  1.5413105  14.052550    13.7545    38.4558    28.9137     4.6699    202.698 0.0000e+00
