Boussole/Data/SBEMOOSE/Work/cnv/bous233_02.cnv
* Sea-Bird SBE 9 Data File:
* FileName = C:\boussole\202108\bous233_02.hdr
* Software Version Seasave V 7.23.2
* Temperature SN = 1378
* Conductivity SN = 2929
* Number of Bytes Per Scan = 34
* Number of Voltage Words = 3
* Number of Scans Averaged by the Deck Unit = 1
* NMEA Latitude = 43 21.89 N
* NMEA Longitude = 007 53.76 E
* NMEA UTC (Time) = Aug 18 2021  08:40:37
* NMEA baud rate = 4800
** Campagne = BOUSSOLE 233
** Navire = Tethys II
** Station = BOUS233_02
** Date = 18/08/2021
** Heure debut [TU] = 08:40
** Heure fin [TU] = 09:14
** Heure locale / TU = +2
** Latitude = 43 21.890 N
** Longitude = 007 53.759 E
** Heure meteo [TU] = 08:57
** T air sec [deg C] = 24.7
** T mer [deg C] = 24.234
** Vent [noeuds, degres] = 7.1, 127
** Pression atm [hpa] = 1012.3
** Humidite [%] = 76
** Nebulosite [octas] = 0
** Etat de la mer [code S] = 3
# nquan = 14
# nvalues = 2030                        
# units = specified
# name 0 = prDM: Pressure, Digiquartz [db]
# name 1 = timeS: Time, Elapsed [seconds]
# name 2 = t090C: Temperature [ITS-90, deg C]
# name 3 = c0S/m: Conductivity [S/m]
# name 4 = sbeox0V: Oxygen raw, SBE 43 [V]
# name 5 = flC: Fluorescence, Chelsea Aqua 3 Chl Con [ug/l]
# name 6 = upoly0: Upoly 0, RINKOIII_DO
# name 7 = upoly1: Upoly 1, RINKOIII_Temp
# name 8 = potemp090C: Potential Temperature [ITS-90, deg C]
# name 9 = sal00: Salinity, Practical [PSU]
# name 10 = sigma-é00: Density [sigma-theta, kg/m^3]
# name 11 = sbeox0ML/L: Oxygen, SBE 43 [ml/l], WS = 2
# name 12 = sbox0Mm/Kg: Oxygen, SBE 43 [umol/kg], WS = 2
# name 13 = flag: flag
# span 0 =     -0.099,    407.891       
# span 1 =      0.479,   2029.125       
# span 2 =    13.6030,    24.4515       
# span 3 =   0.140446,   5.685798       
# span 4 =     2.4240,     4.0989       
# span 5 =    -0.2893,   216.7039       
# span 6 =  1.3149674,  1.8053012       
# span 7 =  13.594732,  24.247664       
# span 8 =    13.5430,    24.4515       
# span 9 =     0.7149,    38.6637       
# span 10 =    -2.2076,    29.0880      
# span 11 =     3.6923,     6.7513      
# span 12 =    160.241,    293.183      
# span 13 = 0.0000e+00, 0.0000e+00      
# interval = seconds: 1                 
# start_time = Aug 18 2021 08:40:37 [NMEA time, header]
# bad_flag = -9.990e-29
*END*
[from data line 1446]
     72.250   1446.479    13.6214   4.528755     2.8348     0.2377  1.6759260  13.606359    13.6108    38.4941    28.9742     4.3862    190.372 0.0000e+00
     71.611   1447.479    13.6216   4.528669     2.8313     0.2447  1.6756207  13.609778    13.6112    38.4933    28.9735     4.3725    189.777 0.0000e+00
     71.179   1448.479    13.6218   4.528733     2.8292     0.2389  1.6755698  13.609094    13.6114    38.4939    28.9740     4.3836    190.258 0.0000e+00
     70.452   1449.479    13.6222   4.528735     2.8332     0.2269  1.6753663  13.604991    13.6119    38.4939    28.9738     4.4037    191.131 0.0000e+00
     68.992   1450.479    13.6242   4.528767     2.8386     0.2216  1.6749593  13.602255    13.6141    38.4928    28.9725     4.4080    191.320 0.0000e+00
     67.987   1451.479    13.6255   4.528814     2.8392     0.2245  1.6750102  13.609094    13.6156    38.4925    28.9719     4.3935    190.690 0.0000e+00
     68.503   1452.479    13.6234   4.528656     2.8369     0.2283  1.6750102  13.603623    13.6134    38.4928    28.9727     4.3891    190.499 0.0000e+00
     69.354   1453.479    13.6228   4.528621     2.8364     0.2302  1.6748067  13.605675    13.6127    38.4927    28.9727     4.3894    190.510 0.0000e+00
     69.354   1454.479    13.6235   4.528697     2.8352     0.2266  1.6743997  13.603623    13.6134    38.4927    28.9726     4.3876    190.434 0.0000e+00
     68.979   1455.479    13.6241   4.528700     2.8345     0.2438  1.6742471  13.604991    13.6141    38.4922    28.9721     4.3902    190.547 0.0000e+00
     68.910   1456.479    13.6243   4.528703     2.8359     0.2434  1.6744506  13.608410    13.6143    38.4921    28.9719     4.3968    190.833 0.0000e+00
     69.145   1457.479    13.6245   4.528753     2.8377     0.2522  1.6746032  13.610462    13.6144    38.4923    28.9720     4.4006    190.999 0.0000e+00
     69.651   1458.479    13.6234   4.528678     2.8391     0.2538  1.6746541  13.607726    13.6132    38.4925    28.9725     4.4027    191.090 0.0000e+00
     70.357   1459.479    13.6225   4.528678     2.8402     0.2412  1.6745014  13.609778    13.6122    38.4931    28.9731     4.4042    191.156 0.0000e+00
     70.984   1460.479    13.6233   4.528715     2.8410     0.2502  1.6749085  13.607726    13.6129    38.4923    28.9724     4.4008    191.006 0.0000e+00
     71.155   1461.479    13.6234   4.528776     2.8384     0.2490  1.6743997  13.604307    13.6130    38.4927    28.9727     4.3901    190.540 0.0000e+00
     70.865   1462.479    13.6236   4.528780     2.8371     0.2476  1.6742471  13.605675    13.6133    38.4927    28.9726     4.3945    190.734 0.0000e+00
     71.326   1463.479    13.6236   4.528799     2.8377     0.2506  1.6745523  13.607043    13.6132    38.4927    28.9726     4.3945    190.731 0.0000e+00
     72.046   1464.479    13.6231   4.528708     2.8355     0.2428  1.6745523  13.607726    13.6126    38.4920    28.9722     4.3866    190.390 0.0000e+00
     72.331   1465.479    13.6235   4.528770     2.8351     0.2448  1.6744506  13.604991    13.6129    38.4921    28.9722     4.3979    190.878 0.0000e+00
     72.157   1466.479    13.6242   4.528859     2.8379     0.2490  1.6746032  13.604991    13.6137    38.4923    28.9722     4.4028    191.091 0.0000e+00
     71.676   1467.479    13.6242   4.528813     2.8385     0.2538  1.6742471  13.601572    13.6137    38.4921    28.9720     4.3992    190.936 0.0000e+00
     71.111   1468.479    13.6243   4.528801     2.8386     0.2477  1.6743997  13.604307    13.6139    38.4921    28.9720     4.4013    191.030 0.0000e+00
     70.817   1469.479    13.6240   4.528786     2.8402     0.2372  1.6745523  13.609094    13.6137    38.4924    28.9723     4.4058    191.222 0.0000e+00
     71.020   1470.479    13.6243   4.528791     2.8411     0.2345  1.6745523  13.605675    13.6139    38.4921    28.9720     4.4030    191.103 0.0000e+00
     71.611   1471.479    13.6241   4.528799     2.8399     0.2418  1.6742471  13.603623    13.6136    38.4920    28.9720     4.3943    190.724 0.0000e+00
     72.142   1472.479    13.6236   4.528746     2.8376     0.2561  1.6743997  13.607726    13.6131    38.4918    28.9719     4.3937    190.699 0.0000e+00
     72.384   1473.479    13.6240   4.528804     2.8380     0.2534  1.6745523  13.609094    13.6134    38.4918    28.9719     4.3990    190.929 0.0000e+00
     72.205   1474.479    13.6245   4.528841     2.8380     0.2467  1.6740944  13.605675    13.6140    38.4918    28.9718     4.3969    190.837 0.0000e+00
     71.509   1475.479    13.6244   4.528780     2.8375     0.2514  1.6743488  13.602939    13.6140    38.4916    28.9716     4.3954    190.773 0.0000e+00
     70.747   1476.479    13.6245   4.528779     2.8379     0.2499  1.6743997  13.604307    13.6142    38.4918    28.9717     4.3984    190.899 0.0000e+00
     70.764   1477.479    13.6244   4.528770     2.8382     0.2443  1.6742979  13.602939    13.6140    38.4919    28.9718     4.3989    190.925 0.0000e+00
     71.671   1478.479    13.6236   4.528720     2.8388     0.2443  1.6742979  13.604307    13.6132    38.4917    28.9719     4.3985    190.907 0.0000e+00
     72.094   1479.479    13.6240   4.528776     2.8385     0.2392  1.6742979  13.607043    13.6135    38.4917    28.9718     4.4019    191.053 0.0000e+00
     71.951   1480.479    13.6242   4.528778     2.8404     0.2472  1.6741962  13.604991    13.6137    38.4916    28.9716     4.4075    191.296 0.0000e+00
     71.938   1481.479    13.6243   4.528805     2.8413     0.2561  1.6739927  13.607043    13.6138    38.4917    28.9717     4.4049    191.185 0.0000e+00
     71.607   1482.479    13.6243   4.528759     2.8413     0.2581  1.6739418  13.604991    13.6138    38.4915    28.9715     4.4044    191.162 0.0000e+00
     71.025   1483.479    13.6241   4.528718     2.8414     0.2443  1.6738401  13.607043    13.6137    38.4916    28.9716     4.4022    191.065 0.0000e+00
     71.157   1484.479    13.6242   4.528735     2.8405     0.2364  1.6739418  13.607726    13.6138    38.4916    28.9716     4.4002    190.979 0.0000e+00
     71.953   1485.479    13.6236   4.528722     2.8404     0.2200  1.6739418  13.604307    13.6131    38.4917    28.9718     4.4015    191.037 0.0000e+00
     72.024   1486.479    13.6242   4.528755     2.8396     0.2195  1.6741453  13.606359    13.6137    38.4913    28.9714     4.3991    190.931 0.0000e+00
     71.603   1487.479    13.6243   4.528747     2.8394     0.2285  1.6738401  13.604307    13.6138    38.4914    28.9715     4.3972    190.851 0.0000e+00
     71.428   1488.479    13.6240   4.528733     2.8379     0.2400  1.6739927  13.605675    13.6136    38.4916    28.9717     4.3957    190.783 0.0000e+00
     71.575   1489.479    13.6240   4.528733     2.8389     0.2493  1.6738909  13.603623    13.6136    38.4915    28.9716     4.4023    191.069 0.0000e+00
     71.644   1490.479    13.6240   4.528750     2.8393     0.2480  1.6740944  13.607726    13.6136    38.4916    28.9717     4.3984    190.899 0.0000e+00
     71.492   1491.479    13.6241   4.528738     2.8376     0.2524  1.6740944  13.604991    13.6137    38.4915    28.9716     4.3885    190.471 0.0000e+00
     71.529   1492.479    13.6241   4.528736     2.8357     0.2476  1.6738401  13.607726    13.6137    38.4915    28.9716     4.3926    190.648 0.0000e+00
     71.829   1493.479    13.6238   4.528725     2.8373     0.2498  1.6739927  13.607726    13.6133    38.4916    28.9717     4.4056    191.216 0.0000e+00
     71.963   1494.479    13.6240   4.528766     2.8409     0.2456  1.6738909  13.609094    13.6135    38.4916    28.9717     4.4102    191.414 0.0000e+00
     71.508   1495.479    13.6242   4.528723     2.8411     0.2426  1.6739927  13.602939    13.6138    38.4912    28.9714     4.4022    191.068 0.0000e+00
     71.108   1496.479    13.6237   4.528668     2.8410     0.2448  1.6738401  13.604307    13.6133    38.4915    28.9716     4.4071    191.278 0.0000e+00
     71.592   1497.479    13.6239   4.528734     2.8431     0.2351  1.6737383  13.605675    13.6135    38.4916    28.9717     4.4122    191.502 0.0000e+00
     72.130   1498.479    13.6242   4.528775     2.8431     0.2521  1.6738909  13.602255    13.6137    38.4914    28.9715     4.4024    191.074 0.0000e+00
     71.675   1499.479    13.6241   4.528730     2.8403     0.2557  1.6737892  13.602255    13.6137    38.4913    28.9714     4.3938    190.703 0.0000e+00
     71.173   1500.479    13.6235   4.528643     2.8386     0.2519  1.6739418  13.606359    13.6131    38.4914    28.9716     4.3974    190.857 0.0000e+00
     71.430   1501.479    13.6237   4.528698     2.8396     0.2437  1.6737892  13.605675    13.6133    38.4915    28.9717     4.4055    191.209 0.0000e+00
     71.824   1502.479    13.6239   4.528738     2.8416     0.2409  1.6737383  13.603623    13.6134    38.4915    28.9717     4.4124    191.509 0.0000e+00
     71.728   1503.479    13.6241   4.528734     2.8433     0.2424  1.6737383  13.601572    13.6136    38.4914    28.9715     4.4064    191.248 0.0000e+00
     71.604   1504.479    13.6240   4.528724     2.8412     0.2718  1.6737892  13.603623    13.6136    38.4914    28.9716     4.4006    190.998 0.0000e+00
     71.665   1505.479    13.6236   4.528701     2.8414     0.2526  1.6738909  13.609094    13.6132    38.4915    28.9717     4.4034    191.117 0.0000e+00
     71.742   1506.479    13.6236   4.528695     2.8405     0.2503  1.6738401  13.608410    13.6131    38.4915    28.9717     4.3991    190.934 0.0000e+00
     71.603   1507.479    13.6237   4.528692     2.8400     0.2708  1.6737892  13.605675    13.6133    38.4914    28.9716     4.4070    191.275 0.0000e+00
     71.465   1508.479    13.6235   4.528657     2.8434     0.2609  1.6736874  13.604991    13.6131    38.4913    28.9716     4.4126    191.520 0.0000e+00
     71.616   1509.479    13.6240   4.528723     2.8416     0.2498  1.6737383  13.607726    13.6136    38.4914    28.9715     4.3896    190.521 0.0000e+00
     71.685   1510.479    13.6244   4.528768     2.8359     0.2552  1.6738401  13.609094    13.6139    38.4914    28.9714     4.3824    190.208 0.0000e+00
     71.435   1511.479    13.6240   4.528717     2.8355     0.2586  1.6740944  13.605675    13.6136    38.4914    28.9716     4.3978    190.876 0.0000e+00
     71.540   1512.479    13.6243   4.528756     2.8385     0.2591  1.6737892  13.604991    13.6139    38.4914    28.9715     4.4052    191.199 0.0000e+00
     72.037   1513.479    13.6243   4.528785     2.8396     0.2713  1.6736366  13.606359    13.6138    38.4915    28.9716     4.4047    191.174 0.0000e+00
     71.928   1514.479    13.6245   4.528765     2.8409     0.2671  1.6738401  13.604307    13.6140    38.4912    28.9713     4.4041    191.149 0.0000e+00
     71.331   1515.479    13.6242   4.528705     2.8400     0.2650  1.6739927  13.605675    13.6138    38.4912    28.9713     4.3993    190.940 0.0000e+00
     71.135   1516.479    13.6240   4.528697     2.8400     0.2658  1.6739418  13.605675    13.6136    38.4914    28.9715     4.3979    190.881 0.0000e+00
     71.449   1517.479    13.6241   4.528735     2.8380     0.2689  1.6736874  13.608410    13.6137    38.4915    28.9716     4.3950    190.756 0.0000e+00
     71.755   1518.479    13.6243   4.528763     2.8393     0.2548  1.6737383  13.606359    13.6138    38.4914    28.9715     4.4065    191.253 0.0000e+00
     72.021   1519.479    13.6243   4.528785     2.8411     0.2364  1.6739418  13.609094    13.6138    38.4915    28.9716     4.4082    191.326 0.0000e+00
     72.084   1520.479    13.6245   4.528812     2.8422     0.2329  1.6736874  13.604991    13.6140    38.4915    28.9715     4.4111    191.453 0.0000e+00
     71.537   1521.479    13.6244   4.528751     2.8441     0.2387  1.6741453  13.604991    13.6140    38.4913    28.9714     4.4113    191.461 0.0000e+00
     71.040   1522.479    13.6240   4.528697     2.8430     0.2356  1.6738401  13.606359    13.6136    38.4914    28.9716     4.4013    191.026 0.0000e+00
     71.454   1523.479    13.6243   4.528748     2.8409     0.2399  1.6737892  13.603623    13.6139    38.4914    28.9715     4.3940    190.710 0.0000e+00
     71.881   1524.479    13.6244   4.528776     2.8377     0.2519  1.6738401  13.605675    13.6139    38.4914    28.9715     4.3906    190.562 0.0000e+00
     71.582   1525.479    13.6245   4.528763     2.8374     0.2558  1.6738909  13.604991    13.6140    38.4913    28.9714     4.4002    190.979 0.0000e+00
     71.340   1526.479    13.6242   4.528726     2.8398     0.2454  1.6739418  13.606359    13.6138    38.4913    28.9715     4.4051    191.195 0.0000e+00
     71.358   1527.479    13.6240   4.528717     2.8399     0.2481  1.6739927  13.606359    13.6137    38.4914    28.9715     4.4031    191.107 0.0000e+00
     71.361   1528.479    13.6242   4.528741     2.8413     0.2631  1.6738909  13.604307    13.6138    38.4915    28.9716     4.4063    191.246 0.0000e+00
     70.964   1529.479    13.6245   4.528722     2.8409     0.2526  1.6739418  13.601572    13.6141    38.4912    28.9713     4.3964    190.814 0.0000e+00
     70.193   1530.479    13.6243   4.528655     2.8379     0.2442  1.6739927  13.603623    13.6141    38.4911    28.9712     4.3889    190.491 0.0000e+00
     69.482   1531.479    13.6240   4.528583     2.8370     0.2489  1.6738909  13.603623    13.6138    38.4911    28.9712     4.3971    190.847 0.0000e+00
     68.944   1532.479    13.6232   4.528438     2.8393     0.2513  1.6735857  13.608410    13.6132    38.4907    28.9711     4.4048    191.181 0.0000e+00
     68.389   1533.479    13.6221   4.528243     2.8402     0.2639  1.6739927  13.603623    13.6122    38.4902    28.9709     4.4015    191.036 0.0000e+00
     67.862   1534.479    13.6219   4.528173     2.8402     0.2592  1.6738909  13.602255    13.6120    38.4900    28.9708     4.3992    190.936 0.0000e+00
     67.521   1535.479    13.6220   4.528184     2.8403     0.2438  1.6736366  13.602255    13.6122    38.4901    28.9708     4.4045    191.167 0.0000e+00
     67.104   1536.479    13.6226   4.528246     2.8425     0.2376  1.6734331  13.604991    13.6128    38.4903    28.9709     4.4081    191.322 0.0000e+00
     66.507   1537.479    13.6244   4.528418     2.8421     0.2506  1.6735857  13.603623    13.6147    38.4904    28.9705     4.3908    190.574 0.0000e+00
     65.716   1538.479    13.6257   4.528533     2.8361     0.2599  1.6737892  13.604307    13.6161    38.4906    28.9704     4.3796    190.086 0.0000e+00
     64.831   1539.479    13.6314   4.529093     2.8366     0.2672  1.6738401  13.603623    13.6220    38.4905    28.9691     4.3986    190.912 0.0000e+00
     64.028   1540.479    13.6334   4.529125     2.8403     0.2650  1.6735857  13.612514    13.6240    38.4893    28.9676     4.4070    191.276 0.0000e+00
     63.514   1541.479    13.6342   4.529165     2.8423     0.2652  1.6738401  13.615933    13.6250    38.4890    28.9672     4.4011    191.019 0.0000e+00
     63.183   1542.479    13.6341   4.529118     2.8408     0.2797  1.6745523  13.615933    13.6249    38.4888    28.9671     4.3936    190.693 0.0000e+00
     62.724   1543.479    13.6309   4.528863     2.8403     0.2796  1.6741962  13.615933    13.6218    38.4898    28.9685     4.3951    190.761 0.0000e+00
     62.026   1544.479    13.6359   4.529238     2.8398     0.2855  1.6747050  13.616617    13.6268    38.4887    28.9667     4.3901    190.541 0.0000e+00
     61.125   1545.479    13.6385   4.529439     2.8375     0.2980  1.6751120  13.616617    13.6296    38.4884    28.9658     4.3818    190.183 0.0000e+00
     60.356   1546.479    13.6423   4.529689     2.8355     0.2943  1.6752137  13.617301    13.6335    38.4873    28.9641     4.3794    190.079 0.0000e+00
     60.070   1547.479    13.6395   4.529451     2.8343     0.3076  1.6752646  13.619352    13.6307    38.4880    28.9653     4.3796    190.087 0.0000e+00
