Boussole/Data/SBEMOOSE/Work/cnv/bous232_03.cnv
* Sea-Bird SBE 9 Data File:
* FileName = C:\boussole\202107\bous232_03.hdr
* Software Version Seasave V 7.23.2
* Temperature SN = 2473
* Conductivity SN = 2929
* Number of Bytes Per Scan = 24
* Number of Voltage Words = 4
* Number of Scans Averaged by the Deck Unit = 1
* NMEA baud rate = 4800
** Campagne = BOUSSOLE 232
** Navire = Tethys II
** Station = BOUS232_03
** Date = 12/07/2021
** Heure debut [TU] = 13:49
** Heure fin [TU] = 14:03
** Heure locale / TU = +2
** Latitude = 43 21.969 N
** Longitude = 007 53.795 E
** Heure meteo [TU] = 13:50
** T air sec [deg C] = 23.6
** T mer [deg C] = 23.23
** Vent [noeuds, degres] = 16.7, 50
** Pression atm [hpa] = 1010.8
** Humidite [%] = 85
** Nebulosite [octas] = 3
** Etat de la mer [code S] = 2-3
# nquan = 14
# nvalues = 827                         
# units = specified
# name 0 = prDM: Pressure, Digiquartz [db]
# name 1 = timeS: Time, Elapsed [seconds]
# name 2 = t090C: Temperature [ITS-90, deg C]
# name 3 = c0S/m: Conductivity [S/m]
# name 4 = sbeox0V: Oxygen raw, SBE 43 [V]
# name 5 = flC: Fluorescence, Chelsea Aqua 3 Chl Con [ug/l]
# name 6 = upoly0: Upoly 0, RINKOIII_DO
# name 7 = upoly1: Upoly 1, RINKOIII_Temp
# name 8 = potemp090C: Potential Temperature [ITS-90, deg C]
# name 9 = sal00: Salinity, Practical [PSU]
# name 10 = sigma-é00: Density [sigma-theta, kg/m^3]
# name 11 = sbeox0ML/L: Oxygen, SBE 43 [ml/l], WS = 2
# name 12 = sbox0Mm/Kg: Oxygen, SBE 43 [umol/kg], WS = 2
# name 13 = flag: flag
# span 0 =      0.136,    101.335       
# span 1 =      0.479,    826.229       
# span 2 =    13.5775,    23.2958       
# span 3 =   4.524254,   5.557733       
# span 4 =     2.8067,     4.0260       
# span 5 =     0.1454,     2.2889       
# span 6 =  1.3328754,  1.7033985       
# span 7 =  13.582421,  23.288631       
# span 8 =    13.5646,    23.2958       
# span 9 =    38.2344,    38.5287       
# span 10 =    26.3566,    28.9930      
# span 11 =     4.3443,     6.3935      
# span 12 =    188.549,    277.715      
# span 13 = 0.0000e+00, 0.0000e+00      
# interval = seconds: 1                 
# start_time = Jul 12 2021 13:48:56 [System UTC, header]
# bad_flag = -9.990e-29
*END*
[from data line 104]
     49.577    104.479    13.6512   4.525486     2.9225     1.5822  1.6642756  13.731481    13.6439    38.4432    28.9277     4.5499    197.487 0.0000e+00
     49.933    105.479    13.6506   4.525456     2.9215     1.2784  1.6659036  13.708239    13.6433    38.4433    28.9279     4.5494    197.465 0.0000e+00
     50.471    106.479    13.6513   4.525586     2.9208     1.0811  1.6669720  13.717126    13.6440    38.4436    28.9280     4.5459    197.313 0.0000e+00
     51.211    107.479    13.6494   4.525493     2.9189     0.8727  1.6678368  13.705505    13.6419    38.4442    28.9289     4.5426    197.170 0.0000e+00
     51.581    108.479    13.6430   4.525092     2.9183     0.7234  1.6679895  13.719860    13.6355    38.4467    28.9322     4.5477    197.390 0.0000e+00
     51.911    109.479    13.6416   4.525042     2.9190     0.6764  1.6687526  13.689781    13.6341    38.4475    28.9331     4.5479    197.400 0.0000e+00
     52.645    110.479    13.6408   4.525096     2.9178     0.6033  1.6686000  13.685679    13.6331    38.4485    28.9341     4.5443    197.243 0.0000e+00
     53.239    111.479    13.6380   4.525028     2.9182     0.5556  1.6687526  13.694566    13.6303    38.4504    28.9362     4.5516    197.558 0.0000e+00
     53.587    112.479    13.6367   4.524971     2.9192     0.5380  1.6692613  13.682944    13.6289    38.4510    28.9370     4.5528    197.609 0.0000e+00
     54.145    113.479    13.6376   4.525140     2.9202     0.5353  1.6690578  13.690464    13.6297    38.4515    28.9371     4.5549    197.699 0.0000e+00
     54.661    114.479    13.6362   4.525099     2.9200     0.5095  1.6686000  13.688413    13.6283    38.4522    28.9380     4.5513    197.546 0.0000e+00
     55.123    115.479    13.6350   4.525080     2.9203     0.4906  1.6691596  13.681576    13.6270    38.4530    28.9390     4.5571    197.795 0.0000e+00
     55.734    116.479    13.6348   4.525240     2.9216     0.4676  1.6693122  13.679526    13.6267    38.4545    28.9401     4.5571    197.795 0.0000e+00
     56.344    117.479    13.6306   4.525078     2.9209     0.4627  1.6690070  13.690464    13.6224    38.4569    28.9429     4.5566    197.775 0.0000e+00
     56.701    118.479    13.6293   4.525015     2.9218     0.4411  1.6690070  13.674056    13.6210    38.4575    28.9436     4.5598    197.911 0.0000e+00
     57.127    119.479    13.6287   4.525019     2.9223     0.4248  1.6689052  13.665851    13.6203    38.4580    28.9442     4.5607    197.952 0.0000e+00
     57.808    120.479    13.6289   4.525107     2.9223     0.4069  1.6683456  13.674056    13.6204    38.4583    28.9444     4.5587    197.866 0.0000e+00
     58.375    121.479    13.6267   4.524960     2.9221     0.3883  1.6682947  13.670637    13.6182    38.4589    28.9453     4.5570    197.792 0.0000e+00
     58.756    122.479    13.6256   4.524907     2.9201     0.3893  1.6681930  13.662433    13.6170    38.4592    28.9458     4.5501    197.491 0.0000e+00
     59.255    123.479    13.6248   4.524970     2.9193     0.3800  1.6679895  13.659014    13.6162    38.4604    28.9470     4.5534    197.633 0.0000e+00
     59.879    124.479    13.6227   4.524874     2.9191     0.3745  1.6677351  13.665851    13.6140    38.4613    28.9481     4.5557    197.734 0.0000e+00
     60.292    125.479    13.6185   4.524536     2.9198     0.3635  1.6683456  13.664484    13.6097    38.4621    28.9497     4.5608    197.954 0.0000e+00
     60.699    126.479    13.6186   4.524662     2.9211     0.3657  1.6686508  13.648757    13.6097    38.4631    28.9504     4.5615    197.986 0.0000e+00
     61.321    127.479    13.6192   4.524795     2.9214     0.3496  1.6681421  13.650124    13.6103    38.4634    28.9505     4.5633    198.064 0.0000e+00
     61.864    128.479    13.6163   4.524582     2.9225     0.3383  1.6684473  13.659697    13.6073    38.4641    28.9517     4.5629    198.047 0.0000e+00
     62.326    129.479    13.6161   4.524604     2.9209     0.3418  1.6687017  13.645338    13.6070    38.4643    28.9519     4.5523    197.585 0.0000e+00
     62.820    130.479    13.6168   4.524743     2.9181     0.3428  1.6685491  13.648073    13.6077    38.4647    28.9521     4.5481    197.403 0.0000e+00
     63.362    131.479    13.6165   4.524753     2.9167     0.3378  1.6682947  13.649441    13.6073    38.4648    28.9523     4.5487    197.431 0.0000e+00
     63.914    132.479    13.6163   4.524791     2.9162     0.3138  1.6680403  13.651492    13.6070    38.4652    28.9526     4.5521    197.576 0.0000e+00
     64.346    133.479    13.6162   4.524822     2.9169     0.3089  1.6683456  13.646705    13.6068    38.4654    28.9528     4.5590    197.875 0.0000e+00
     64.836    134.479    13.6170   4.525017     2.9195     0.3119  1.6685491  13.637132    13.6075    38.4662    28.9533     4.5673    198.237 0.0000e+00
     65.420    135.479    13.6148   4.524893     2.9217     0.3125  1.6690070  13.649441    13.6052    38.4670    28.9544     4.5689    198.304 0.0000e+00
     65.794    136.479    13.6131   4.524938     2.9225     0.3073  1.6690578  13.644654    13.6035    38.4690    28.9563     4.5635    198.072 0.0000e+00
     66.335    137.479    13.6145   4.525223     2.9204     0.2978  1.6687526  13.634397    13.6048    38.4700    28.9568     4.5511    197.534 0.0000e+00
     67.037    138.479    13.6177   4.525850     2.9159     0.2899  1.6681930  13.636449    13.6080    38.4724    28.9580     4.5332    196.757 0.0000e+00
     67.307    139.479    13.6198   4.526323     2.9092     0.2853  1.6681930  13.648073    13.6100    38.4747    28.9593     4.5200    196.180 0.0000e+00
     67.622    140.479    13.6215   4.526638     2.9049     0.2816  1.6689052  13.637132    13.6116    38.4759    28.9599     4.5198    196.174 0.0000e+00
     68.241    141.479    13.6219   4.526769     2.9023     0.2939  1.6698718  13.652176    13.6120    38.4764    28.9603     4.5159    196.005 0.0000e+00
     68.825    142.479    13.6207   4.526658     2.8994     0.2842  1.6707367  13.649441    13.6106    38.4763    28.9605     4.5132    195.885 0.0000e+00
     69.360    143.479    13.6200   4.526632     2.8981     0.2907  1.6722121  13.643970    13.6099    38.4765    28.9608     4.5151    195.971 0.0000e+00
     69.807    144.479    13.6180   4.526476     2.8974     0.2891  1.6731787  13.637816    13.6078    38.4769    28.9615     4.5126    195.861 0.0000e+00
     70.231    145.479    13.6163   4.526348     2.8960     0.2823  1.6741453  13.632346    13.6061    38.4771    28.9621     4.5122    195.845 0.0000e+00
     70.829    146.479    13.6155   4.526315     2.8959     0.2886  1.6751628  13.636449    13.6051    38.4774    28.9625     4.5145    195.943 0.0000e+00
     71.330    147.479    13.6136   4.526398     2.8959     0.2843  1.6755698  13.636449    13.6032    38.4798    28.9648     4.5122    195.844 0.0000e+00
     71.669    148.479    13.6130   4.526372     2.8939     0.2794  1.6762821  13.629610    13.6026    38.4800    28.9651     4.5034    195.462 0.0000e+00
     72.261    149.479    13.6121   4.526324     2.8924     0.2744  1.6762821  13.633030    13.6016    38.4802    28.9654     4.5128    195.867 0.0000e+00
     72.814    150.479    13.6047   4.525470     2.8957     0.2915  1.6763330  13.631662    13.5941    38.4793    28.9663     4.5270    196.484 0.0000e+00
     73.242    151.479    13.5998   4.524987     2.8986     0.2778  1.6767400  13.622088    13.5891    38.4794    28.9674     4.5285    196.550 0.0000e+00
     73.814    152.479    13.5994   4.524976     2.8988     0.2756  1.6757733  13.624823    13.5887    38.4794    28.9676     4.5210    196.222 0.0000e+00
     74.294    153.479    13.5996   4.525153     2.8975     0.2699  1.6757225  13.626875    13.5888    38.4807    28.9686     4.5164    196.022 0.0000e+00
     74.629    154.479    13.6007   4.525398     2.8957     0.2739  1.6754681  13.613881    13.5898    38.4818    28.9691     4.5110    195.788 0.0000e+00
     75.088    155.479    13.6036   4.525852     2.8933     0.2726  1.6754681  13.615933    13.5927    38.4830    28.9695     4.4995    195.288 0.0000e+00
     75.721    156.479    13.6070   4.526360     2.8876     0.2748  1.6756716  13.616617    13.5960    38.4841    28.9696     4.4804    194.460 0.0000e+00
     76.370    157.479    13.6138   4.527530     2.8815     0.2727  1.6760277  13.624139    13.6027    38.4881    28.9713     4.4736    194.168 0.0000e+00
     76.608    158.479    13.6144   4.527678     2.8788     0.2692  1.6768417  13.630978    13.6032    38.4889    28.9718     4.4804    194.461 0.0000e+00
     76.967    159.479    13.6144   4.527761     2.8796     0.2642  1.6787241  13.625507    13.6032    38.4895    28.9722     4.4878    194.783 0.0000e+00
     77.801    160.479    13.6132   4.527695     2.8798     0.2458  1.6803521  13.622772    13.6018    38.4897    28.9727     4.4853    194.674 0.0000e+00
     78.238    161.479    13.6083   4.527236     2.8796     0.2462  1.6813187  13.628243    13.5969    38.4900    28.9740     4.4870    194.746 0.0000e+00
     78.396    162.479    13.6069   4.527076     2.8798     0.2453  1.6818783  13.617985    13.5955    38.4899    28.9742     4.4862    194.711 0.0000e+00
     79.045    163.479    13.6061   4.527001     2.8796     0.2295  1.6817766  13.615249    13.5945    38.4897    28.9743     4.4887    194.822 0.0000e+00
     79.893    164.479    13.6028   4.526653     2.8805     0.2312  1.6816748  13.614565    13.5912    38.4892    28.9746     4.4918    194.953 0.0000e+00
     80.298    165.479    13.5998   4.526304     2.8810     0.2446  1.6815222  13.615933    13.5881    38.4888    28.9749     4.4921    194.968 0.0000e+00
     80.605    166.479    13.5937   4.525610     2.8812     0.2448  1.6816239  13.613197    13.5819    38.4882    28.9758     4.4932    195.014 0.0000e+00
     81.123    167.479    13.5910   4.525371     2.8813     0.2418  1.6814204  13.613881    13.5791    38.4884    28.9766     4.4930    195.005 0.0000e+00
     81.749    168.479    13.5915   4.525465     2.8814     0.2442  1.6812169  13.602255    13.5796    38.4885    28.9765     4.4967    195.167 0.0000e+00
     82.325    169.479    13.5906   4.525390     2.8831     0.2396  1.6809626  13.603623    13.5786    38.4884    28.9767     4.5032    195.452 0.0000e+00
     82.771    170.479    13.5889   4.525232     2.8847     0.2397  1.6811152  13.598836    13.5768    38.4884    28.9771     4.5049    195.523 0.0000e+00
     83.246    171.479    13.5886   4.525234     2.8857     0.2511  1.6805556  13.598152    13.5765    38.4885    28.9772     4.5089    195.697 0.0000e+00
     83.794    172.479    13.5854   4.524864     2.8878     0.2464  1.6801994  13.598836    13.5732    38.4880    28.9775     4.5117    195.818 0.0000e+00
     84.333    173.479    13.5832   4.524649     2.8879     0.2259  1.6800977  13.598836    13.5709    38.4879    28.9779     4.5068    195.605 0.0000e+00
     84.839    174.479    13.5820   4.524556     2.8862     0.2386  1.6791311  13.590629    13.5696    38.4880    28.9783     4.5013    195.367 0.0000e+00
     85.349    175.479    13.5810   4.524513     2.8862     0.2404  1.6795381  13.587893    13.5685    38.4884    28.9788     4.5094    195.719 0.0000e+00
     85.947    176.479    13.5813   4.524582     2.8873     0.2401  1.6795889  13.585841    13.5688    38.4884    28.9788     4.5110    195.786 0.0000e+00
     86.452    177.479    13.5807   4.524553     2.8876     0.2445  1.6788767  13.589945    13.5681    38.4885    28.9790     4.5105    195.766 0.0000e+00
     86.827    178.479    13.5804   4.524539     2.8880     0.2383  1.6791819  13.583105    13.5677    38.4885    28.9791     4.5138    195.908 0.0000e+00
     87.476    179.479    13.5796   4.524482     2.8891     0.2398  1.6791311  13.584473    13.5668    38.4885    28.9793     4.5132    195.884 0.0000e+00
     88.184    180.479    13.5778   4.524440     2.8880     0.2462  1.6788258  13.586525    13.5649    38.4896    28.9805     4.5099    195.738 0.0000e+00
     88.514    181.479    13.5775   4.524484     2.8884     0.2455  1.6789276  13.587893    13.5646    38.4901    28.9810     4.5137    195.904 0.0000e+00
     88.849    182.479    13.5778   4.524576     2.8879     0.2363  1.6786732  13.582421    13.5649    38.4906    28.9813     4.5070    195.612 0.0000e+00
     89.450    183.479    13.5792   4.524794     2.8855     0.2134  1.6786223  13.583789    13.5662    38.4910    28.9813     4.4995    195.288 0.0000e+00
     90.030    184.479    13.5797   4.524986     2.8837     0.2042  1.6781644  13.584473    13.5666    38.4920    28.9820     4.5006    195.335 0.0000e+00
     90.676    185.479    13.5815   4.525261     2.8835     0.2227  1.6784697  13.584473    13.5683    38.4925    28.9820     4.5049    195.524 0.0000e+00
     91.209    186.479    13.5816   4.525328     2.8839     0.2218  1.6783680  13.596100    13.5684    38.4928    28.9823     4.5017    195.384 0.0000e+00
     91.399    187.479    13.5826   4.525500     2.8820     0.2185  1.6786732  13.590629    13.5693    38.4934    28.9825     4.4971    195.184 0.0000e+00
     91.901    188.479    13.5858   4.525968     2.8814     0.2147  1.6792837  13.589261    13.5724    38.4944    28.9826     4.4939    195.046 0.0000e+00
     92.647    189.479    13.5873   4.526213     2.8787     0.2176  1.6797925  13.592680    13.5738    38.4949    28.9827     4.4852    194.667 0.0000e+00
     93.038    190.479    13.5905   4.526755     2.8764     0.2047  1.6799959  13.594732    13.5769    38.4967    28.9834     4.4834    194.588 0.0000e+00
     93.400    191.479    13.5948   4.527424     2.8744     0.2229  1.6805047  13.587893    13.5812    38.4986    28.9840     4.4776    194.337 0.0000e+00
     94.031    192.479    13.5972   4.527768     2.8718     0.2224  1.6808608  13.598836    13.5835    38.4991    28.9839     4.4710    194.049 0.0000e+00
     94.735    193.479    13.6021   4.528550     2.8690     0.2122  1.6815731  13.598836    13.5883    38.5014    28.9847     4.4664    193.849 0.0000e+00
     95.106    194.479    13.6036   4.528809     2.8666     0.2046  1.6824888  13.606359    13.5897    38.5021    28.9849     4.4574    193.463 0.0000e+00
     95.315    195.479    13.6072   4.529417     2.8622     0.1984  1.6834046  13.600888    13.5933    38.5042    28.9858     4.4490    193.094 0.0000e+00
     95.814    196.479    13.6130   4.530299     2.8593     0.2006  1.6840660  13.609094    13.5990    38.5065    28.9863     4.4416    192.774 0.0000e+00
     96.129    197.479    13.6142   4.530492     2.8549     0.2088  1.6845747  13.615249    13.6002    38.5070    28.9864     4.4317    192.343 0.0000e+00
     96.512    198.479    13.6199   4.531403     2.8510     0.2001  1.6858975  13.615249    13.6058    38.5098    28.9874     4.4216    191.904 0.0000e+00
     97.306    199.479    13.6254   4.532232     2.8454     0.2068  1.6871184  13.615933    13.6112    38.5118    28.9879     4.4026    191.079 0.0000e+00
     97.910    200.479    13.6352   4.533788     2.8373     0.2013  1.6885429  13.626875    13.6209    38.5165    28.9894     4.3833    190.245 0.0000e+00
     98.300    201.479    13.6420   4.534842     2.8304     0.2088  1.6898657  13.630978    13.6276    38.5194    28.9903     4.3749    189.879 0.0000e+00
     98.797    202.479    13.6510   4.536184     2.8258     0.2107  1.6919516  13.641919    13.6365    38.5230    28.9911     4.3702    189.674 0.0000e+00
     99.508    203.479    13.6526   4.536444     2.8216     0.2077  1.6943427  13.647389    13.6380    38.5235    28.9912     4.3659    189.489 0.0000e+00
    100.102    204.479    13.6523   4.536453     2.8199     0.1928  1.6964794  13.650124    13.6376    38.5237    28.9914     4.3679    189.572 0.0000e+00
    100.262    205.479    13.6519   4.536413     2.8182     0.1913  1.6977513  13.652860    13.6372    38.5235    28.9914     4.3672    189.544 0.0000e+00
