Boussole/Data/SBEMOOSE/Work/cnv/bous227_01.cnv
* Sea-Bird SBE 9 Data File:
* FileName = C:\boussole\202102\bous227_01.hdr
* Software Version Seasave V 7.23.2
* Temperature SN = 2473
* Conductivity SN = 2929
* Number of Bytes Per Scan = 37
* Number of Voltage Words = 4
* Number of Scans Averaged by the Deck Unit = 1
* NMEA Latitude = 43 22.03 N
* NMEA Longitude = 007 53.87 E
* NMEA UTC (Time) = Feb 15 2021  09:50:37
* NMEA baud rate = 4800
** Campagne = BOUSSOLE 227
** Navire = Tethys II
** Station = BOUS227_01
** Date = 15/02/2021
** Heure debut [TU] = 09:50
** Heure fin [TU] = 12:14
** Heure locale / TU = +0
** Latitude = 43 22.052 N
** Longitude = 007 54.578 E
** Heure meteo [TU] = 11:40
** T air sec [deg C] = 12
** T mer [deg C] = 15.032
** Vent [noeuds, degres] = 9, 281
** Pression atm [hpa] = 1000.4
** Humidite [%] = 70
** Nebulosite [octas] = 7
** Etat de la mer [code S] = 3
# nquan = 14
# nvalues = 2364                        
# units = specified
# name 0 = prDM: Pressure, Digiquartz [db]
# name 1 = timeS: Time, Elapsed [seconds]
# name 2 = t090C: Temperature [ITS-90, deg C]
# name 3 = c0S/m: Conductivity [S/m]
# name 4 = sbeox0V: Oxygen raw, SBE 43 [V]
# name 5 = flC: Fluorescence, Chelsea Aqua 3 Chl Con [ug/l]
# name 6 = upoly0: Upoly 0, RINKOIII_DO
# name 7 = upoly1: Upoly 1, RINKOIII_Temp
# name 8 = potemp090C: Potential Temperature [ITS-90, deg C]
# name 9 = sal00: Salinity, Practical [PSU]
# name 10 = sigma-é00: Density [sigma-theta, kg/m^3]
# name 11 = sbeox0ML/L: Oxygen, SBE 43 [ml/l], WS = 2
# name 12 = sbox0Mm/Kg: Oxygen, SBE 43 [umol/kg], WS = 2
# name 13 = flag: flag
# span 0 =      0.344,    402.253       
# span 1 =      0.479,   2363.458       
# span 2 =    12.8924,    13.8210       
# span 3 =   0.672365,   4.571888       
# span 4 =     2.2551,     2.8115       
# span 5 =    -0.2893,     2.7235       
# span 6 =  1.5519456,  1.8405575       
# span 7 =  12.287805,  13.799827       
# span 8 =    12.8924,    13.7861       
# span 9 =     4.8929,    38.6486       
# span 10 =     3.1624,    29.0835      
# span 11 =     3.3735,     4.9922      
# span 12 =    146.406,    221.936      
# span 13 = 0.0000e+00, 0.0000e+00      
# interval = seconds: 1                 
# start_time = Feb 15 2021 09:50:37 [NMEA time, header]
# bad_flag = -9.990e-29
*END*
[from data line 104]
     43.493    104.479    13.3593   4.495397     2.7775     0.5500  1.6436711  13.336062    13.3530    38.4528    28.9969     4.3442    188.543 0.0000e+00
     43.959    105.479    13.3594   4.495423     2.7770     0.5347  1.6439764  13.335377    13.3531    38.4528    28.9969     4.3408    188.396 0.0000e+00
     44.251    106.479    13.3594   4.495445     2.7767     0.5383  1.6435185  13.335377    13.3530    38.4528    28.9969     4.3417    188.437 0.0000e+00
     44.814    107.479    13.3594   4.495462     2.7767     0.5289  1.6439255  13.336062    13.3530    38.4527    28.9969     4.3423    188.461 0.0000e+00
     45.366    108.479    13.3590   4.495438     2.7762     0.5170  1.6443325  13.336062    13.3525    38.4526    28.9969     4.3402    188.373 0.0000e+00
     45.651    109.479    13.3590   4.495466     2.7759     0.5142  1.6441798  13.335377    13.3524    38.4528    28.9970     4.3421    188.454 0.0000e+00
     46.179    110.479    13.3592   4.495500     2.7766     0.5363  1.6443325  13.336747    13.3526    38.4526    28.9968     4.3446    188.561 0.0000e+00
     46.973    111.479    13.3592   4.495531     2.7766     0.5607  1.6441798  13.336747    13.3525    38.4525    28.9968     4.3421    188.452 0.0000e+00
     47.448    112.479    13.3584   4.495470     2.7759     0.5566  1.6439764  13.336747    13.3516    38.4526    28.9970     4.3412    188.416 0.0000e+00
     47.587    113.479    13.3586   4.495516     2.7758     0.5354  1.6441799  13.336062    13.3518    38.4527    28.9971     4.3429    188.486 0.0000e+00
     48.058    114.479    13.3594   4.495602     2.7760     0.5329  1.6439764  13.336062    13.3524    38.4526    28.9969     4.3416    188.430 0.0000e+00
     48.808    115.479    13.3606   4.495777     2.7750     0.5304  1.6442307  13.336747    13.3535    38.4527    28.9967     4.3365    188.210 0.0000e+00
     49.468    116.479    13.3608   4.495857     2.7728     0.5343  1.6440781  13.336062    13.3537    38.4529    28.9969     4.3295    187.906 0.0000e+00
     49.702    117.479    13.3607   4.495855     2.7711     0.5092  1.6442307  13.336062    13.3535    38.4529    28.9969     4.3305    187.948 0.0000e+00
     49.912    118.479    13.3607   4.495860     2.7704     0.5145  1.6442816  13.336062    13.3535    38.4529    28.9969     4.3313    187.985 0.0000e+00
     50.578    119.479    13.3608   4.495889     2.7706     0.5296  1.6442816  13.336062    13.3535    38.4528    28.9968     4.3345    188.122 0.0000e+00
     51.389    120.479    13.3615   4.496011     2.7712     0.5243  1.6440272  13.336062    13.3541    38.4529    28.9967     4.3369    188.226 0.0000e+00
     51.756    121.479    13.3613   4.496018     2.7720     0.5218  1.6441799  13.336747    13.3539    38.4529    28.9968     4.3381    188.279 0.0000e+00
     51.973    122.479    13.3611   4.496003     2.7724     0.5192  1.6439255  13.336062    13.3536    38.4529    28.9968     4.3411    188.408 0.0000e+00
     52.698    123.479    13.3616   4.496100     2.7741     0.5182  1.6444851  13.337431    13.3541    38.4529    28.9968     4.3445    188.559 0.0000e+00
     53.412    124.479    13.3615   4.496110     2.7744     0.5110  1.6445360  13.337431    13.3538    38.4529    28.9968     4.3398    188.353 0.0000e+00
     53.612    125.479    13.3616   4.496139     2.7727     0.5064  1.6442816  13.336062    13.3539    38.4529    28.9968     4.3389    188.313 0.0000e+00
     54.036    126.479    13.3558   4.495387     2.7745     0.5191  1.6443834  13.336062    13.3481    38.4514    28.9969     4.3510    188.841 0.0000e+00
     54.800    127.479    13.3484   4.494551     2.7772     0.5154  1.6442307  13.335377    13.3406    38.4505    28.9977     4.3550    189.011 0.0000e+00
     55.323    128.479    13.3465   4.494361     2.7773     0.5206  1.6437220  13.335377    13.3386    38.4503    28.9981     4.3475    188.686 0.0000e+00
     55.675    129.479    13.3522   4.495132     2.7754     0.5166  1.6437220  13.333323    13.3442    38.4518    28.9980     4.3428    188.484 0.0000e+00
     56.259    130.479    13.3563   4.495557     2.7752     0.5198  1.6435694  13.333323    13.3482    38.4516    28.9970     4.3467    188.655 0.0000e+00
     56.821    131.479    13.3519   4.495036     2.7756     0.5314  1.6432132  13.333323    13.3437    38.4507    28.9973     4.3478    188.703 0.0000e+00
     57.223    132.479    13.3509   4.494983     2.7752     0.5138  1.6435693  13.335377    13.3427    38.4510    28.9977     4.3462    188.633 0.0000e+00
     57.856    133.479    13.3521   4.495137     2.7751     0.5164  1.6432641  13.336747    13.3438    38.4510    28.9974     4.3481    188.714 0.0000e+00
     58.601    134.479    13.3481   4.494681     2.7759     0.5047  1.6432132  13.331269    13.3396    38.4504    28.9978     4.3510    188.839 0.0000e+00
     58.906    135.479    13.3479   4.494715     2.7760     0.5102  1.6434676  13.330584    13.3394    38.4507    28.9981     4.3505    188.818 0.0000e+00
     59.030    136.479    13.3513   4.495116     2.7763     0.5246  1.6431624  13.334008    13.3428    38.4511    28.9977     4.3519    188.879 0.0000e+00
     59.787    137.479    13.3491   4.494873     2.7768     0.5286  1.6430097  13.334693    13.3405    38.4506    28.9978     4.3522    188.893 0.0000e+00
     60.705    138.479    13.3491   4.494903     2.7764     0.5183  1.6429080  13.328530    13.3403    38.4505    28.9978     4.3496    188.777 0.0000e+00
     60.899    139.479    13.3494   4.494984     2.7755     0.5084  1.6425519  13.329215    13.3406    38.4508    28.9980     4.3459    188.620 0.0000e+00
     61.091    140.479    13.3505   4.495114     2.7742     0.5062  1.6425010  13.334008    13.3417    38.4509    28.9978     4.3471    188.672 0.0000e+00
     61.980    141.479    13.3490   4.494979     2.7752     0.5002  1.6430606  13.330584    13.3401    38.4507    28.9980     4.3511    188.844 0.0000e+00
     62.740    142.479    13.3493   4.495029     2.7748     0.4933  1.6427045  13.325791    13.3403    38.4505    28.9978     4.3492    188.762 0.0000e+00
     62.748    143.479    13.3493   4.495038     2.7751     0.4984  1.6428062  13.329899    13.3403    38.4506    28.9979     4.3499    188.794 0.0000e+00
     63.083    144.479    13.3498   4.495123     2.7751     0.5022  1.6426536  13.334693    13.3407    38.4508    28.9979     4.3511    188.844 0.0000e+00
     63.936    145.479    13.3525   4.495483     2.7756     0.5054  1.6426536  13.329215    13.3433    38.4511    28.9976     4.3531    188.929 0.0000e+00
     64.588    146.479    13.3482   4.494973     2.7759     0.5104  1.6426536  13.327160    13.3389    38.4503    28.9979     4.3530    188.925 0.0000e+00
     64.957    147.479    13.3474   4.494911     2.7758     0.5088  1.6420940  13.329899    13.3380    38.4503    28.9981     4.3528    188.917 0.0000e+00
     65.505    148.479    13.3475   4.494943     2.7761     0.5205  1.6423484  13.327845    13.3381    38.4502    28.9981     4.3567    189.089 0.0000e+00
     66.194    149.479    13.3478   4.495015     2.7772     0.5246  1.6423992  13.326476    13.3383    38.4503    28.9981     4.3561    189.062 0.0000e+00
     66.676    150.479    13.3482   4.495088     2.7759     0.5072  1.6425519  13.326476    13.3386    38.4504    28.9981     4.3487    188.740 0.0000e+00
     67.027    151.479    13.3486   4.495145     2.7743     0.4957  1.6424501  13.329215    13.3390    38.4504    28.9980     4.3484    188.725 0.0000e+00
     67.613    152.479    13.3487   4.495162     2.7742     0.5056  1.6423992  13.325791    13.3390    38.4502    28.9979     4.3506    188.821 0.0000e+00
     68.158    153.479    13.3476   4.495067     2.7740     0.5101  1.6423484  13.329215    13.3378    38.4501    28.9980     4.3496    188.779 0.0000e+00
     68.497    154.479    13.3457   4.494856     2.7734     0.5053  1.6425519  13.324421    13.3358    38.4499    28.9983     4.3487    188.742 0.0000e+00
     69.078    155.479    13.3454   4.494818     2.7731     0.5020  1.6423484  13.329215    13.3354    38.4496    28.9981     4.3491    188.758 0.0000e+00
     69.848    156.479    13.3451   4.494857     2.7732     0.5307  1.6422975  13.323737    13.3351    38.4498    28.9984     4.3517    188.871 0.0000e+00
     70.324    157.479    13.3487   4.495327     2.7737     0.5282  1.6422466  13.322367    13.3386    38.4505    28.9982     4.3520    188.883 0.0000e+00
     70.651    158.479    13.3488   4.495355     2.7736     0.5064  1.6421448  13.324421    13.3386    38.4505    28.9982     4.3499    188.794 0.0000e+00
     71.167    159.479    13.3491   4.495392     2.7730     0.5083  1.6419413  13.323052    13.3388    38.4504    28.9980     4.3476    188.692 0.0000e+00
     71.675    160.479    13.3483   4.495330     2.7720     0.5217  1.6416361  13.323737    13.3380    38.4503    28.9982     4.3453    188.595 0.0000e+00
     72.121    161.479    13.3481   4.495322     2.7707     0.5141  1.6419922  13.327160    13.3377    38.4503    28.9982     4.3428    188.485 0.0000e+00
     72.676    162.479    13.3478   4.495303     2.7702     0.5045  1.6418905  13.327845    13.3373    38.4502    28.9982     4.3467    188.654 0.0000e+00
     73.453    163.479    13.3475   4.495296     2.7715     0.5056  1.6419922  13.326476    13.3369    38.4501    28.9982     4.3522    188.890 0.0000e+00
     74.040    164.479    13.3450   4.495036     2.7724     0.4974  1.6422975  13.324421    13.3343    38.4498    28.9985     4.3543    188.981 0.0000e+00
     74.262    165.479    13.3461   4.495147     2.7734     0.4938  1.6422466  13.321682    13.3354    38.4497    28.9982     4.3552    189.023 0.0000e+00
     74.632    166.479    13.3446   4.495029     2.7734     0.4997  1.6419413  13.323737    13.3339    38.4498    28.9986     4.3533    188.940 0.0000e+00
     75.529    167.479    13.3444   4.495002     2.7737     0.4997  1.6422466  13.322367    13.3335    38.4494    28.9984     4.3554    189.031 0.0000e+00
     76.164    168.479    13.3423   4.494763     2.7736     0.4935  1.6423992  13.321682    13.3313    38.4490    28.9985     4.3518    188.874 0.0000e+00
     76.193    169.479    13.3448   4.495121     2.7719     0.5081  1.6420940  13.323737    13.3338    38.4499    28.9987     4.3465    188.646 0.0000e+00
     76.693    170.479    13.3435   4.494928     2.7711     0.5093  1.6421957  13.322367    13.3324    38.4491    28.9984     4.3489    188.749 0.0000e+00
     77.561    171.479    13.3422   4.494831     2.7708     0.5038  1.6421957  13.320313    13.3311    38.4490    28.9986     4.3502    188.803 0.0000e+00
     78.044    172.479    13.3411   4.494715     2.7716     0.5058  1.6418905  13.322367    13.3299    38.4488    28.9987     4.3574    189.117 0.0000e+00
     78.308    173.479    13.3417   4.494784     2.7738     0.5060  1.6421449  13.320998    13.3304    38.4488    28.9986     4.3589    189.184 0.0000e+00
     78.845    174.479    13.3420   4.494850     2.7730     0.5250  1.6420431  13.323737    13.3306    38.4488    28.9986     4.3529    188.924 0.0000e+00
     79.542    175.479    13.3421   4.494887     2.7728     0.5165  1.6418396  13.320998    13.3306    38.4488    28.9985     4.3553    189.025 0.0000e+00
     80.044    176.479    13.3418   4.494902     2.7725     0.5347  1.6418396  13.320313    13.3303    38.4489    28.9987     4.3546    188.995 0.0000e+00
     80.352    177.479    13.3417   4.494910     2.7731     0.4990  1.6417887  13.322367    13.3301    38.4490    28.9988     4.3588    189.177 0.0000e+00
     80.828    178.479    13.3410   4.494819     2.7737     0.4865  1.6418396  13.323737    13.3294    38.4486    28.9987     4.3589    189.181 0.0000e+00
     81.674    179.479    13.3430   4.495129     2.7738     0.4766  1.6420431  13.319628    13.3312    38.4492    28.9987     4.3588    189.178 0.0000e+00
     82.315    180.479    13.3423   4.495059     2.7741     0.4901  1.6418905  13.319628    13.3305    38.4489    28.9986     4.3600    189.229 0.0000e+00
     82.334    181.479    13.3425   4.495094     2.7739     0.5027  1.6414835  13.320313    13.3306    38.4491    28.9987     4.3552    189.021 0.0000e+00
     82.601    182.479    13.3426   4.495108     2.7720     0.5126  1.6418396  13.320313    13.3307    38.4489    28.9986     4.3525    188.904 0.0000e+00
     83.408    183.479    13.3416   4.495030     2.7722     0.5097  1.6416870  13.320313    13.3296    38.4488    28.9987     4.3557    189.044 0.0000e+00
     84.115    184.479    13.3402   4.494853     2.7719     0.5089  1.6415343  13.320313    13.3281    38.4482    28.9986     4.3570    189.100 0.0000e+00
     84.498    185.479    13.3385   4.494662     2.7728     0.4985  1.6413308  13.319628    13.3264    38.4479    28.9987     4.3605    189.252 0.0000e+00
     84.950    186.479    13.3385   4.494690     2.7729     0.5194  1.6415852  13.320313    13.3263    38.4480    28.9988     4.3592    189.195 0.0000e+00
     85.364    187.479    13.3398   4.494876     2.7733     0.5146  1.6414835  13.319628    13.3275    38.4483    28.9988     4.3596    189.214 0.0000e+00
     85.985    188.479    13.3409   4.495034     2.7730     0.4980  1.6415852  13.320313    13.3285    38.4484    28.9987     4.3588    189.179 0.0000e+00
     86.759    189.479    13.3408   4.495053     2.7727     0.5001  1.6412800  13.319628    13.3283    38.4483    28.9987     4.3582    189.150 0.0000e+00
     87.100    190.479    13.3423   4.495263     2.7725     0.5143  1.6412800  13.319628    13.3298    38.4487    28.9987     4.3568    189.093 0.0000e+00
     87.207    191.479    13.3411   4.495130     2.7718     0.5023  1.6414326  13.320313    13.3285    38.4486    28.9988     4.3562    189.067 0.0000e+00
     87.733    192.479    13.3405   4.495058     2.7715     0.5048  1.6413308  13.320998    13.3279    38.4483    28.9987     4.3570    189.100 0.0000e+00
     88.507    193.479    13.3402   4.495060     2.7721     0.5177  1.6414326  13.319628    13.3274    38.4483    28.9988     4.3606    189.258 0.0000e+00
     89.026    194.479    13.3399   4.495050     2.7720     0.5015  1.6410256  13.320313    13.3271    38.4482    28.9989     4.3560    189.057 0.0000e+00
     89.408    195.479    13.3391   4.494984     2.7708     0.4947  1.6412291  13.320313    13.3262    38.4482    28.9990     4.3565    189.077 0.0000e+00
     89.847    196.479    13.3393   4.495025     2.7719     0.5080  1.6413817  13.319628    13.3263    38.4482    28.9990     4.3639    189.401 0.0000e+00
     90.532    197.479    13.3398   4.495115     2.7733     0.5215  1.6410765  13.319628    13.3268    38.4482    28.9989     4.3657    189.477 0.0000e+00
     91.234    198.479    13.3391   4.495055     2.7738     0.5078  1.6411273  13.319628    13.3260    38.4481    28.9989     4.3650    189.447 0.0000e+00
     91.424    199.479    13.3393   4.495103     2.7739     0.5063  1.6410765  13.319628    13.3261    38.4482    28.9990     4.3625    189.337 0.0000e+00
     91.559    200.479    13.3395   4.495133     2.7730     0.5121  1.6412800  13.319628    13.3263    38.4482    28.9990     4.3613    189.287 0.0000e+00
     92.362    201.479    13.3388   4.495085     2.7728     0.5008  1.6411273  13.319628    13.3255    38.4481    28.9991     4.3609    189.267 0.0000e+00
     93.121    202.479    13.3366   4.494858     2.7723     0.5036  1.6410765  13.319628    13.3232    38.4478    28.9993     4.3616    189.301 0.0000e+00
     93.333    203.479    13.3365   4.494900     2.7724     0.5027  1.6411273  13.320313    13.3231    38.4482    28.9997     4.3641    189.408 0.0000e+00
     93.560    204.479    13.3367   4.494866     2.7734     0.5129  1.6409238  13.319628    13.3232    38.4476    28.9992     4.3674    189.552 0.0000e+00
     94.290    205.479    13.3341   4.494632     2.7741     0.5162  1.6412800  13.318259    13.3205    38.4476    28.9997     4.3695    189.641 0.0000e+00
