Boussole/Data/SBEMOOSE/Work/cnv/bous225_03.cnv
* Sea-Bird SBE 9 Data File:
* FileName = C:\boussole\202012\bous225_03.hdr
* Software Version Seasave V 7.23.2
* Temperature SN = 2473
* Conductivity SN = 2929
* Number of Bytes Per Scan = 37
* Number of Voltage Words = 4
* Number of Scans Averaged by the Deck Unit = 1
* NMEA Latitude = 43 21.70 N
* NMEA Longitude = 007 54.04 E
* NMEA UTC (Time) = Dec 09 2020  14:05:46
* NMEA baud rate = 4800
** Navire
** Station:
** Date
** Heure debut [TU]
** Heure fin [TU]
** Heure locale / TU = +0
** Latitude
** Longitude
** Heure meteo [TU]
** T air sec [deg C]
** T mer [deg C]
** Vent [noeuds, degres]
# nquan = 14
# nvalues = 1453                        
# units = specified
# name 0 = prDM: Pressure, Digiquartz [db]
# name 1 = timeS: Time, Elapsed [seconds]
# name 2 = t090C: Temperature [ITS-90, deg C]
# name 3 = c0S/m: Conductivity [S/m]
# name 4 = sbeox0V: Oxygen raw, SBE 43 [V]
# name 5 = flC: Fluorescence, Chelsea Aqua 3 Chl Con [ug/l]
# name 6 = upoly0: Upoly 0, RINKOIII_DO
# name 7 = upoly1: Upoly 1, RINKOIII_Temp
# name 8 = potemp090C: Potential Temperature [ITS-90, deg C]
# name 9 = sal00: Salinity, Practical [PSU]
# name 10 = sigma-é00: Density [sigma-theta, kg/m^3]
# name 11 = sbeox0ML/L: Oxygen, SBE 43 [ml/l], WS = 2
# name 12 = sbox0Mm/Kg: Oxygen, SBE 43 [umol/kg], WS = 2
# name 13 = flag: flag
# span 0 =     -0.133,    382.824       
# span 1 =      0.479,   1452.167       
# span 2 =    13.7352,    14.9712       
# span 3 =   4.511336,   4.618208       
# span 4 =     1.4300,     2.0562       
# span 5 =     0.1156,     1.9894       
# span 6 =  1.5370370,  1.8379121       
# span 7 =  13.713708,  14.955114       
# span 8 =    13.6789,    14.9696       
# span 9 =    37.0713,    38.6443       
# span 10 =    27.5835,    29.0747      
# span 11 =     3.2503,     5.5827      
# span 12 =    141.059,    242.471      
# span 13 = 0.0000e+00, 0.0000e+00      
# interval = seconds: 1                 
# start_time = Dec 09 2020 14:05:46 [NMEA time, header]
# bad_flag = -9.990e-29
*END*
[from data line 207]
    311.690    207.479    13.7860   4.572522     1.4755     0.1269  1.8274318  13.762240    13.7398    38.6365    29.0569     3.3839    146.857 0.0000e+00
    311.050    208.479    13.7879   4.572681     1.4788     0.1388  1.8271266  13.764290    13.7418    38.6364    29.0564     3.4113    148.046 0.0000e+00
    311.444    209.479    13.7878   4.572694     1.4804     0.1463  1.8270248  13.764290    13.7416    38.6364    29.0565     3.3978    147.460 0.0000e+00
    311.412    210.479    13.7879   4.572703     1.4795     0.1332  1.8270757  13.763606    13.7418    38.6364    29.0564     3.3958    147.373 0.0000e+00
    310.489    211.479    13.7878   4.572628     1.4803     0.1228  1.8270757  13.767024    13.7417    38.6362    29.0563     3.3978    147.462 0.0000e+00
    309.855    212.479    13.7875   4.572554     1.4802     0.1373  1.8269230  13.765657    13.7415    38.6361    29.0563     3.4033    147.701 0.0000e+00
    309.363    213.479    13.7874   4.572530     1.4828     0.1394  1.8268722  13.767024    13.7415    38.6362    29.0563     3.4204    148.443 0.0000e+00
    308.771    214.479    13.7871   4.572428     1.4839     0.1379  1.8267196  13.767707    13.7413    38.6358    29.0561     3.4120    148.078 0.0000e+00
    307.948    215.479    13.7868   4.572331     1.4840     0.1414  1.8268213  13.764290    13.7411    38.6355    29.0559     3.4000    147.557 0.0000e+00
    306.640    216.479    13.7869   4.572256     1.4814     0.1364  1.8265669  13.763606    13.7414    38.6353    29.0557     3.3905    147.146 0.0000e+00
    305.468    217.479    13.7866   4.572151     1.4822     0.1371  1.8266687  13.767707    13.7413    38.6352    29.0556     3.4129    148.116 0.0000e+00
    305.059    218.479    13.7862   4.572082     1.4842     0.1457  1.8263634  13.764290    13.7410    38.6350    29.0555     3.4151    148.212 0.0000e+00
    304.997    219.479    13.7862   4.572059     1.4842     0.1381  1.8263126  13.766340    13.7410    38.6349    29.0555     3.4038    147.724 0.0000e+00
    304.439    220.479    13.7860   4.571983     1.4833     0.1325  1.8263634  13.766340    13.7409    38.6346    29.0552     3.4017    147.632 0.0000e+00
    303.796    221.479    13.7857   4.571865     1.4834     0.1285  1.8260073  13.764973    13.7406    38.6341    29.0549     3.4105    148.014 0.0000e+00
    303.312    222.479    13.7855   4.571819     1.4854     0.1288  1.8254477  13.765657    13.7406    38.6340    29.0549     3.4223    148.525 0.0000e+00
    302.930    223.479    13.7854   4.571785     1.4857     0.1378  1.8256512  13.765657    13.7405    38.6340    29.0548     3.4139    148.161 0.0000e+00
    302.328    224.479    13.7852   4.571722     1.4867     0.1317  1.8249898  13.764290    13.7404    38.6339    29.0548     3.4226    148.538 0.0000e+00
    301.369    225.479    13.7847   4.571583     1.4879     0.1229  1.8252951  13.764973    13.7401    38.6335    29.0546     3.4256    148.667 0.0000e+00
    300.383    226.479    13.7838   4.571376     1.4882     0.1299  1.8251933  13.766340    13.7392    38.6329    29.0543     3.4182    148.345 0.0000e+00
    299.503    227.479    13.7834   4.571266     1.4875     0.1419  1.8250915  13.762923    13.7391    38.6326    29.0541     3.4081    147.910 0.0000e+00
    298.669    228.479    13.7877   4.571797     1.4859     0.1491  1.8247863  13.765657    13.7434    38.6337    29.0540     3.4138    148.154 0.0000e+00
    298.137    229.479    13.7952   4.572636     1.4883     0.1376  1.8246845  13.764973    13.7510    38.6344    29.0529     3.4353    149.090 0.0000e+00
    298.222    230.479    13.7958   4.572706     1.4904     0.1395  1.8240232  13.774542    13.7516    38.6343    29.0528     3.4281    148.777 0.0000e+00
    298.274    231.479    13.7957   4.572697     1.4896     0.1439  1.8235653  13.779326    13.7515    38.6343    29.0528     3.4196    148.406 0.0000e+00
    297.468    232.479    13.7964   4.572736     1.4896     0.1495  1.8231583  13.777959    13.7523    38.6344    29.0526     3.4318    148.936 0.0000e+00
    296.581    233.479    13.7971   4.572729     1.4926     0.1407  1.8231583  13.774542    13.7531    38.6340    29.0521     3.4478    149.632 0.0000e+00
    295.868    234.479    13.7989   4.572918     1.4940     0.1293  1.8230057  13.777959    13.7551    38.6343    29.0520     3.4341    149.036 0.0000e+00
    294.711    235.479    13.8019   4.573231     1.4924     0.1359  1.8230057  13.779326    13.7582    38.6348    29.0516     3.4241    148.604 0.0000e+00
    293.510    236.479    13.8047   4.573515     1.4920     0.1422  1.8223952  13.779326    13.7612    38.6352    29.0513     3.4256    148.671 0.0000e+00
    292.921    237.479    13.8097   4.574076     1.4917     0.1355  1.8220899  13.784110    13.7662    38.6357    29.0507     3.4271    148.732 0.0000e+00
    292.802    238.479    13.8113   4.574241     1.4924     0.1381  1.8216829  13.787527    13.7678    38.6358    29.0504     3.4387    149.239 0.0000e+00
    292.698    239.479    13.8129   4.574431     1.4946     0.1264  1.8212250  13.795727    13.7695    38.6360    29.0501     3.4392    149.257 0.0000e+00
    292.436    240.479    13.8137   4.574486     1.4938     0.1204  1.8207163  13.795727    13.7703    38.6358    29.0498     3.4383    149.222 0.0000e+00
    291.754    241.479    13.8112   4.574079     1.4963     0.1250  1.8202076  13.791627    13.7679    38.6348    29.0496     3.4526    149.842 0.0000e+00
    291.047    242.479    13.8137   4.574324     1.4965     0.1278  1.8203602  13.791627    13.7705    38.6349    29.0491     3.4464    149.572 0.0000e+00
    290.401    243.479    13.8149   4.574341     1.4987     0.1329  1.8198514  13.792310    13.7718    38.6341    29.0483     3.4609    150.200 0.0000e+00
    289.455    244.479    13.8163   4.574428     1.4996     0.1466  1.8194444  13.795727    13.7734    38.6340    29.0478     3.4460    149.553 0.0000e+00
    288.494    245.479    13.8205   4.574854     1.4972     0.1416  1.8192409  13.795727    13.7776    38.6343    29.0471     3.4399    149.292 0.0000e+00
    287.699    246.479    13.8235   4.575179     1.4998     0.1438  1.8188848  13.795727    13.7808    38.6347    29.0467     3.4676    150.493 0.0000e+00
    287.599    247.479    13.8265   4.575512     1.5013     0.1435  1.8183761  13.799827    13.7838    38.6349    29.0462     3.4544    149.918 0.0000e+00
    287.527    248.479    13.8261   4.575481     1.5000     0.1326  1.8174094  13.805978    13.7834    38.6349    29.0464     3.4449    149.506 0.0000e+00
    286.749    249.479    13.8288   4.575771     1.5003     0.1311  1.8171551  13.808028    13.7863    38.6353    29.0461     3.4667    150.454 0.0000e+00
    286.183    250.479    13.8301   4.575896     1.5045     0.1254  1.8169007  13.804611    13.7876    38.6355    29.0459     3.4838    151.196 0.0000e+00
    285.809    251.479    13.8306   4.575932     1.5046     0.1274  1.8167480  13.811445    13.7882    38.6355    29.0457     3.4562    149.999 0.0000e+00
    284.924    252.479    13.8308   4.575921     1.5032     0.1270  1.8163919  13.811445    13.7885    38.6356    29.0457     3.4640    150.336 0.0000e+00
    283.833    253.479    13.8310   4.575882     1.5053     0.1374  1.8160867  13.807344    13.7888    38.6355    29.0457     3.4724    150.701 0.0000e+00
    283.203    254.479    13.8314   4.575908     1.5047     0.1597  1.8160867  13.811445    13.7893    38.6356    29.0456     3.4686    150.537 0.0000e+00
    282.619    255.479    13.8333   4.576089     1.5070     0.1519  1.8158323  13.812811    13.7913    38.6357    29.0453     3.4819    151.112 0.0000e+00
    282.108    256.479    13.8342   4.576165     1.5070     0.1448  1.8155270  13.812811    13.7923    38.6358    29.0451     3.4631    150.296 0.0000e+00
    281.670    257.479    13.8352   4.576270     1.5055     0.1390  1.8153744  13.812811    13.7934    38.6359    29.0450     3.4680    150.509 0.0000e+00
    281.031    258.479    13.8353   4.576248     1.5070     0.1309  1.8146622  13.812811    13.7936    38.6359    29.0449     3.4818    151.110 0.0000e+00
    280.680    259.479    13.8367   4.576394     1.5090     0.1356  1.8149165  13.813495    13.7950    38.6360    29.0447     3.4876    151.359 0.0000e+00
    280.483    260.479    13.8369   4.576397     1.5100     0.1372  1.8145604  13.816228    13.7952    38.6359    29.0446     3.4854    151.266 0.0000e+00
    279.883    261.479    13.8368   4.576363     1.5109     0.1367  1.8144078  13.812811    13.7953    38.6360    29.0446     3.4901    151.468 0.0000e+00
    279.035    262.479    13.8363   4.576244     1.5118     0.1380  1.8142043  13.814861    13.7949    38.6358    29.0445     3.4827    151.149 0.0000e+00
    278.274    263.479    13.8288   4.574965     1.5098     0.1427  1.8142043  13.813495    13.7875    38.6315    29.0429     3.4737    150.757 0.0000e+00
    277.290    264.479    13.8166   4.573182     1.5101     0.1456  1.8141025  13.810761    13.7755    38.6273    29.0421     3.4905    151.485 0.0000e+00
    276.623    265.479    13.8158   4.573063     1.5127     0.1513  1.8143569  13.809394    13.7748    38.6273    29.0423     3.5038    152.063 0.0000e+00
    276.158    266.479    13.8153   4.572985     1.5139     0.1448  1.8141025  13.801194    13.7744    38.6272    29.0423     3.4930    151.594 0.0000e+00
    275.474    267.479    13.8154   4.572976     1.5127     0.1519  1.8138990  13.799827    13.7746    38.6274    29.0424     3.4795    151.009 0.0000e+00
    274.660    268.479    13.8156   4.572945     1.5109     0.1533  1.8142043  13.804611    13.7748    38.6273    29.0423     3.4778    150.934 0.0000e+00
    274.120    269.479    13.8165   4.573056     1.5110     0.1408  1.8140517  13.801877    13.7758    38.6276    29.0423     3.4866    151.316 0.0000e+00
    274.061    270.479    13.8187   4.573333     1.5126     0.1326  1.8138482  13.798460    13.7780    38.6281    29.0422     3.5079    152.240 0.0000e+00
    274.184    271.479    13.8208   4.573587     1.5165     0.1413  1.8138990  13.800511    13.7800    38.6284    29.0420     3.5199    152.762 0.0000e+00
    273.927    272.479    13.8212   4.573642     1.5182     0.1530  1.8135429  13.801194    13.7805    38.6286    29.0421     3.5044    152.088 0.0000e+00
    272.829    273.479    13.8224   4.573741     1.5165     0.1530  1.8133394  13.801194    13.7819    38.6288    29.0419     3.5052    152.124 0.0000e+00
    271.261    274.479    13.8223   4.573552     1.5197     0.1523  1.8132377  13.803244    13.7820    38.6278    29.0411     3.5285    153.134 0.0000e+00
    270.065    275.479    13.8175   4.572724     1.5213     0.1558  1.8129324  13.803927    13.7774    38.6253    29.0402     3.5079    152.243 0.0000e+00
    269.271    276.479    13.8130   4.572076     1.5177     0.1502  1.8127798  13.802561    13.7730    38.6241    29.0402     3.4989    151.851 0.0000e+00
    268.578    277.479    13.8138   4.572109     1.5199     0.1450  1.8126780  13.798460    13.7740    38.6238    29.0398     3.5246    152.968 0.0000e+00
    268.406    278.479    13.8136   4.572058     1.5224     0.1476  1.8124745  13.797094    13.7738    38.6236    29.0397     3.5345    153.396 0.0000e+00
    268.512    279.479    13.8134   4.572022     1.5233     0.1588  1.8118641  13.796410    13.7736    38.6235    29.0396     3.5179    152.674 0.0000e+00
    268.147    280.479    13.8128   4.571898     1.5223     0.1663  1.8113553  13.795727    13.7730    38.6231    29.0394     3.5244    152.959 0.0000e+00
    267.441    281.479    13.8120   4.571739     1.5249     0.1604  1.8109483  13.796410    13.7723    38.6227    29.0393     3.5476    153.966 0.0000e+00
    267.056    282.479    13.8086   4.571197     1.5282     0.1586  1.8113044  13.795727    13.7690    38.6211    29.0387     3.5457    153.882 0.0000e+00
    266.390    283.479    13.8049   4.570544     1.5270     0.1521  1.8112536  13.792310    13.7655    38.6189    29.0378     3.5295    153.179 0.0000e+00
    265.202    284.479    13.8044   4.570372     1.5275     0.1444  1.8106431  13.791627    13.7651    38.6184    29.0375     3.5487    154.012 0.0000e+00
    264.369    285.479    13.8096   4.571048     1.5306     0.1334  1.8107448  13.791627    13.7704    38.6199    29.0375     3.5534    154.219 0.0000e+00
    263.839    286.479    13.8165   4.571885     1.5293     0.1369  1.8099817  13.793677    13.7774    38.6211    29.0369     3.5312    153.253 0.0000e+00
    262.942    287.479    13.8212   4.572359     1.5289     0.1409  1.8093203  13.795727    13.7822    38.6213    29.0361     3.5465    153.917 0.0000e+00
    262.172    288.479    13.8214   4.572271     1.5317     0.1364  1.8084554  13.795727    13.7825    38.6207    29.0355     3.5629    154.630 0.0000e+00
    261.891    289.479    13.8206   4.572134     1.5330     0.1338  1.8081502  13.798460    13.7818    38.6202    29.0353     3.5482    153.991 0.0000e+00
    261.379    290.479    13.8168   4.571478     1.5311     0.1371  1.8078958  13.799827    13.7780    38.6181    29.0345     3.5380    153.547 0.0000e+00
    260.613    291.479    13.8100   4.570465     1.5314     0.1338  1.8079975  13.795044    13.7713    38.6157    29.0340     3.5544    154.261 0.0000e+00
    260.039    292.479    13.8032   4.569382     1.5332     0.1384  1.8077940  13.793677    13.7647    38.6125    29.0330     3.5681    154.857 0.0000e+00
    259.819    293.479    13.8001   4.568930     1.5358     0.1592  1.8076414  13.789577    13.7616    38.6115    29.0329     3.5652    154.730 0.0000e+00
    259.460    294.479    13.7983   4.568600     1.5341     0.1500  1.8069800  13.782743    13.7598    38.6103    29.0323     3.5533    154.215 0.0000e+00
    258.593    295.479    13.7968   4.568287     1.5361     0.1529  1.8064204  13.786843    13.7585    38.6092    29.0317     3.5890    155.761 0.0000e+00
    257.684    296.479    13.7923   4.567502     1.5417     0.1544  1.8062169  13.785476    13.7541    38.6067    29.0308     3.6014    156.302 0.0000e+00
    257.083    297.479    13.7889   4.566988     1.5413     0.1435  1.8062169  13.780009    13.7508    38.6055    29.0306     3.5625    154.612 0.0000e+00
    256.021    298.479    13.7895   4.566951     1.5378     0.1319  1.8057082  13.778643    13.7516    38.6050    29.0300     3.5648    154.711 0.0000e+00
    255.045    299.479    13.7884   4.566674     1.5406     0.1281  1.8048433  13.777959    13.7506    38.6040    29.0294     3.6042    156.422 0.0000e+00
    254.864    300.479    13.7857   4.566236     1.5451     0.1398  1.8045380  13.775225    13.7480    38.6026    29.0289     3.5978    156.147 0.0000e+00
    254.762    301.479    13.7857   4.566247     1.5422     0.1551  1.8041310  13.772491    13.7480    38.6028    29.0291     3.5694    154.914 0.0000e+00
    253.986    302.479    13.7838   4.565896     1.5428     0.1540  1.8034188  13.766340    13.7462    38.6016    29.0286     3.6073    156.557 0.0000e+00
    253.242    303.479    13.7823   4.565627     1.5484     0.1558  1.8030118  13.764973    13.7448    38.6009    29.0283     3.6277    157.441 0.0000e+00
    253.019    304.479    13.7786   4.564998     1.5493     0.1530  1.8028083  13.763606    13.7412    38.5988    29.0274     3.5958    156.059 0.0000e+00
    252.074    305.479    13.7768   4.564586     1.5467     0.1426  1.8024522  13.763606    13.7395    38.5971    29.0265     3.5910    155.849 0.0000e+00
    250.987    306.479    13.7766   4.564455     1.5472     0.1324  1.8021469  13.762923    13.7394    38.5966    29.0261     3.6154    156.910 0.0000e+00
    250.555    307.479    13.7763   4.564395     1.5522     0.1444  1.8021978  13.763606    13.7392    38.5965    29.0261     3.6355    157.781 0.0000e+00
    250.308    308.479    13.7758   4.564317     1.5522     0.1535  1.8016382  13.760873    13.7388    38.5963    29.0260     3.6074    156.562 0.0000e+00
