Boussole/Data/SBEMOOSE/Work/cnv/bous225_01.cnv
* Sea-Bird SBE 9 Data File:
* FileName = C:\boussole\202012\bous225_01.hdr
* Software Version Seasave V 7.23.2
* Temperature SN = 2473
* Conductivity SN = 2929
* Number of Bytes Per Scan = 37
* Number of Voltage Words = 4
* Number of Scans Averaged by the Deck Unit = 1
* NMEA Latitude = 43 22.09 N
* NMEA Longitude = 007 54.55 E
* NMEA UTC (Time) = Dec 09 2020  11:37:50
* NMEA baud rate = 4800
** Navire
** Station:
** Date
** Heure debut [TU]
** Heure fin [TU]
** Heure locale / TU = +0
** Latitude
** Longitude
** Heure meteo [TU]
** T air sec [deg C]
** T mer [deg C]
** Vent [noeuds, degres]
# nquan = 14
# nvalues = 2192                        
# units = specified
# name 0 = prDM: Pressure, Digiquartz [db]
# name 1 = timeS: Time, Elapsed [seconds]
# name 2 = t090C: Temperature [ITS-90, deg C]
# name 3 = c0S/m: Conductivity [S/m]
# name 4 = sbeox0V: Oxygen raw, SBE 43 [V]
# name 5 = flC: Fluorescence, Chelsea Aqua 3 Chl Con [ug/l]
# name 6 = upoly0: Upoly 0, RINKOIII_DO
# name 7 = upoly1: Upoly 1, RINKOIII_Temp
# name 8 = potemp090C: Potential Temperature [ITS-90, deg C]
# name 9 = sal00: Salinity, Practical [PSU]
# name 10 = sigma-é00: Density [sigma-theta, kg/m^3]
# name 11 = sbeox0ML/L: Oxygen, SBE 43 [ml/l], WS = 2
# name 12 = sbox0Mm/Kg: Oxygen, SBE 43 [umol/kg], WS = 2
# name 13 = flag: flag
# span 0 =      0.459,    405.652       
# span 1 =      0.479,   2191.188       
# span 2 =    13.7307,    15.0594       
# span 3 =   4.545614,   4.626453       
# span 4 =     1.4440,     2.6649       
# span 5 =     0.1111,     0.4788       
# span 6 =  1.5356125,  1.8368946       
# span 7 =  13.713708,  15.029992       
# span 8 =    13.6711,    15.0592       
# span 9 =    38.0152,    38.6454       
# span 10 =    28.2860,    29.0755      
# span 11 =     3.3069,     7.3061      
# span 12 =    143.514,    317.120      
# span 13 = 0.0000e+00, 0.0000e+00      
# interval = seconds: 1                 
# start_time = Dec 09 2020 11:37:50 [NMEA time, header]
# bad_flag = -9.990e-29
*END*
[from data line 207]
    133.985    207.479    14.0374   4.576491     2.5633     0.1606  1.7137261  13.991783    14.0174    38.5011    28.8921     6.8229    296.154 0.0000e+00
    134.715    208.479    14.0472   4.578059     2.5597     0.1499  1.7133191  14.008855    14.0271    38.5058    28.8936     6.8907    299.099 0.0000e+00
    135.475    209.479    14.0531   4.579138     2.5725     0.1427  1.7131156  14.021828    14.0329    38.5097    28.8954     6.9860    303.234 0.0000e+00
    135.833    210.479    14.0534   4.579385     2.5811     0.1500  1.7127086  14.025925    14.0331    38.5115    28.8967     6.9452    301.462 0.0000e+00
    135.847    211.479    14.0530   4.579386     2.5805     0.1510  1.7130647  14.027290    14.0327    38.5120    28.8972     6.9435    301.389 0.0000e+00
    135.837    212.479    14.0525   4.579329     2.5785     0.1560  1.7136752  14.036166    14.0322    38.5119    28.8973     6.8214    296.089 0.0000e+00
    136.303    213.479    14.0518   4.579558     2.5527     0.1564  1.7139296  14.038214    14.0314    38.5146    28.8995     6.8152    295.817 0.0000e+00
    137.373    214.479    14.0587   4.580789     2.5665     0.1614  1.7146418  14.035483    14.0382    38.5188    28.9013     6.9467    301.523 0.0000e+00
    138.671    215.479    14.0504   4.579788     2.5716     0.1622  1.7148962  14.042311    14.0297    38.5171    28.9018     6.9096    299.914 0.0000e+00
    139.418    216.479    14.0187   4.575967     2.5666     0.1721  1.7156084  14.041628    13.9979    38.5124    28.9050     6.8685    298.132 0.0000e+00
    139.548    217.479    14.0096   4.574936     2.5663     0.1660  1.7163207  14.034800    13.9888    38.5117    28.9065     6.9384    301.163 0.0000e+00
    139.955    218.479    14.0046   4.574310     2.5781     0.1592  1.7172365  14.008172    13.9838    38.5106    28.9067     6.9793    302.938 0.0000e+00
    140.615    219.479    13.9978   4.573499     2.5808     0.1652  1.7182031  13.998612    13.9769    38.5095    28.9074     6.9836    303.124 0.0000e+00
    140.904    220.479    13.9950   4.573149     2.5899     0.1585  1.7176435  14.002709    13.9740    38.5089    28.9075     7.0411    305.623 0.0000e+00
    141.235    221.479    13.9933   4.572979     2.6033     0.1561  1.7185083  13.985637    13.9723    38.5088    28.9079     7.0398    305.562 0.0000e+00
    141.842    222.479    13.9920   4.572907     2.5937     0.1607  1.7188136  13.982223    13.9709    38.5091    28.9084     6.9575    301.993 0.0000e+00
    142.042    223.479    13.9913   4.572930     2.5908     0.1581  1.7190171  13.989052    13.9702    38.5100    28.9092     6.9554    301.899 0.0000e+00
    142.352    224.479    13.9900   4.572969     2.5918     0.1605  1.7192206  13.979491    13.9688    38.5115    28.9107     7.0162    304.539 0.0000e+00
    143.280    225.479    13.9854   4.572717     2.5947     0.1686  1.7191697  13.976077    13.9641    38.5134    28.9131     6.9710    302.577 0.0000e+00
    144.342    226.479    13.9786   4.572114     2.5830     0.1646  1.7200855  13.976077    13.9571    38.5140    28.9152     6.9367    301.087 0.0000e+00
    144.984    227.479    13.9748   4.571706     2.5946     0.1600  1.7202381  13.976760    13.9533    38.5136    28.9157     7.0858    307.559 0.0000e+00
    145.136    228.479    13.9720   4.571422     2.6014     0.1556  1.7208486  13.968565    13.9504    38.5137    28.9164     7.0382    305.494 0.0000e+00
    145.168    229.479    13.9715   4.571366     2.6031     0.1619  1.7215099  13.967882    13.9499    38.5136    28.9164     7.0269    305.003 0.0000e+00
    145.460    230.479    13.9692   4.571106     2.6033     0.1580  1.7218152  13.961053    13.9476    38.5134    28.9168     7.0639    306.606 0.0000e+00
    146.264    231.479    13.9622   4.570285     2.6151     0.1588  1.7224766  13.959687    13.9404    38.5123    28.9175     7.1454    310.143 0.0000e+00
    147.084    232.479    13.9561   4.569593     2.6226     0.1584  1.7228836  13.959004    13.9343    38.5115    28.9181     7.1019    308.256 0.0000e+00
    147.466    233.479    13.9528   4.569220     2.6225     0.1491  1.7228327  13.950808    13.9309    38.5110    28.9185     7.1044    308.366 0.0000e+00
    147.505    234.479    13.9520   4.569131     2.6192     0.1471  1.7234432  13.947393    13.9301    38.5111    28.9187     7.0120    304.356 0.0000e+00
    147.769    235.479    13.9511   4.569028     2.6032     0.1460  1.7241046  13.944661    13.9292    38.5108    28.9187     7.0396    305.554 0.0000e+00
    148.662    236.479    13.9405   4.567812     2.6228     0.1483  1.7241554  13.942612    13.9184    38.5096    28.9201     7.2167    313.240 0.0000e+00
    149.858    237.479    13.9326   4.567022     2.6325     0.1479  1.7247151  13.932367    13.9104    38.5094    28.9217     7.1334    309.624 0.0000e+00
    150.482    238.479    13.9283   4.566586     2.6275     0.1543  1.7250712  13.926903    13.9060    38.5094    28.9227     7.1110    308.649 0.0000e+00
    150.343    239.479    13.9286   4.566613     2.6297     0.1463  1.7251729  13.927586    13.9063    38.5094    28.9226     7.1851    311.865 0.0000e+00
    150.426    240.479    13.9311   4.566900     2.6472     0.1467  1.7255291  13.926220    13.9088    38.5096    28.9222     7.3061    317.120 0.0000e+00
    150.843    241.479    13.9296   4.566759     2.6649     0.1461  1.7257835  13.924171    13.9072    38.5095    28.9225     7.2810    316.030 0.0000e+00
    151.356    242.479    13.9283   4.566729     2.6584     0.1450  1.7257835  13.921439    13.9059    38.5103    28.9234     7.1589    310.730 0.0000e+00
    151.924    243.479    13.9251   4.566385     2.6522     0.1502  1.7263431  13.920073    13.9026    38.5100    28.9239     7.2278    313.719 0.0000e+00
    152.774    244.479    13.9212   4.566235     2.6575     0.1500  1.7266992  13.915974    13.8985    38.5122    28.9264     7.1972    312.390 0.0000e+00
    153.935    245.479    13.9406   4.569831     2.6469     0.1552  1.7269027  13.911876    13.9178    38.5262    28.9331     7.1380    309.820 0.0000e+00
    154.693    246.479    13.9487   4.570985     2.6431     0.1447  1.7273606  13.915291    13.9257    38.5286    28.9333     7.1713    311.266 0.0000e+00
    154.587    247.479    13.9482   4.570905     2.6451     0.1463  1.7282255  13.926220    13.9252    38.5284    28.9333     7.1705    311.228 0.0000e+00
    154.655    248.479    13.9487   4.571006     2.6406     0.1393  1.7287851  13.926220    13.9257    38.5288    28.9334     7.1179    308.947 0.0000e+00
    155.224    249.479    13.9484   4.571024     2.6313     0.1308  1.7291921  13.928269    13.9253    38.5291    28.9338     7.0988    308.116 0.0000e+00
    155.715    250.479    13.9465   4.570869     2.6277     0.1451  1.7297517  13.932367    13.9234    38.5293    28.9343     7.1080    308.517 0.0000e+00
    156.050    251.479    13.9450   4.570700     2.6305     0.1555  1.7300569  13.931001    13.9218    38.5291    28.9345     7.1927    312.192 0.0000e+00
    156.284    252.479    13.9440   4.570591     2.6393     0.1480  1.7311253  13.931684    13.9208    38.5290    28.9346     7.1142    308.786 0.0000e+00
    156.694    253.479    13.9397   4.570116     2.6200     0.1506  1.7317358  13.933733    13.9164    38.5286    28.9352     7.0453    305.794 0.0000e+00
    157.549    254.479    13.9248   4.568272     2.6210     0.1505  1.7320920  13.927586    13.9014    38.5257    28.9363     7.0762    307.135 0.0000e+00
    158.638    255.479    13.8962   4.564819     2.6108     0.1520  1.7330586  13.924171    13.8727    38.5212    28.9390     7.0406    305.589 0.0000e+00
    159.367    256.479    13.8960   4.565101     2.6108     0.1494  1.7340761  13.921439    13.8724    38.5238    28.9411     7.0959    307.990 0.0000e+00
    159.825    257.479    13.9020   4.565999     2.6153     0.1547  1.7346357  13.895481    13.8783    38.5260    28.9415     7.1573    310.656 0.0000e+00
    160.402    258.479    13.9040   4.566292     2.6330     0.1541  1.7358058  13.894115    13.8802    38.5266    28.9415     7.2270    313.681 0.0000e+00
    160.505    259.479    13.9060   4.566605     2.6371     0.1524  1.7364163  13.894115    13.8822    38.5275    28.9418     7.1477    310.238 0.0000e+00
    160.129    260.479    13.9050   4.566444     2.6295     0.1674  1.7367725  13.895481    13.8813    38.5270    28.9417     7.0788    307.246 0.0000e+00
    160.147    261.479    13.9051   4.566462     2.6173     0.1573  1.7371795  13.894115    13.8813    38.5272    28.9417     7.0374    305.450 0.0000e+00
    160.870    262.479    13.9056   4.566592     2.6117     0.1647  1.7373830  13.894115    13.8817    38.5276    28.9420     7.0673    306.748 0.0000e+00
    162.059    263.479    13.9057   4.566838     2.6098     0.1703  1.7384513  13.893432    13.8816    38.5293    28.9433     7.0324    305.234 0.0000e+00
    163.192    264.479    13.9124   4.568108     2.6016     0.1577  1.7384005  13.894115    13.8882    38.5340    28.9456     7.0755    307.102 0.0000e+00
    163.910    265.479    13.9229   4.569787     2.6158     0.1572  1.7385531  13.894115    13.8986    38.5390    28.9472     7.1159    308.857 0.0000e+00
    164.333    266.479    13.9297   4.570887     2.6085     0.1610  1.7387057  13.902312    13.9053    38.5425    28.9484     7.0279    305.036 0.0000e+00
    164.381    267.479    13.9330   4.571371     2.6036     0.1483  1.7392653  13.909827    13.9086    38.5437    28.9487     7.0312    305.177 0.0000e+00
    164.214    268.479    13.9315   4.571104     2.6005     0.1515  1.7399267  13.911876    13.9071    38.5428    28.9483     6.9871    303.265 0.0000e+00
    164.456    269.479    13.9349   4.571713     2.5873     0.1631  1.7400793  13.912559    13.9105    38.5450    28.9493     6.9354    301.021 0.0000e+00
    165.386    270.479    13.9493   4.574051     2.5824     0.1533  1.7404354  13.925537    13.9247    38.5523    28.9519     6.9722    302.618 0.0000e+00
    166.565    271.479    13.9570   4.575375     2.5803     0.1492  1.7414529  13.931684    13.9322    38.5566    28.9535     6.9409    301.259 0.0000e+00
    166.880    272.479    13.9591   4.575770     2.5765     0.1569  1.7424196  13.931684    13.9343    38.5580    28.9542     6.9905    303.411 0.0000e+00
    166.825    273.479    13.9586   4.575690     2.5879     0.1483  1.7426740  13.929635    13.9338    38.5578    28.9542     7.0119    304.341 0.0000e+00
    167.340    274.479    13.9642   4.576703     2.5822     0.1513  1.7430810  13.941246    13.9393    38.5616    28.9559     6.9591    302.047 0.0000e+00
    168.036    275.479    13.9864   4.580203     2.5798     0.1532  1.7442511  13.943295    13.9614    38.5720    28.9592     6.9330    300.912 0.0000e+00
    168.688    276.479    13.9893   4.580787     2.5755     0.1457  1.7443528  13.950808    13.9641    38.5744    28.9604     6.9412    301.269 0.0000e+00
    169.455    277.479    13.9880   4.580704     2.5703     0.1513  1.7449125  13.961053    13.9628    38.5745    28.9608     6.8963    299.321 0.0000e+00
    169.966    278.479    13.9875   4.580677     2.5687     0.1474  1.7464387  13.964467    13.9622    38.5746    28.9610     6.9579    301.996 0.0000e+00
    170.188    279.479    13.9856   4.580477     2.5751     0.1454  1.7475579  13.968565    13.9603    38.5745    28.9613     6.9543    301.840 0.0000e+00
    170.634    280.479    13.9852   4.580458     2.5684     0.1477  1.7488807  13.969248    13.9598    38.5744    28.9614     6.8311    296.489 0.0000e+00
    171.247    281.479    13.9850   4.580437     2.5439     0.1487  1.7498473  13.969248    13.9595    38.5743    28.9613     6.7963    294.981 0.0000e+00
    171.835    282.479    13.9806   4.579927     2.5554     0.1453  1.7499491  13.963784    13.9550    38.5736    28.9618     6.9501    301.655 0.0000e+00
    172.416    283.479    13.9793   4.579820     2.5553     0.1496  1.7506105  13.966516    13.9536    38.5736    28.9621     6.8617    297.818 0.0000e+00
    172.993    284.479    13.9796   4.579868     2.5497     0.1485  1.7503561  13.963784    13.9539    38.5734    28.9619     6.8580    297.659 0.0000e+00
    173.406    285.479    13.9773   4.579599     2.5523     0.1368  1.7507632  13.961053    13.9515    38.5731    28.9621     6.8638    297.909 0.0000e+00
    173.545    286.479    13.9774   4.579643     2.5343     0.1502  1.7511702  13.961053    13.9516    38.5733    28.9623     6.6641    289.241 0.0000e+00
    173.831    287.479    13.9784   4.579776     2.5163     0.1522  1.7516280  13.961053    13.9525    38.5734    28.9622     6.7425    292.645 0.0000e+00
    174.673    288.479    13.9752   4.579377     2.5187     0.1460  1.7514245  13.960370    13.9492    38.5725    28.9622     6.7875    294.598 0.0000e+00
    175.671    289.479    13.9621   4.577758     2.5240     0.1464  1.7516789  13.961053    13.9359    38.5699    28.9631     6.8117    295.649 0.0000e+00
    176.263    290.479    13.9543   4.576835     2.5207     0.1580  1.7517298  13.960370    13.9281    38.5688    28.9639     6.7244    291.858 0.0000e+00
    176.650    291.479    13.9401   4.575108     2.5099     0.1556  1.7522894  13.944661    13.9138    38.5665    28.9652     6.7187    291.609 0.0000e+00
    177.394    292.479    13.9169   4.572271     2.5082     0.1524  1.7529508  13.931684    13.8905    38.5626    28.9672     6.7039    290.966 0.0000e+00
    178.180    293.479    13.8974   4.569865     2.4942     0.1548  1.7534596  13.922805    13.8709    38.5591    28.9687     6.6207    287.356 0.0000e+00
    178.664    294.479    13.8890   4.568874     2.4824     0.1613  1.7536122  13.914608    13.8625    38.5578    28.9696     6.5468    284.150 0.0000e+00
    178.955    295.479    13.8875   4.568694     2.4551     0.1513  1.7543753  13.890699    13.8610    38.5576    28.9697     6.4197    278.630 0.0000e+00
    179.118    296.479    13.8862   4.568539     2.4313     0.1672  1.7545279  13.878403    13.8596    38.5573    28.9697     6.3658    276.291 0.0000e+00
    179.438    297.479    13.8827   4.568094     2.4104     0.1521  1.7545279  13.877720    13.8561    38.5564    28.9699     6.2922    273.099 0.0000e+00
    180.194    298.479    13.8769   4.567382     2.3878     0.1387  1.7546805  13.875671    13.8502    38.5552    28.9702     6.2330    270.528 0.0000e+00
    181.082    299.479    13.8626   4.565544     2.3735     0.1507  1.7545279  13.870888    13.8358    38.5518    28.9706     6.2404    270.848 0.0000e+00
    181.824    300.479    13.8457   4.563408     2.3603     0.1523  1.7545788  13.873621    13.8188    38.5482    28.9715     6.2116    269.599 0.0000e+00
    182.418    301.479    13.8256   4.560923     2.3592     0.1634  1.7543753  13.870205    13.7986    38.5446    28.9731     6.3006    273.460 0.0000e+00
    183.112    302.479    13.8186   4.560037     2.3663     0.1639  1.7552402  13.840143    13.7915    38.5429    28.9733     6.3187    274.249 0.0000e+00
    183.795    303.479    13.8084   4.558784     2.3661     0.1537  1.7548841  13.832627    13.7813    38.5409    28.9739     6.2681    272.049 0.0000e+00
    184.092    304.479    13.8034   4.558185     2.3572     0.1522  1.7544262  13.829210    13.7762    38.5401    28.9744     6.2073    269.412 0.0000e+00
    184.331    305.479    13.8014   4.557971     2.3474     0.1380  1.7548332  13.802561    13.7742    38.5400    28.9747     6.1587    267.302 0.0000e+00
    184.770    306.479    13.7988   4.557653     2.3319     0.1373  1.7542736  13.795727    13.7715    38.5394    28.9749     6.1091    265.151 0.0000e+00
    185.321    307.479    13.7982   4.557648     2.3264     0.1399  1.7541718  13.795727    13.7709    38.5396    28.9752     6.1713    267.850 0.0000e+00
    186.171    308.479    13.7997   4.557898     2.3277     0.1574  1.7543244  13.795044    13.7722    38.5402    28.9753     6.1191    265.583 0.0000e+00
