Boussole/Data/SBEMOOSE/Work/cnv/bous225_02.cnv
* Sea-Bird SBE 9 Data File:
* FileName = C:\boussole\202012\bous225_02.hdr
* Software Version Seasave V 7.23.2
* Temperature SN = 2473
* Conductivity SN = 2929
* Number of Bytes Per Scan = 37
* Number of Voltage Words = 4
* Number of Scans Averaged by the Deck Unit = 1
* NMEA Latitude = 43 22.09 N
* NMEA Longitude = 007 54.11 E
* NMEA UTC (Time) = Dec 09 2020  13:31:36
* NMEA baud rate = 4800
** Navire
** Station:
** Date
** Heure debut [TU]
** Heure fin [TU]
** Heure locale / TU = +0
** Latitude
** Longitude
** Heure meteo [TU]
** T air sec [deg C]
** T mer [deg C]
** Vent [noeuds, degres]
# nquan = 14
# nvalues = 739                         
# units = specified
# name 0 = prDM: Pressure, Digiquartz [db]
# name 1 = timeS: Time, Elapsed [seconds]
# name 2 = t090C: Temperature [ITS-90, deg C]
# name 3 = c0S/m: Conductivity [S/m]
# name 4 = sbeox0V: Oxygen raw, SBE 43 [V]
# name 5 = flC: Fluorescence, Chelsea Aqua 3 Chl Con [ug/l]
# name 6 = upoly0: Upoly 0, RINKOIII_DO
# name 7 = upoly1: Upoly 1, RINKOIII_Temp
# name 8 = potemp090C: Potential Temperature [ITS-90, deg C]
# name 9 = sal00: Salinity, Practical [PSU]
# name 10 = sigma-é00: Density [sigma-theta, kg/m^3]
# name 11 = sbeox0ML/L: Oxygen, SBE 43 [ml/l], WS = 2
# name 12 = sbox0Mm/Kg: Oxygen, SBE 43 [umol/kg], WS = 2
# name 13 = flag: flag
# span 0 =      0.826,    360.782       
# span 1 =      0.479,    738.458       
# span 2 =    13.7398,    14.9322       
# span 3 =   4.545977,   4.614557       
# span 4 =     1.4675,     1.8875       
# span 5 =     0.1153,     0.4585       
# span 6 =  1.5407509,  1.8316035       
# span 7 =  13.730114,  14.913584       
# span 8 =    13.6873,    14.9320       
# span 9 =    38.0167,    38.6438       
# span 10 =    28.3156,    29.0690      
# span 11 =     3.3705,     4.6923      
# span 12 =    146.273,    203.662      
# span 13 = 0.0000e+00, 0.0000e+00      
# interval = seconds: 1                 
# start_time = Dec 09 2020 13:31:36 [NMEA time, header]
# bad_flag = -9.990e-29
*END*
[from data line 310]
    126.503    310.479    14.0531   4.578555     1.7609     0.1568  1.7150997  14.006123    14.0342    38.5082    28.8940     4.2409    184.079 0.0000e+00
    126.661    311.479    14.0532   4.578608     1.7601     0.1623  1.7150997  14.002709    14.0343    38.5085    28.8941     4.2203    183.184 0.0000e+00
    126.722    312.479    14.0516   4.578521     1.7606     0.1675  1.7153032  14.007489    14.0327    38.5093    28.8951     4.2337    183.768 0.0000e+00
    127.066    313.479    14.0500   4.578641     1.7628     0.1580  1.7146418  14.015000    14.0311    38.5118    28.8974     4.2479    184.381 0.0000e+00
    127.688    314.479    14.0523   4.579383     1.7650     0.1592  1.7151506  14.023194    14.0332    38.5163    28.9004     4.2571    184.781 0.0000e+00
    128.444    315.479    14.0542   4.579813     1.7678     0.1541  1.7153541  14.027973    14.0351    38.5181    28.9014     4.2606    184.933 0.0000e+00
    129.297    316.479    14.0487   4.579330     1.7698     0.1406  1.7158628  14.031387    14.0294    38.5187    28.9031     4.2818    185.855 0.0000e+00
    130.026    317.479    14.0382   4.578016     1.7741     0.1362  1.7166260  14.031387    14.0188    38.5165    28.9037     4.2821    185.867 0.0000e+00
    130.638    318.479    14.0277   4.576724     1.7738     0.1485  1.7168294  14.035483    14.0083    38.5145    28.9044     4.2942    186.392 0.0000e+00
    131.226    319.479    14.0156   4.575194     1.7804     0.1557  1.7171856  14.032069    13.9961    38.5119    28.9051     4.3105    187.098 0.0000e+00
    131.591    320.479    14.0060   4.574032     1.7781     0.1647  1.7173891  14.025242    13.9864    38.5104    28.9060     4.2780    185.687 0.0000e+00
    132.006    321.479    13.9973   4.573006     1.7772     0.1659  1.7181522  14.022511    13.9776    38.5093    28.9070     4.2979    186.550 0.0000e+00
    132.679    322.479    13.9908   4.572336     1.7813     0.1573  1.7188644  14.005440    13.9711    38.5091    28.9083     4.3288    187.894 0.0000e+00
    133.110    323.479    13.9899   4.572268     1.7842     0.1536  1.7187627  14.002026    13.9701    38.5092    28.9086     4.3106    187.104 0.0000e+00
    133.058    324.479    13.9918   4.572492     1.7837     0.1700  1.7190679  13.999978    13.9720    38.5094    28.9083     4.3484    188.745 0.0000e+00
    133.254    325.479    13.9885   4.572158     1.7941     0.1681  1.7190680  13.990417    13.9687    38.5095    28.9092     4.3973    190.865 0.0000e+00
    134.086    326.479    13.9895   4.572505     1.7995     0.1698  1.7198311  13.982223    13.9696    38.5113    28.9104     4.3727    189.797 0.0000e+00
    135.240    327.479    13.9902   4.572830     1.7990     0.1679  1.7204925  13.975394    13.9701    38.5132    28.9117     4.3608    189.282 0.0000e+00
    136.260    328.479    13.9885   4.572821     1.7993     0.1548  1.7210521  13.976760    13.9682    38.5144    28.9130     4.3785    190.048 0.0000e+00
    137.151    329.479    13.9861   4.572655     1.8021     0.1604  1.7214591  13.976077    13.9658    38.5148    28.9139     4.3760    189.940 0.0000e+00
    137.507    330.479    13.9875   4.572783     1.8010     0.1671  1.7216117  13.975394    13.9671    38.5144    28.9134     4.3762    189.947 0.0000e+00
    137.410    331.479    13.9859   4.572554     1.8036     0.1538  1.7216117  13.975394    13.9655    38.5139    28.9133     4.3965    190.832 0.0000e+00
    137.625    332.479    13.9816   4.572147     1.8060     0.1532  1.7216117  13.976760    13.9611    38.5144    28.9146     4.3999    190.976 0.0000e+00
    138.135    333.479    13.9764   4.571675     1.8083     0.1557  1.7215608  13.975394    13.9559    38.5148    28.9160     4.4121    191.507 0.0000e+00
    138.757    334.479    13.9725   4.571287     1.8107     0.1592  1.7220696  13.971979    13.9519    38.5148    28.9169     4.4317    192.359 0.0000e+00
    139.445    335.479    13.9675   4.570768     1.8184     0.1676  1.7225275  13.968565    13.9468    38.5146    28.9179     4.4757    194.269 0.0000e+00
    140.090    336.479    13.9658   4.570596     1.8224     0.1535  1.7230871  13.964467    13.9450    38.5144    28.9181     4.4498    193.144 0.0000e+00
    140.526    337.479    13.9644   4.570434     1.8226     0.1521  1.7229853  13.967882    13.9435    38.5141    28.9182     4.4534    193.298 0.0000e+00
    140.843    338.479    13.9626   4.570238     1.8238     0.1631  1.7235958  13.967199    13.9417    38.5139    28.9184     4.4718    194.098 0.0000e+00
    141.382    339.479    13.9592   4.569837     1.8302     0.1600  1.7239519  13.959004    13.9382    38.5132    28.9187     4.4980    195.233 0.0000e+00
    142.193    340.479    13.9501   4.568739     1.8310     0.1503  1.7245116  13.953540    13.9289    38.5116    28.9194     4.4661    193.849 0.0000e+00
    143.158    341.479    13.9404   4.567686     1.8287     0.1563  1.7252747  13.943978    13.9192    38.5109    28.9210     4.4769    194.319 0.0000e+00
    144.037    342.479    13.9358   4.567224     1.8330     0.1639  1.7254273  13.941929    13.9144    38.5108    28.9219     4.5095    195.734 0.0000e+00
    144.422    343.479    13.9362   4.567275     1.8336     0.1750  1.7262413  13.936465    13.9148    38.5107    28.9218     4.4711    194.066 0.0000e+00
    144.190    344.479    13.9392   4.567633     1.8313     0.1817  1.7262413  13.939197    13.9178    38.5112    28.9215     4.4893    194.857 0.0000e+00
    144.078    345.479    13.9375   4.567402     1.8358     0.1694  1.7261396  13.943295    13.9161    38.5108    28.9216     4.5243    196.378 0.0000e+00
    144.700    346.479    13.9334   4.567012     1.8405     0.1578  1.7262922  13.933733    13.9119    38.5109    28.9226     4.5360    196.884 0.0000e+00
    145.579    347.479    13.9296   4.566609     1.8435     0.1576  1.7268010  13.926903    13.9081    38.5105    28.9230     4.5391    197.016 0.0000e+00
    146.166    348.479    13.9229   4.565827     1.8482     0.1595  1.7270045  13.927586    13.9012    38.5095    28.9238     4.5747    198.565 0.0000e+00
    146.777    349.479    13.9169   4.565200     1.8524     0.1608  1.7272588  13.930318    13.8951    38.5094    28.9250     4.5588    197.872 0.0000e+00
    147.531    350.479    13.9177   4.565689     1.8529     0.1658  1.7274115  13.918706    13.8958    38.5129    28.9275     4.5660    198.186 0.0000e+00
    148.203    351.479    13.9298   4.567733     1.8550     0.1726  1.7277167  13.915291    13.9078    38.5197    28.9303     4.5789    198.746 0.0000e+00
    148.887    352.479    13.9455   4.570108     1.8594     0.1701  1.7285307  13.913242    13.9234    38.5261    28.9318     4.5939    199.393 0.0000e+00
    149.570    353.479    13.9516   4.571003     1.8598     0.1680  1.7286833  13.923488    13.9294    38.5282    28.9322     4.5609    197.964 0.0000e+00
    149.920    354.479    13.9529   4.571248     1.8570     0.1691  1.7288868  13.922122    13.9306    38.5291    28.9326     4.5724    198.460 0.0000e+00
    150.138    355.479    13.9524   4.571262     1.8601     0.1567  1.7289377  13.927586    13.9301    38.5296    28.9331     4.5747    198.560 0.0000e+00
    150.460    356.479    13.9515   4.571206     1.8572     0.1546  1.7293956  13.929635    13.9291    38.5299    28.9335     4.5664    198.200 0.0000e+00
    150.673    357.479    13.9514   4.571210     1.8606     0.1506  1.7302096  13.935782    13.9290    38.5299    28.9336     4.5956    199.470 0.0000e+00
    151.039    358.479    13.9503   4.571107     1.8613     0.1547  1.7303622  13.938514    13.9279    38.5299    28.9338     4.5927    199.344 0.0000e+00
    151.935    359.479    13.9404   4.569908     1.8654     0.1589  1.7309218  13.935099    13.9179    38.5280    28.9345     4.6107    200.125 0.0000e+00
    153.102    360.479    13.9243   4.568040     1.8653     0.1527  1.7325498  13.922805    13.9016    38.5260    28.9365     4.5923    199.323 0.0000e+00
    153.712    361.479    13.9220   4.567828     1.8646     0.1561  1.7332621  13.926220    13.8992    38.5260    28.9370     4.5940    199.398 0.0000e+00
    153.884    362.479    13.9217   4.567783     1.8638     0.1676  1.7333130  13.927586    13.8989    38.5258    28.9369     4.5882    199.148 0.0000e+00
    154.391    363.479    13.9174   4.567233     1.8633     0.1636  1.7335673  13.926220    13.8945    38.5247    28.9370     4.6001    199.663 0.0000e+00
    155.237    364.479    13.8989   4.565088     1.8663     0.1682  1.7341270  13.911876    13.8759    38.5226    28.9393     4.6132    200.232 0.0000e+00
    155.767    365.479    13.8989   4.565158     1.8641     0.1488  1.7347883  13.907777    13.8758    38.5230    28.9397     4.5863    199.062 0.0000e+00
    155.507    366.479    13.9044   4.565758     1.8657     0.1374  1.7352971  13.905728    13.8814    38.5232    28.9387     4.6226    200.641 0.0000e+00
    155.372    367.479    13.9011   4.565360     1.8696     0.1455  1.7349918  13.913925    13.8781    38.5229    28.9391     4.6584    202.192 0.0000e+00
    156.219    368.479    13.9007   4.565545     1.8756     0.1429  1.7357550  13.896848    13.8776    38.5246    28.9406     4.6286    200.899 0.0000e+00
    157.579    369.479    13.9124   4.567504     1.8699     0.1465  1.7370268  13.894115    13.8891    38.5308    28.9429     4.5969    199.525 0.0000e+00
    158.343    370.479    13.9191   4.568284     1.8704     0.1483  1.7376882  13.894115    13.8956    38.5312    28.9418     4.6408    201.428 0.0000e+00
    158.916    371.479    13.9247   4.569498     1.8758     0.1541  1.7379934  13.897531    13.9012    38.5367    28.9449     4.6685    202.629 0.0000e+00
    159.644    372.479    13.9330   4.570737     1.8799     0.1619  1.7379934  13.901629    13.9093    38.5398    28.9455     4.6480    201.739 0.0000e+00
    159.714    373.479    13.9298   4.570167     1.8764     0.1496  1.7386548  13.894798    13.9061    38.5376    28.9445     4.6285    200.895 0.0000e+00
    159.638    374.479    13.9297   4.570260     1.8778     0.1490  1.7386548  13.906411    13.9060    38.5386    28.9453     4.6540    202.002 0.0000e+00
    160.386    375.479    13.9342   4.571061     1.8788     0.1613  1.7388583  13.909827    13.9104    38.5414    28.9465     4.6510    201.870 0.0000e+00
    161.358    376.479    13.9343   4.571117     1.8793     0.1506  1.7393162  13.913242    13.9103    38.5414    28.9465     4.6429    201.520 0.0000e+00
    161.792    377.479    13.9347   4.571212     1.8780     0.1558  1.7396723  13.912559    13.9107    38.5416    28.9466     4.6478    201.731 0.0000e+00
    162.145    378.479    13.9381   4.571856     1.8802     0.1668  1.7402320  13.914608    13.9140    38.5442    28.9479     4.6574    202.149 0.0000e+00
    162.712    379.479    13.9406   4.572332     1.8810     0.1711  1.7404354  13.920756    13.9164    38.5460    28.9487     4.6757    202.942 0.0000e+00
    163.462    380.479    13.9435   4.572941     1.8865     0.1713  1.7407407  13.925537    13.9192    38.5484    28.9500     4.6923    203.662 0.0000e+00
    164.223    381.479    13.9491   4.573895     1.8868     0.1635  1.7417582  13.926903    13.9247    38.5515    28.9512     4.6684    202.624 0.0000e+00
    164.503    382.479    13.9503   4.574082     1.8875     0.1633  1.7419108  13.926903    13.9259    38.5519    28.9513     4.6827    203.244 0.0000e+00
    164.536    383.479    13.9526   4.574432     1.8869     0.1595  1.7424196  13.926903    13.9282    38.5529    28.9516     4.6599    202.254 0.0000e+00
    165.274    384.479    13.9576   4.575248     1.8849     0.1699  1.7425722  13.927586    13.9330    38.5554    28.9524     4.6594    202.233 0.0000e+00
    166.305    385.479    13.9630   4.576102     1.8837     0.1752  1.7433353  13.941246    13.9383    38.5575    28.9530     4.6507    201.857 0.0000e+00
    166.865    386.479    13.9648   4.576378     1.8819     0.1703  1.7446581  13.939197    13.9400    38.5581    28.9530     4.6494    201.798 0.0000e+00
    167.084    387.479    13.9664   4.576624     1.8814     0.1639  1.7442511  13.941246    13.9415    38.5587    28.9532     4.6546    202.025 0.0000e+00
    167.527    388.479    13.9694   4.577187     1.8819     0.1507  1.7449125  13.944661    13.9445    38.5608    28.9541     4.6648    202.469 0.0000e+00
    168.185    389.479    13.9783   4.578699     1.8841     0.1526  1.7453195  13.946027    13.9533    38.5659    28.9562     4.6564    202.102 0.0000e+00
    168.658    390.479    13.9824   4.579371     1.8791     0.1583  1.7455738  13.952174    13.9573    38.5679    28.9569     4.6219    200.604 0.0000e+00
    169.309    391.479    13.9879   4.580310     1.8791     0.1532  1.7461335  13.959687    13.9626    38.5710    28.9581     4.6593    202.231 0.0000e+00
    170.148    392.479    13.9895   4.580615     1.8819     0.1473  1.7464387  13.961053    13.9641    38.5719    28.9585     4.6763    202.966 0.0000e+00
    170.778    393.479    13.9881   4.580508     1.8844     0.1484  1.7473544  13.962419    13.9626    38.5720    28.9589     4.6588    202.206 0.0000e+00
    171.115    394.479    13.9864   4.580340     1.8815     0.1413  1.7480158  13.964467    13.9609    38.5720    28.9593     4.6378    201.294 0.0000e+00
    171.268    395.479    13.9857   4.580262     1.8785     0.1396  1.7484737  13.969248    13.9602    38.5718    28.9593     4.6353    201.187 0.0000e+00
    171.761    396.479    13.9850   4.580233     1.8797     0.1463  1.7490842  13.967882    13.9595    38.5720    28.9596     4.6676    202.588 0.0000e+00
    172.615    397.479    13.9842   4.580211     1.8825     0.1448  1.7499491  13.969248    13.9585    38.5723    28.9600     4.6564    202.104 0.0000e+00
    173.171    398.479    13.9833   4.580144     1.8794     0.1520  1.7502544  13.967199    13.9575    38.5723    28.9602     4.6317    201.031 0.0000e+00
    173.425    399.479    13.9822   4.580054     1.8773     0.1456  1.7507123  13.968565    13.9564    38.5724    28.9605     4.6296    200.940 0.0000e+00
    174.034    400.479    13.9813   4.580009     1.8748     0.1466  1.7507632  13.965833    13.9553    38.5727    28.9610     4.6256    200.764 0.0000e+00
    174.905    401.479    13.9801   4.579919     1.8747     0.1477  1.7511702  13.963102    13.9540    38.5726    28.9612     4.6299    200.951 0.0000e+00
    175.691    402.479    13.9779   4.579697     1.8712     0.1531  1.7517298  13.963102    13.9517    38.5724    28.9615     4.5858    199.039 0.0000e+00
    176.386    403.479    13.9738   4.579236     1.8642     0.1527  1.7519333  13.962419    13.9475    38.5718    28.9620     4.5706    198.379 0.0000e+00
    176.760    404.479    13.9683   4.578591     1.8616     0.1465  1.7515772  13.963784    13.9420    38.5711    28.9626     4.6041    199.831 0.0000e+00
    177.002    405.479    13.9544   4.576910     1.8669     0.1473  1.7520859  13.961736    13.9281    38.5690    28.9640     4.6155    200.328 0.0000e+00
    177.290    406.479    13.9399   4.575270     1.8605     0.1470  1.7520859  13.959687    13.9136    38.5679    28.9663     4.5762    198.621 0.0000e+00
    177.122    407.479    13.9432   4.575652     1.8645     0.1611  1.7530526  13.944661    13.9169    38.5683    28.9660     4.6325    201.062 0.0000e+00
    177.215    408.479    13.9446   4.575735     1.8651     0.1736  1.7536122  13.942612    13.9183    38.5676    28.9651     4.5992    199.618 0.0000e+00
    178.232    409.479    13.9247   4.573434     1.8661     0.1580  1.7545279  13.926220    13.8982    38.5654    28.9678     4.6353    201.183 0.0000e+00
    179.660    410.479    13.9178   4.572752     1.8672     0.1541  1.7558507  13.908461    13.8912    38.5652    28.9691     4.6006    199.678 0.0000e+00
    181.064    411.479    13.8855   4.568680     1.8638     0.1517  1.7563594  13.905045    13.8587    38.5584    28.9709     4.6185    200.453 0.0000e+00
