Boussole/Data/SBEMOOSE/Work/cnv/bous226_00.cnv
* Sea-Bird SBE 9 Data File:
* FileName = C:\boussole\202101\bous226_01.hdr
* Software Version Seasave V 7.23.2
* Temperature SN = 2473
* Conductivity SN = 2929
* Number of Bytes Per Scan = 30
* Number of Voltage Words = 4
* Number of Scans Averaged by the Deck Unit = 1
* NMEA baud rate = 4800
** Navire
** Station:
** Date
** Heure debut [TU]
** Heure fin [TU]
** Heure locale / TU = +0
** Latitude
** Longitude
** Heure meteo [TU]
** T air sec [deg C]
** T mer [deg C]
** Vent [noeuds, degres]
# nquan = 14
# nvalues = 166                         
# units = specified
# name 0 = prDM: Pressure, Digiquartz [db]
# name 1 = timeS: Time, Elapsed [seconds]
# name 2 = t090C: Temperature [ITS-90, deg C]
# name 3 = c0S/m: Conductivity [S/m]
# name 4 = sbeox0V: Oxygen raw, SBE 43 [V]
# name 5 = flC: Fluorescence, Chelsea Aqua 3 Chl Con [ug/l]
# name 6 = upoly0: Upoly 0, RINKOIII_DO
# name 7 = upoly1: Upoly 1, RINKOIII_Temp
# name 8 = potemp090C: Potential Temperature [ITS-90, deg C]
# name 9 = sal00: Salinity, Practical [PSU]
# name 10 = sigma-é00: Density [sigma-theta, kg/m^3]
# name 11 = sbeox0ML/L: Oxygen, SBE 43 [ml/l], WS = 2
# name 12 = sbox0Mm/Kg: Oxygen, SBE 43 [umol/kg], WS = 2
# name 13 = flag: flag
# span 0 =      1.207,      9.428       
# span 1 =      0.479,    165.146       
# span 2 =    13.6326,    13.6746       
# span 3 =   4.497096,   4.501461       
# span 4 =     2.1896,     4.7190       
# span 5 =     0.4999,     0.6001       
# span 6 =  1.5854192,  1.5939153       
# span 7 =  13.615249,  13.664484       
# span 8 =    13.6315,    13.6744       
# span 9 =    38.2102,    38.2128       
# span 10 =    28.7422,    28.7508      
# span 11 =     5.5902,    14.7408      
# span 12 =    242.683,    639.927      
# span 13 = 0.0000e+00, 0.0000e+00      
# interval = seconds: 1                 
# start_time = Jan 18 2021 11:04:52 [System UTC, header]
# bad_flag = -9.990e-29
*END*
      1.246      0.479    13.6653   4.500324     2.1914     0.5164  1.5863350  13.649441    13.6651    38.2110    28.7432     5.6139    243.710 0.0000e+00
      1.271      1.479    13.6655   4.500358     2.1954     0.5170  1.5856227  13.650124    13.6653    38.2111    28.7433     5.6147    243.749 0.0000e+00
      1.516      2.479    13.6674   4.500598     2.1896     0.5242  1.5857753  13.650808    13.6672    38.2115    28.7431     5.6149    243.756 0.0000e+00
      1.539      3.479    13.6698   4.500874     2.1978     0.5162  1.5860297  13.650808    13.6696    38.2116    28.7427     5.6445    245.038 0.0000e+00
      1.388      4.479    13.6695   4.500844     2.1924     0.5067  1.5859789  13.648757    13.6693    38.2117    28.7429     5.6344    244.602 0.0000e+00
      1.370      5.479    13.6708   4.500976     2.2042     0.5146  1.5856736  13.650808    13.6707    38.2116    28.7425     5.6843    246.770 0.0000e+00
      1.472      6.479    13.6723   4.501169     2.1995     0.5348  1.5859789  13.650808    13.6721    38.2120    28.7425     5.5902    242.683 0.0000e+00
      1.468      7.479    13.6727   4.501215     2.1925     0.5460  1.5859280  13.650808    13.6725    38.2120    28.7424     5.6135    243.693 0.0000e+00
      1.473      8.479    13.6726   4.501197     2.1953     0.5463  1.5855719  13.651492    13.6724    38.2120    28.7424     5.6645    245.908 0.0000e+00
      1.408      9.479    13.6710   4.501006     2.2092     0.5346  1.5854701  13.648757    13.6708    38.2118    28.7426     5.7252    248.542 0.0000e+00
      1.419     10.479    13.6713   4.501056     2.2092     0.5177  1.5857245  13.648757    13.6711    38.2119    28.7427     5.6942    247.196 0.0000e+00
      1.492     11.479    13.6715   4.501076     2.2169     0.5156  1.5859789  13.650124    13.6713    38.2119    28.7426     5.6790    246.536 0.0000e+00
      1.431     12.479    13.6715   4.501075     2.2040     0.5267  1.5854192  13.650124    13.6713    38.2119    28.7427     5.6195    243.954 0.0000e+00
      1.454     13.479    13.6693   4.500821     2.2060     0.5283  1.5858771  13.648073    13.6691    38.2116    28.7429     5.6509    245.316 0.0000e+00
      1.477     14.479    13.6693   4.500820     2.1989     0.5303  1.5863350  13.646022    13.6691    38.2116    28.7428     5.6357    244.656 0.0000e+00
      1.358     15.479    13.6710   4.500996     2.2069     0.5213  1.5863350  13.645338    13.6708    38.2117    28.7425     5.6894    246.989 0.0000e+00
      1.399     16.479    13.6690   4.500748     2.2059     0.5054  1.5863350  13.646022    13.6688    38.2114    28.7427     5.6790    246.539 0.0000e+00
      1.476     17.479    13.6636   4.500176     2.2130     0.5119  1.5860297  13.646022    13.6634    38.2112    28.7438     5.7186    248.258 0.0000e+00
      1.434     18.479    13.6660   4.500439     2.2187     0.5259  1.5859789  13.646705    13.6658    38.2113    28.7433     5.7177    248.217 0.0000e+00
      1.319     19.479    13.6674   4.500594     2.2169     0.5238  1.5862332  13.646705    13.6672    38.2115    28.7431     5.6938    247.179 0.0000e+00
      1.510     20.479    13.6605   4.499904     2.2186     0.5145  1.5855719  13.644654    13.6603    38.2117    28.7448     5.7281    248.668 0.0000e+00
      1.430     21.479    13.6657   4.500454     2.2217     0.5057  1.5860806  13.644654    13.6655    38.2118    28.7437     5.7308    248.787 0.0000e+00
      1.320     22.479    13.6634   4.500134     2.2310     0.5044  1.5861315  13.648757    13.6632    38.2111    28.7437     5.7990    251.747 0.0000e+00
      1.440     23.479    13.6569   4.499433     2.2340     0.5085  1.5860806  13.646022    13.6567    38.2109    28.7450     5.7569    249.919 0.0000e+00
      1.422     24.479    13.6589   4.499636     2.2351     0.5067  1.5859789  13.646705    13.6587    38.2108    28.7445     5.7978    251.695 0.0000e+00
      1.430     25.479    13.6615   4.499905     2.2453     0.4999  1.5865385  13.648073    13.6613    38.2108    28.7439     5.8048    252.001 0.0000e+00
      1.486     26.479    13.6638   4.500144     2.2412     0.5299  1.5860806  13.646022    13.6636    38.2107    28.7433     5.7562    249.889 0.0000e+00
      1.456     27.479    13.6640   4.500203     2.2403     0.5432  1.5860806  13.646705    13.6638    38.2111    28.7435     5.7696    250.472 0.0000e+00
      1.388     28.479    13.6637   4.500189     2.2393     0.5393  1.5862841  13.647389    13.6635    38.2113    28.7438     5.7902    251.367 0.0000e+00
      1.471     29.479    13.6659   4.500418     2.2416     0.5413  1.5860297  13.645338    13.6657    38.2112    28.7433     5.7710    250.530 0.0000e+00
      1.484     30.479    13.6643   4.500261     2.2433     0.5539  1.5861315  13.643970    13.6641    38.2113    28.7437     5.8080    252.136 0.0000e+00
      1.264     31.479    13.6659   4.500430     2.2453     0.5496  1.5864367  13.646022    13.6657    38.2114    28.7434     5.7940    251.529 0.0000e+00
      1.511     32.479    13.6622   4.500010     2.2462     0.5538  1.5861315  13.645338    13.6620    38.2110    28.7439     5.8225    252.769 0.0000e+00
      1.452     33.479    13.6627   4.500063     2.2537     0.5615  1.5864876  13.646705    13.6625    38.2111    28.7439     5.8283    253.019 0.0000e+00
      1.397     34.479    13.6634   4.500163     2.2509     0.5558  1.5863350  13.647389    13.6632    38.2113    28.7439     5.8092    252.189 0.0000e+00
      1.469     35.479    13.6631   4.500056     2.2548     0.5455  1.5863350  13.644654    13.6629    38.2105    28.7433     5.8739    255.000 0.0000e+00
      1.263     36.479    13.6645   4.500266     2.2689     0.5405  1.5864367  13.646022    13.6643    38.2113    28.7436     5.9218    257.077 0.0000e+00
      1.476     37.479    13.6626   4.500072     2.2692     0.5326  1.5868437  13.645338    13.6624    38.2113    28.7440     5.8874    255.586 0.0000e+00
      1.496     38.479    13.6633   4.500156     2.2777     0.5322  1.5864367  13.643970    13.6631    38.2113    28.7439     5.9230    257.131 0.0000e+00
      1.207     39.479    13.6655   4.500392     2.2772     0.5278  1.5867420  13.645338    13.6653    38.2115    28.7435     5.9122    256.662 0.0000e+00
      1.487     40.479    13.6646   4.500312     2.2820     0.5303  1.5866402  13.646705    13.6644    38.2115    28.7437     5.9172    256.878 0.0000e+00
      1.542     41.479    13.6654   4.500376     2.2842     0.5320  1.5864367  13.648757    13.6652    38.2113    28.7434     5.9308    257.467 0.0000e+00
      1.241     42.479    13.6656   4.500403     2.2843     0.5323  1.5864876  13.646705    13.6654    38.2115    28.7436     5.9640    258.910 0.0000e+00
      1.412     43.479    13.6652   4.500361     2.2970     0.5223  1.5863350  13.648757    13.6650    38.2114    28.7436     6.0023    260.571 0.0000e+00
      1.507     44.479    13.6648   4.500319     2.3023     0.5364  1.5860806  13.648757    13.6646    38.2114    28.7436     5.9900    260.041 0.0000e+00
      1.437     45.479    13.6656   4.500389     2.3002     0.5275  1.5861824  13.648757    13.6654    38.2113    28.7434     5.9898    260.031 0.0000e+00
      1.462     46.479    13.6670   4.500565     2.3078     0.5421  1.5861823  13.649441    13.6668    38.2115    28.7433     6.0307    261.806 0.0000e+00
      1.413     47.479    13.6666   4.500512     2.3148     0.5450  1.5863859  13.649441    13.6664    38.2114    28.7433     6.0663    263.350 0.0000e+00
      1.344     48.479    13.6663   4.500477     2.3203     0.5511  1.5860297  13.649441    13.6661    38.2114    28.7433     6.0443    262.396 0.0000e+00
      1.561     49.479    13.6674   4.500619     2.3193     0.5443  1.5858262  13.646705    13.6672    38.2116    28.7433     6.0213    261.397 0.0000e+00
      1.422     50.479    13.6670   4.500562     2.3178     0.5329  1.5863350  13.643286    13.6668    38.2116    28.7433     5.9935    260.191 0.0000e+00
      1.391     51.479    13.6668   4.500551     2.3065     0.5485  1.5864876  13.646022    13.6666    38.2116    28.7434     5.9912    260.090 0.0000e+00
      1.417     52.479    13.6667   4.500527     2.3170     0.5525  1.5861824  13.645338    13.6665    38.2115    28.7433     6.0017    260.547 0.0000e+00
      1.303     53.479    13.6668   4.500536     2.2974     0.5393  1.5865893  13.646022    13.6666    38.2115    28.7433     5.8455    253.764 0.0000e+00
      1.572     54.479    13.6650   4.500339     2.2810     0.5372  1.5865893  13.646705    13.6648    38.2113    28.7435     5.8389    253.480 0.0000e+00
      1.425     55.479    13.6658   4.500451     2.2755     0.5445  1.5867420  13.645338    13.6656    38.2116    28.7436     5.8872    255.577 0.0000e+00
      1.359     56.479    13.6668   4.500559     2.2763     0.5230  1.5866911  13.646705    13.6666    38.2117    28.7434     5.8716    254.897 0.0000e+00
      1.409     57.479    13.6675   4.500635     2.2701     0.5245  1.5865893  13.646022    13.6673    38.2117    28.7433     5.8556    254.206 0.0000e+00
      1.373     58.479    13.6668   4.500556     2.2719     0.5300  1.5870472  13.646705    13.6666    38.2116    28.7434     5.9025    256.240 0.0000e+00
      1.537     59.479    13.6668   4.500550     2.2798     0.5171  1.5867929  13.647389    13.6666    38.2116    28.7434     5.9885    259.972 0.0000e+00
      1.491     60.479    13.6669   4.500564     2.2962     0.5145  1.5865385  13.648757    13.6667    38.2116    28.7434     5.9643    258.925 0.0000e+00
      1.365     61.479    13.6678   4.500675     2.2836     0.5230  1.5864876  13.648073    13.6676    38.2119    28.7434     5.8828    255.384 0.0000e+00
      1.432     62.479    13.6678   4.500660     2.2874     0.5251  1.5862841  13.650124    13.6676    38.2117    28.7432     5.9576    258.631 0.0000e+00
      1.503     63.479    13.6678   4.500665     2.2960     0.5283  1.5866402  13.650808    13.6676    38.2117    28.7432     6.0203    261.356 0.0000e+00
      1.435     64.479    13.6680   4.500681     2.3035     0.5271  1.5863859  13.650124    13.6678    38.2117    28.7432     6.0190    261.296 0.0000e+00
      1.412     65.479    13.6679   4.500695     2.3095     0.5200  1.5865385  13.650124    13.6677    38.2119    28.7434     5.9780    259.519 0.0000e+00
      1.519     66.479    13.6679   4.500686     2.2983     0.5274  1.5864876  13.649441    13.6677    38.2118    28.7433     5.9290    257.389 0.0000e+00
      1.411     67.479    13.6682   4.500717     2.2972     0.5200  1.5864876  13.652176    13.6680    38.2118    28.7433     5.9717    259.245 0.0000e+00
      1.427     68.479    13.6681   4.500716     2.3028     0.5089  1.5860297  13.650124    13.6679    38.2119    28.7433     6.0139    261.077 0.0000e+00
      1.434     69.479    13.6682   4.500719     2.3074     0.5031  1.5863350  13.649441    13.6680    38.2118    28.7433     6.0377    262.111 0.0000e+00
      1.525     70.479    13.6682   4.500716     2.3179     0.5255  1.5863859  13.650124    13.6680    38.2118    28.7432     6.0353    262.007 0.0000e+00
      1.447     71.479    13.6682   4.500716     2.3116     0.5167  1.5863859  13.648073    13.6680    38.2118    28.7432     6.0286    261.716 0.0000e+00
      1.453     72.479    13.6681   4.500711     2.3240     0.5105  1.5864876  13.648073    13.6679    38.2118    28.7433     6.0907    264.410 0.0000e+00
      1.407     73.479    13.6682   4.500715     2.3250     0.5177  1.5866911  13.648757    13.6680    38.2118    28.7432     6.0467    262.500 0.0000e+00
      1.562     74.479    13.6683   4.500755     2.3246     0.5321  1.5865894  13.647389    13.6681    38.2120    28.7433     6.0627    263.196 0.0000e+00
      1.475     75.479    13.6685   4.500745     2.3285     0.5286  1.5867420  13.648073    13.6683    38.2118    28.7431     6.0681    263.431 0.0000e+00
      1.299     76.479    13.6690   4.500830     2.3289     0.5306  1.5874034  13.648073    13.6688    38.2121    28.7433     6.0861    264.210 0.0000e+00
      1.443     77.479    13.6688   4.500804     2.3303     0.5370  1.5869455  13.648757    13.6686    38.2121    28.7433     6.0881    264.298 0.0000e+00
      1.507     78.479    13.6686   4.500768     2.3436     0.5417  1.5871490  13.648757    13.6684    38.2119    28.7432     6.1758    268.104 0.0000e+00
      1.426     79.479    13.6686   4.500780     2.3452     0.5441  1.5870472  13.650124    13.6684    38.2120    28.7433     6.1474    266.871 0.0000e+00
      1.546     80.479    13.6682   4.500733     2.3554     0.5278  1.5868437  13.647389    13.6680    38.2119    28.7433     6.1803    268.302 0.0000e+00
      1.390     81.479    13.6685   4.500765     2.3549     0.5113  1.5868946  13.650124    13.6683    38.2119    28.7433     6.1244    265.874 0.0000e+00
      1.421     82.479    13.6697   4.500913     2.3471     0.5028  1.5869455  13.652860    13.6695    38.2122    28.7432     6.0972    264.694 0.0000e+00
      1.554     83.479    13.6705   4.500989     2.3481     0.5140  1.5865894  13.653543    13.6703    38.2120    28.7429     6.1319    266.201 0.0000e+00
      1.375     84.479    13.6693   4.500831     2.3503     0.5176  1.5866911  13.652176    13.6691    38.2118    28.7430     6.1824    268.392 0.0000e+00
      1.299     85.479    13.6696   4.500882     2.3636     0.5209  1.5868437  13.652860    13.6694    38.2120    28.7431     6.2707    272.224 0.0000e+00
      1.501     86.479    13.6694   4.500879     2.3782     0.5114  1.5864876  13.654911    13.6692    38.2121    28.7433     6.2427    271.011 0.0000e+00
      1.549     87.479    13.6693   4.500887     2.3680     0.5147  1.5863350  13.653543    13.6691    38.2122    28.7433     6.1180    265.596 0.0000e+00
      1.488     88.479    13.6704   4.500984     2.3617     0.5174  1.5860297  13.652860    13.6702    38.2121    28.7430     6.1970    269.026 0.0000e+00
      1.402     89.479    13.6709   4.501048     2.3702     0.5058  1.5862841  13.657646    13.6707    38.2122    28.7430     6.2230    270.153 0.0000e+00
      1.511     90.479    13.6719   4.501177     2.3746     0.5120  1.5863350  13.654911    13.6717    38.2125    28.7430     6.2447    271.096 0.0000e+00
      1.365     91.479    13.6713   4.501075     2.3760     0.5166  1.5861315  13.652176    13.6711    38.2122    28.7429     6.2665    272.045 0.0000e+00
      1.418     92.479    13.6710   4.501055     2.3958     0.5098  1.5861824  13.652176    13.6708    38.2122    28.7430     6.3646    276.302 0.0000e+00
      1.569     93.479    13.6708   4.501041     2.3988     0.5161  1.5863858  13.651492    13.6706    38.2122    28.7430     6.2697    272.184 0.0000e+00
      1.322     94.479    13.6711   4.501066     2.3897     0.5210  1.5862332  13.652860    13.6709    38.2122    28.7429     6.2384    270.823 0.0000e+00
      1.441     95.479    13.6715   4.501120     2.3946     0.5221  1.5859280  13.652860    13.6713    38.2123    28.7429     6.3236    274.523 0.0000e+00
      1.627     96.479    13.6712   4.501100     2.4040     0.5290  1.5859789  13.653543    13.6710    38.2123    28.7430     6.3950    277.619 0.0000e+00
      1.335     97.479    13.6718   4.501145     2.4161     0.5136  1.5859789  13.655595    13.6716    38.2123    28.7428     6.4045    278.034 0.0000e+00
      1.270     98.479    13.6716   4.501118     2.4328     0.5169  1.5861315  13.654911    13.6714    38.2123    28.7428     6.4879    281.653 0.0000e+00
      1.459     99.479    13.6703   4.500969     2.4339     0.5208  1.5863350  13.656279    13.6701    38.2121    28.7431     6.3429    275.360 0.0000e+00
      1.504    100.479    13.6704   4.501008     2.4185     0.5197  1.5860806  13.655595    13.6702    38.2123    28.7432     6.3543    275.854 0.0000e+00
      1.420    101.479    13.6716   4.501140     2.4347     0.5281  1.5861315  13.656279    13.6714    38.2124    28.7430     6.5026    282.291 0.0000e+00
      1.341    102.479    13.6718   4.501163     2.4454     0.5311  1.5862332  13.655595    13.6716    38.2125    28.7430     6.4367    279.434 0.0000e+00
