Boussole/Data/SBEMOOSE/Work/cnv/bous235_02.cnv
* Sea-Bird SBE 9 Data File:
* FileName = C:\boussole\202110\bous235_02.hdr
* Software Version Seasave V 7.23.2
* Temperature SN = 1378
* Conductivity SN = 2929
* Number of Bytes Per Scan = 34
* Number of Voltage Words = 3
* Number of Scans Averaged by the Deck Unit = 1
* NMEA Latitude = 43 21.93 N
* NMEA Longitude = 007 53.76 E
* NMEA UTC (Time) = Oct 12 2021  12:10:20
* NMEA baud rate = 4800
** Campagne = BOUSSOLE 235
** Navire = Tethys II
** Station = BOUS235_02
** Date = 12/10/2021
** Heure debut [TU] = 12:10
** Heure fin [TU] = 13:35
** Heure locale / TU = +2
** Latitude = 43 21.932 N
** Longitude = 007 53.766 E
** Heure meteo [TU] = 12:10
** T air sec [deg C] = 19.8
** T mer [deg C] = 19.68
** Vent [noeuds, degres] = 3.1, 230
** Pression atm [hpa] = 1013.2
** Humidite [%] = 70.6
** Nebulosite [octas] = 1
** Etat de la mer [code S] = 2
# nquan = 14
# nvalues = 5136                        
# units = specified
# name 0 = prDM: Pressure, Digiquartz [db]
# name 1 = timeS: Time, Elapsed [seconds]
# name 2 = t090C: Temperature [ITS-90, deg C]
# name 3 = c0S/m: Conductivity [S/m]
# name 4 = sbeox0V: Oxygen raw, SBE 43 [V]
# name 5 = flC: Fluorescence, Chelsea Aqua 3 Chl Con [ug/l]
# name 6 = upoly0: Upoly 0, RINKOIII_DO
# name 7 = upoly1: Upoly 1, RINKOIII_Temp
# name 8 = potemp090C: Potential Temperature [ITS-90, deg C]
# name 9 = sal00: Salinity, Practical [PSU]
# name 10 = sigma-é00: Density [sigma-theta, kg/m^3]
# name 11 = sbeox0ML/L: Oxygen, SBE 43 [ml/l], WS = 2
# name 12 = sbox0Mm/Kg: Oxygen, SBE 43 [umol/kg], WS = 2
# name 13 = flag: flag
# span 0 =      0.875,    404.375       
# span 1 =      0.479,   5135.354       
# span 2 =    13.6812,    19.7498       
# span 3 =   4.534670,   5.169063       
# span 4 =     2.4060,     3.5948       
# span 5 =     0.1645,     0.7494       
# span 6 =  1.4217033,  1.8200041       
# span 7 =  13.664484,  19.688600       
# span 8 =    13.6214,    19.7495       
# span 9 =    38.3334,    38.6470       
# span 10 =    27.3802,    29.0830      
# span 11 =     3.6642,     5.7103      
# span 12 =    159.018,    247.963      
# span 13 = 0.0000e+00, 0.0000e+00      
# interval = seconds: 1                 
# start_time = Oct 12 2021 12:10:20 [NMEA time, header]
# bad_flag = -9.990e-29
*END*
[from data line 1549]
     80.018   1549.479    13.7120   4.538279     2.7648     0.3137  1.7053826  13.696617    13.7003    38.4899    28.9518     4.2504    184.479 0.0000e+00
     80.084   1550.479    13.7122   4.538309     2.7651     0.3207  1.7053826  13.697301    13.7005    38.4901    28.9519     4.2473    184.349 0.0000e+00
     80.122   1551.479    13.7121   4.538312     2.7651     0.3182  1.7057387  13.697301    13.7004    38.4901    28.9520     4.2467    184.322 0.0000e+00
     80.068   1552.479    13.7120   4.538282     2.7644     0.3130  1.7055352  13.697301    13.7003    38.4900    28.9519     4.2387    183.974 0.0000e+00
     80.091   1553.479    13.7121   4.538296     2.7612     0.3236  1.7056878  13.697301    13.7004    38.4900    28.9519     4.2370    183.899 0.0000e+00
     80.124   1554.479    13.7121   4.538291     2.7629     0.3218  1.7060439  13.697985    13.7004    38.4899    28.9518     4.2464    184.310 0.0000e+00
     80.072   1555.479    13.7120   4.538263     2.7626     0.3152  1.7060440  13.697301    13.7003    38.4898    28.9518     4.2400    184.029 0.0000e+00
     80.048   1556.479    13.7119   4.538246     2.7623     0.3123  1.7056369  13.697301    13.7002    38.4897    28.9517     4.2429    184.155 0.0000e+00
     80.037   1557.479    13.7118   4.538227     2.7629     0.3211  1.7053317  13.698668    13.7001    38.4896    28.9517     4.2450    184.248 0.0000e+00
     80.051   1558.479    13.7118   4.538219     2.7633     0.3081  1.7055352  13.696617    13.7001    38.4895    28.9516     4.2411    184.078 0.0000e+00
     80.215   1559.479    13.7112   4.538163     2.7616     0.3055  1.7056369  13.698668    13.6994    38.4896    28.9518     4.2403    184.045 0.0000e+00
     80.231   1560.479    13.7115   4.538181     2.7633     0.3105  1.7057387  13.697301    13.6997    38.4895    28.9516     4.2452    184.256 0.0000e+00
     80.006   1561.479    13.7113   4.538159     2.7621     0.3096  1.7059422  13.696617    13.6996    38.4895    28.9517     4.2366    183.881 0.0000e+00
     79.910   1562.479    13.7111   4.538133     2.7607     0.3227  1.7058404  13.697301    13.6994    38.4896    28.9518     4.2386    183.970 0.0000e+00
     80.019   1563.479    13.7106   4.538030     2.7621     0.3296  1.7055861  13.697301    13.6989    38.4890    28.9514     4.2438    184.193 0.0000e+00
     80.175   1564.479    13.7111   4.538118     2.7621     0.3303  1.7055861  13.697985    13.6994    38.4893    28.9516     4.2434    184.177 0.0000e+00
     80.203   1565.479    13.7110   4.538111     2.7633     0.3209  1.7057896  13.697985    13.6992    38.4893    28.9516     4.2453    184.262 0.0000e+00
     80.119   1566.479    13.7107   4.538057     2.7630     0.3308  1.7057896  13.696617    13.6990    38.4891    28.9515     4.2456    184.275 0.0000e+00
     79.953   1567.479    13.7099   4.537920     2.7648     0.3273  1.7059931  13.697301    13.6982    38.4886    28.9513     4.2537    184.627 0.0000e+00
     79.998   1568.479    13.7097   4.537904     2.7666     0.3271  1.7054843  13.697301    13.6980    38.4887    28.9514     4.2527    184.582 0.0000e+00
     80.226   1569.479    13.7099   4.537944     2.7662     0.3164  1.7056369  13.697301    13.6981    38.4888    28.9514     4.2476    184.361 0.0000e+00
     80.215   1570.479    13.7101   4.537981     2.7655     0.3214  1.7057896  13.697301    13.6984    38.4889    28.9515     4.2463    184.303 0.0000e+00
     79.968   1571.479    13.7090   4.537787     2.7644     0.3301  1.7055861  13.696617    13.6973    38.4883    28.9512     4.2415    184.096 0.0000e+00
     79.937   1572.479    13.7085   4.537728     2.7635     0.3305  1.7058405  13.696617    13.6968    38.4883    28.9513     4.2421    184.122 0.0000e+00
     80.167   1573.479    13.7087   4.537776     2.7622     0.3136  1.7055352  13.695934    13.6970    38.4884    28.9514     4.2390    183.989 0.0000e+00
     80.144   1574.479    13.7094   4.537844     2.7624     0.3199  1.7057387  13.694566    13.6977    38.4884    28.9512     4.2449    184.244 0.0000e+00
     79.987   1575.479    13.7084   4.537686     2.7634     0.3152  1.7054334  13.695250    13.6967    38.4880    28.9511     4.2456    184.273 0.0000e+00
     80.094   1576.479    13.7078   4.537623     2.7631     0.3106  1.7056369  13.695934    13.6961    38.4879    28.9512     4.2425    184.141 0.0000e+00
     80.181   1577.479    13.7086   4.537739     2.7628     0.3163  1.7055861  13.693883    13.6969    38.4882    28.9512     4.2418    184.107 0.0000e+00
     80.079   1578.479    13.7079   4.537649     2.7622     0.3325  1.7056369  13.691832    13.6962    38.4880    28.9512     4.2396    184.011 0.0000e+00
     80.099   1579.479    13.7079   4.537635     2.7615     0.3258  1.7055352  13.696617    13.6962    38.4879    28.9511     4.2409    184.071 0.0000e+00
     80.086   1580.479    13.7078   4.537598     2.7627     0.3195  1.7054334  13.696617    13.6961    38.4877    28.9510     4.2493    184.435 0.0000e+00
     79.963   1581.479    13.7072   4.537545     2.7649     0.3188  1.7055861  13.693883    13.6955    38.4878    28.9512     4.2515    184.530 0.0000e+00
     80.031   1582.479    13.7073   4.537547     2.7649     0.3309  1.7055861  13.691148    13.6956    38.4877    28.9511     4.2473    184.346 0.0000e+00
     80.223   1583.479    13.7076   4.537610     2.7653     0.3281  1.7053826  13.694566    13.6959    38.4879    28.9512     4.2503    184.476 0.0000e+00
     80.143   1584.479    13.7076   4.537578     2.7660     0.3100  1.7055861  13.694566    13.6959    38.4876    28.9510     4.2516    184.533 0.0000e+00
     79.948   1585.479    13.7065   4.537429     2.7661     0.3154  1.7054334  13.690464    13.6948    38.4874    28.9511     4.2454    184.264 0.0000e+00
     80.065   1586.479    13.7071   4.537504     2.7638     0.3217  1.7051791  13.691148    13.6954    38.4875    28.9510     4.2428    184.154 0.0000e+00
     80.206   1587.479    13.7079   4.537639     2.7647     0.3112  1.7055352  13.694566    13.6961    38.4879    28.9512     4.2500    184.464 0.0000e+00
     80.151   1588.479    13.7077   4.537599     2.7649     0.3056  1.7055352  13.693883    13.6960    38.4877    28.9511     4.2459    184.287 0.0000e+00
     79.984   1589.479    13.7068   4.537461     2.7641     0.3076  1.7052299  13.691148    13.6951    38.4874    28.9510     4.2442    184.214 0.0000e+00
     79.960   1590.479    13.7069   4.537480     2.7639     0.3106  1.7055861  13.692515    13.6952    38.4875    28.9510     4.2460    184.292 0.0000e+00
     80.105   1591.479    13.7072   4.537526     2.7644     0.3075  1.7055861  13.696617    13.6955    38.4875    28.9510     4.2478    184.368 0.0000e+00
     80.158   1592.479    13.7072   4.537543     2.7646     0.3035  1.7053826  13.693883    13.6955    38.4877    28.9512     4.2472    184.344 0.0000e+00
     80.131   1593.479    13.7071   4.537516     2.7646     0.3078  1.7054843  13.690464    13.6954    38.4876    28.9511     4.2467    184.322 0.0000e+00
     80.099   1594.479    13.7072   4.537527     2.7647     0.3036  1.7052808  13.694566    13.6955    38.4876    28.9511     4.2494    184.438 0.0000e+00
     80.019   1595.479    13.7061   4.537403     2.7655     0.3123  1.7053317  13.689097    13.6944    38.4876    28.9513     4.2473    184.348 0.0000e+00
     80.069   1596.479    13.7062   4.537376     2.7639     0.3214  1.7053317  13.697301    13.6945    38.4872    28.9509     4.2423    184.131 0.0000e+00
     80.114   1597.479    13.7069   4.537453     2.7640     0.3216  1.7051791  13.696617    13.6952    38.4872    28.9508     4.2469    184.331 0.0000e+00
     80.163   1598.479    13.7070   4.537497     2.7645     0.3140  1.7053317  13.697301    13.6953    38.4875    28.9510     4.2483    184.393 0.0000e+00
     80.105   1599.479    13.7061   4.537395     2.7644     0.3147  1.7052299  13.693199    13.6944    38.4874    28.9511     4.2417    184.105 0.0000e+00
     79.887   1600.479    13.7052   4.537219     2.7624     0.3311  1.7053317  13.689781    13.6935    38.4868    28.9509     4.2427    184.149 0.0000e+00
     79.937   1601.479    13.7054   4.537261     2.7646     0.3230  1.7058913  13.693199    13.6937    38.4869    28.9509     4.2506    184.492 0.0000e+00
     80.261   1602.479    13.7062   4.537379     2.7639     0.3264  1.7053826  13.694566    13.6944    38.4872    28.9510     4.2439    184.199 0.0000e+00
     80.285   1603.479    13.7063   4.537407     2.7640     0.3124  1.7054334  13.693199    13.6945    38.4873    28.9511     4.2465    184.312 0.0000e+00
     80.070   1604.479    13.7060   4.537331     2.7643     0.3203  1.7053317  13.693199    13.6943    38.4870    28.9509     4.2468    184.328 0.0000e+00
     79.967   1605.479    13.7055   4.537256     2.7638     0.3246  1.7053826  13.692515    13.6938    38.4868    28.9508     4.2449    184.242 0.0000e+00
     80.003   1606.479    13.7055   4.537274     2.7648     0.3259  1.7053826  13.692515    13.6938    38.4870    28.9510     4.2520    184.551 0.0000e+00
     80.069   1607.479    13.7057   4.537308     2.7658     0.3259  1.7053317  13.696617    13.6940    38.4870    28.9509     4.2497    184.450 0.0000e+00
     80.089   1608.479    13.7056   4.537306     2.7651     0.3256  1.7054843  13.693199    13.6939    38.4871    28.9510     4.2459    184.287 0.0000e+00
     80.066   1609.479    13.7055   4.537287     2.7651     0.3147  1.7053317  13.692515    13.6938    38.4871    28.9510     4.2494    184.438 0.0000e+00
     80.177   1610.479    13.7058   4.537336     2.7654     0.3032  1.7054334  13.696617    13.6941    38.4871    28.9510     4.2447    184.234 0.0000e+00
     80.207   1611.479    13.7059   4.537348     2.7628     0.3086  1.7052299  13.696617    13.6942    38.4871    28.9510     4.2390    183.988 0.0000e+00
     80.032   1612.479    13.7057   4.537293     2.7633     0.3275  1.7051282  13.691148    13.6940    38.4869    28.9509     4.2502    184.471 0.0000e+00
     79.971   1613.479    13.7054   4.537252     2.7656     0.3255  1.7051282  13.687730    13.6937    38.4869    28.9509     4.2523    184.563 0.0000e+00
     80.032   1614.479    13.7052   4.537240     2.7652     0.3140  1.7052299  13.691832    13.6935    38.4869    28.9509     4.2458    184.282 0.0000e+00
     80.122   1615.479    13.7057   4.537329     2.7644     0.3210  1.7052299  13.693883    13.6940    38.4872    28.9510     4.2445    184.227 0.0000e+00
     80.081   1616.479    13.7057   4.537281     2.7640     0.3207  1.7052808  13.691832    13.6940    38.4868    28.9508     4.2489    184.416 0.0000e+00
     80.063   1617.479    13.7056   4.537273     2.7662     0.3107  1.7053826  13.694566    13.6939    38.4868    28.9508     4.2541    184.641 0.0000e+00
     80.185   1618.479    13.7057   4.537327     2.7659     0.3177  1.7052808  13.695934    13.6940    38.4871    28.9510     4.2479    184.375 0.0000e+00
     80.146   1619.479    13.7060   4.537357     2.7656     0.3180  1.7055352  13.689781    13.6943    38.4872    28.9510     4.2466    184.318 0.0000e+00
     79.969   1620.479    13.7054   4.537241     2.7642     0.3028  1.7055352  13.686362    13.6937    38.4868    28.9508     4.2409    184.069 0.0000e+00
     80.023   1621.479    13.7051   4.537216     2.7627     0.3025  1.7053826  13.688413    13.6934    38.4868    28.9509     4.2400    184.031 0.0000e+00
     80.128   1622.479    13.7060   4.537340     2.7622     0.3116  1.7053826  13.691148    13.6943    38.4870    28.9509     4.2455    184.268 0.0000e+00
     80.100   1623.479    13.7063   4.537368     2.7645     0.3104  1.7050264  13.691832    13.6946    38.4870    28.9508     4.2528    184.588 0.0000e+00
     80.079   1624.479    13.7059   4.537326     2.7662     0.3156  1.7051791  13.695250    13.6942    38.4869    28.9509     4.2562    184.736 0.0000e+00
     80.021   1625.479    13.7056   4.537280     2.7677     0.3165  1.7051791  13.687046    13.6939    38.4868    28.9508     4.2541    184.645 0.0000e+00
     80.080   1626.479    13.7058   4.537308     2.7665     0.3143  1.7050773  13.689097    13.6941    38.4870    28.9509     4.2432    184.169 0.0000e+00
     80.156   1627.479    13.7061   4.537363     2.7638     0.3340  1.7053826  13.694566    13.6944    38.4871    28.9509     4.2422    184.127 0.0000e+00
     80.150   1628.479    13.7058   4.537321     2.7646     0.3328  1.7051791  13.693199    13.6941    38.4870    28.9509     4.2511    184.511 0.0000e+00
     80.027   1629.479    13.7052   4.537230     2.7657     0.3321  1.7053826  13.691832    13.6935    38.4868    28.9509     4.2498    184.455 0.0000e+00
     79.975   1630.479    13.7051   4.537224     2.7649     0.3340  1.7051282  13.693883    13.6934    38.4869    28.9509     4.2441    184.210 0.0000e+00
     80.113   1631.479    13.7058   4.537314     2.7636     0.3314  1.7052299  13.693199    13.6941    38.4869    28.9508     4.2393    184.001 0.0000e+00
     80.230   1632.479    13.7061   4.537360     2.7616     0.3284  1.7052808  13.692515    13.6944    38.4870    28.9508     4.2370    183.900 0.0000e+00
     80.059   1633.479    13.7058   4.537290     2.7616     0.3259  1.7052808  13.690464    13.6941    38.4867    28.9507     4.2462    184.301 0.0000e+00
     79.893   1634.479    13.7054   4.537230     2.7647     0.3164  1.7050773  13.690464    13.6937    38.4867    28.9507     4.2567    184.754 0.0000e+00
     80.016   1635.479    13.7056   4.537286     2.7664     0.3205  1.7053317  13.689097    13.6939    38.4869    28.9509     4.2498    184.457 0.0000e+00
     80.243   1636.479    13.7058   4.537338     2.7648     0.3083  1.7051791  13.691832    13.6941    38.4871    28.9510     4.2450    184.246 0.0000e+00
     80.216   1637.479    13.7060   4.537352     2.7652     0.2885  1.7052299  13.689097    13.6942    38.4871    28.9510     4.2523    184.563 0.0000e+00
     80.000   1638.479    13.7058   4.537288     2.7668     0.2939  1.7051282  13.687046    13.6941    38.4867    28.9507     4.2541    184.643 0.0000e+00
     79.958   1639.479    13.7054   4.537254     2.7670     0.2954  1.7052299  13.693199    13.6937    38.4868    28.9509     4.2518    184.543 0.0000e+00
     80.063   1640.479    13.7060   4.537339     2.7667     0.3049  1.7052299  13.693883    13.6943    38.4870    28.9509     4.2488    184.412 0.0000e+00
     80.105   1641.479    13.7062   4.537360     2.7658     0.3175  1.7051791  13.694566    13.6945    38.4870    28.9508     4.2471    184.337 0.0000e+00
     80.101   1642.479    13.7061   4.537337     2.7653     0.3175  1.7050264  13.694566    13.6944    38.4869    28.9507     4.2478    184.369 0.0000e+00
     80.107   1643.479    13.7061   4.537353     2.7656     0.3214  1.7051282  13.695250    13.6944    38.4870    28.9509     4.2508    184.499 0.0000e+00
     80.171   1644.479    13.7061   4.537350     2.7660     0.3233  1.7052808  13.695250    13.6944    38.4870    28.9508     4.2492    184.431 0.0000e+00
     80.059   1645.479    13.7061   4.537356     2.7656     0.3156  1.7051791  13.687730    13.6944    38.4871    28.9509     4.2463    184.303 0.0000e+00
     79.903   1646.479    13.7054   4.537244     2.7637     0.3007  1.7052808  13.688413    13.6937    38.4868    28.9509     4.2387    183.974 0.0000e+00
     80.013   1647.479    13.7058   4.537311     2.7627     0.3104  1.7053317  13.690464    13.6941    38.4870    28.9510     4.2427    184.148 0.0000e+00
     80.197   1648.479    13.7059   4.537358     2.7625     0.3186  1.7053317  13.690464    13.6942    38.4872    28.9511     4.2407    184.061 0.0000e+00
     80.184   1649.479    13.7060   4.537364     2.7622     0.3207  1.7054334  13.689781    13.6943    38.4872    28.9510     4.2454    184.264 0.0000e+00
     80.022   1650.479    13.7059   4.537317     2.7640     0.3298  1.7052808  13.689097    13.6942    38.4869    28.9508     4.2504    184.482 0.0000e+00
