Boussole/Data/SBEMOOSE/Work/cnv/bous228_01.cnv
* Sea-Bird SBE 9 Data File:
* FileName = C:\boussole\202103\bous228_01.hdr
* Software Version Seasave V 7.23.2
* Temperature SN = 2473
* Conductivity SN = 2929
* Number of Bytes Per Scan = 37
* Number of Voltage Words = 4
* Number of Scans Averaged by the Deck Unit = 1
* NMEA Latitude = 43 22.22 N
* NMEA Longitude = 007 53.75 E
* NMEA UTC (Time) = Mar 03 2021  10:55:29
* NMEA baud rate = 4800
** Navire
** Station:
** Date
** Heure debut [TU]
** Heure fin [TU]
** Heure locale / TU = +0
** Latitude
** Longitude
** Heure meteo [TU]
** T air sec [deg C]
** T mer [deg C]
** Vent [noeuds, degres]
# nquan = 14
# nvalues = 533                         
# units = specified
# name 0 = prDM: Pressure, Digiquartz [db]
# name 1 = timeS: Time, Elapsed [seconds]
# name 2 = t090C: Temperature [ITS-90, deg C]
# name 3 = c0S/m: Conductivity [S/m]
# name 4 = sbeox0V: Oxygen raw, SBE 43 [V]
# name 5 = flC: Fluorescence, Chelsea Aqua 3 Chl Con [ug/l]
# name 6 = upoly0: Upoly 0, RINKOIII_DO
# name 7 = upoly1: Upoly 1, RINKOIII_Temp
# name 8 = potemp090C: Potential Temperature [ITS-90, deg C]
# name 9 = sal00: Salinity, Practical [PSU]
# name 10 = sigma-é00: Density [sigma-theta, kg/m^3]
# name 11 = sbeox0ML/L: Oxygen, SBE 43 [ml/l], WS = 2
# name 12 = sbox0Mm/Kg: Oxygen, SBE 43 [umol/kg], WS = 2
# name 13 = flag: flag
# span 0 =      0.875,     50.450       
# span 1 =      0.479,    532.438       
# span 2 =    13.3966,    13.6044       
# span 3 =   4.489958,   4.510629       
# span 4 =     2.9319,     3.0150       
# span 5 =     0.8319,     2.2813       
# span 6 =  1.5258445,  1.5482295       
# span 7 =  13.377824,  13.505804       
# span 8 =    13.3922,    13.6040       
# span 9 =    38.3646,    38.4018       
# span 10 =    28.8779,    28.9457      
# span 11 =     4.6601,     4.8053      
# span 12 =    202.265,    208.575      
# span 13 = 0.0000e+00, 0.0000e+00      
# interval = seconds: 1                 
# start_time = Mar 03 2021 10:55:29 [NMEA time, header]
# bad_flag = -9.990e-29
*END*
[from data line 207]
     50.083    207.479    13.4162   4.496206     2.9460     1.4592  1.5419719  13.400414    13.4090    38.4000    28.9441     4.6932    203.704 0.0000e+00
     49.917    208.479    13.4162   4.496249     2.9460     1.4464  1.5421245  13.401098    13.4090    38.4005    28.9445     4.6928    203.684 0.0000e+00
     49.741    209.479    13.4161   4.496203     2.9465     1.3956  1.5425315  13.401783    13.4089    38.4002    28.9443     4.6909    203.603 0.0000e+00
     50.092    210.479    13.4163   4.496280     2.9446     1.4785  1.5424806  13.397676    13.4091    38.4006    28.9446     4.6824    203.235 0.0000e+00
     50.171    211.479    13.4163   4.496305     2.9430     1.4758  1.5427350  13.400414    13.4091    38.4008    28.9447     4.6821    203.219 0.0000e+00
     49.807    212.479    13.4161   4.496242     2.9418     1.4706  1.5429385  13.401098    13.4089    38.4006    28.9446     4.6814    203.188 0.0000e+00
     49.732    213.479    13.4163   4.496272     2.9423     1.4317  1.5431929  13.399729    13.4091    38.4007    28.9447     4.6867    203.422 0.0000e+00
     50.079    214.479    13.4163   4.496339     2.9432     1.3928  1.5431929  13.399729    13.4091    38.4011    28.9450     4.6875    203.455 0.0000e+00
     50.213    215.479    13.4163   4.496356     2.9426     1.3672  1.5431420  13.399729    13.4091    38.4013    28.9451     4.6798    203.122 0.0000e+00
     49.850    216.479    13.4162   4.496284     2.9412     1.3381  1.5432438  13.401783    13.4090    38.4009    28.9448     4.6819    203.213 0.0000e+00
     49.561    217.479    13.4161   4.496237     2.9418     1.3686  1.5431420  13.401098    13.4090    38.4006    28.9446     4.6812    203.180 0.0000e+00
     49.896    218.479    13.4164   4.496363     2.9402     1.3985  1.5430911  13.399729    13.4092    38.4014    28.9452     4.6770    202.999 0.0000e+00
     50.389    219.479    13.4164   4.496387     2.9405     1.3862  1.5433964  13.397676    13.4091    38.4014    28.9452     4.6836    203.286 0.0000e+00
     50.071    220.479    13.4163   4.496340     2.9417     1.3897  1.5437016  13.399729    13.4091    38.4011    28.9450     4.6865    203.410 0.0000e+00
     49.620    221.479    13.4163   4.496298     2.9427     1.3802  1.5435999  13.400414    13.4091    38.4010    28.9449     4.6853    203.359 0.0000e+00
     49.790    222.479    13.4164   4.496348     2.9418     1.4298  1.5434981  13.399729    13.4092    38.4012    28.9450     4.6796    203.111 0.0000e+00
     49.994    223.479    13.4163   4.496371     2.9409     1.3718  1.5434473  13.399045    13.4091    38.4015    28.9453     4.6815    203.196 0.0000e+00
     49.913    224.479    13.4163   4.496359     2.9418     1.3870  1.5435999  13.400414    13.4091    38.4014    28.9452     4.6851    203.351 0.0000e+00
     49.970    225.479    13.4164   4.496357     2.9418     1.4241  1.5432438  13.400414    13.4091    38.4013    28.9451     4.6792    203.094 0.0000e+00
     50.095    226.479    13.4164   4.496371     2.9395     1.4098  1.5433964  13.399045    13.4092    38.4014    28.9452     4.6722    202.790 0.0000e+00
     49.958    227.479    13.4163   4.496354     2.9384     1.3819  1.5434981  13.399729    13.4091    38.4013    28.9451     4.6766    202.982 0.0000e+00
     49.821    228.479    13.4164   4.496350     2.9394     1.3321  1.5434981  13.401098    13.4092    38.4013    28.9451     4.6801    203.134 0.0000e+00
     49.859    229.479    13.4163   4.496349     2.9395     1.3706  1.5434981  13.398360    13.4091    38.4013    28.9451     4.6754    202.929 0.0000e+00
     49.947    230.479    13.4164   4.496348     2.9377     1.4129  1.5438034  13.398360    13.4092    38.4012    28.9451     4.6703    202.710 0.0000e+00
     49.961    231.479    13.4164   4.496337     2.9367     1.4400  1.5438034  13.399045    13.4092    38.4011    28.9449     4.6696    202.679 0.0000e+00
     50.120    232.479    13.4165   4.496363     2.9362     1.4525  1.5434473  13.399729    13.4093    38.4012    28.9450     4.6728    202.818 0.0000e+00
     50.095    233.479    13.4164   4.496356     2.9370     1.4183  1.5436508  13.399045    13.4091    38.4013    28.9451     4.6752    202.923 0.0000e+00
     49.855    234.479    13.4164   4.496324     2.9376     1.4581  1.5433964  13.399045    13.4092    38.4010    28.9448     4.6771    203.002 0.0000e+00
     49.935    235.479    13.4165   4.496345     2.9385     1.4158  1.5435999  13.396991    13.4093    38.4011    28.9449     4.6784    203.060 0.0000e+00
     50.013    236.479    13.4165   4.496353     2.9392     1.3440  1.5432946  13.398360    13.4093    38.4011    28.9450     4.6799    203.123 0.0000e+00
     49.775    237.479    13.4164   4.496287     2.9397     1.3557  1.5435490  13.400414    13.4092    38.4007    28.9447     4.6781    203.048 0.0000e+00
     49.880    238.479    13.4165   4.496319     2.9388     1.4045  1.5437016  13.400414    13.4093    38.4009    28.9447     4.6739    202.866 0.0000e+00
     50.221    239.479    13.4166   4.496367     2.9383     1.4408  1.5437525  13.399045    13.4094    38.4011    28.9449     4.6764    202.975 0.0000e+00
     50.138    240.479    13.4164   4.496314     2.9387     1.5453  1.5431929  13.401783    13.4092    38.4008    28.9447     4.6766    202.982 0.0000e+00
     49.995    241.479    13.4164   4.496308     2.9385     1.5769  1.5434473  13.401098    13.4092    38.4008    28.9447     4.6784    203.061 0.0000e+00
     49.981    242.479    13.4164   4.496187     2.9400     1.5751  1.5435999  13.400414    13.4092    38.3996    28.9438     4.6830    203.261 0.0000e+00
     49.940    243.479    13.4164   4.496315     2.9404     1.4219  1.5435999  13.401783    13.4092    38.4009    28.9448     4.6797    203.116 0.0000e+00
     49.874    244.479    13.4164   4.496303     2.9402     1.4365  1.5434981  13.399045    13.4092    38.4008    28.9447     4.6803    203.144 0.0000e+00
     49.925    245.479    13.4164   4.496317     2.9404     1.4080  1.5436508  13.398360    13.4092    38.4009    28.9448     4.6781    203.049 0.0000e+00
     50.124    246.479    13.4164   4.496336     2.9390     1.4106  1.5433964  13.398360    13.4093    38.4010    28.9448     4.6739    202.865 0.0000e+00
     50.161    247.479    13.4164   4.496352     2.9382     1.3912  1.5433455  13.399045    13.4092    38.4012    28.9450     4.6723    202.797 0.0000e+00
     50.103    248.479    13.4162   4.496371     2.9371     1.3485  1.5434981  13.401098    13.4090    38.4016    28.9453     4.6721    202.788 0.0000e+00
     50.081    249.479    13.4162   4.496371     2.9370     1.3721  1.5434981  13.399729    13.4090    38.4016    28.9454     4.6707    202.726 0.0000e+00
     49.897    250.479    13.4163   4.496327     2.9359     1.3776  1.5434473  13.399045    13.4091    38.4012    28.9450     4.6704    202.714 0.0000e+00
     49.754    251.479    13.4163   4.496268     2.9362     1.3637  1.5432438  13.401783    13.4091    38.4006    28.9446     4.6707    202.727 0.0000e+00
     50.032    252.479    13.4163   4.496346     2.9357     1.3812  1.5430911  13.399729    13.4091    38.4012    28.9450     4.6704    202.712 0.0000e+00
     50.336    253.479    13.4164   4.496391     2.9365     1.3499  1.5435490  13.399045    13.4091    38.4015    28.9452     4.6754    202.931 0.0000e+00
     50.133    254.479    13.4163   4.496349     2.9367     1.3576  1.5434473  13.401098    13.4091    38.4012    28.9451     4.6718    202.771 0.0000e+00
     49.863    255.479    13.4163   4.496305     2.9367     1.4985  1.5435999  13.399729    13.4091    38.4009    28.9448     4.6745    202.892 0.0000e+00
     49.941    256.479    13.4164   4.496318     2.9377     1.5294  1.5433964  13.397676    13.4092    38.4009    28.9448     4.6764    202.972 0.0000e+00
     50.171    257.479    13.4164   4.496305     2.9377     1.4261  1.5440069  13.399729    13.4092    38.4007    28.9447     4.6720    202.782 0.0000e+00
     50.173    258.479    13.4163   4.496330     2.9364     1.3603  1.5464489  13.399729    13.4091    38.4011    28.9450     4.6698    202.685 0.0000e+00
     49.952    259.479    13.4163   4.496305     2.9360     1.3336  1.5434473  13.400414    13.4091    38.4009    28.9448     4.6703    202.711 0.0000e+00
     49.930    260.479    13.4163   4.496326     2.9361     1.3359  1.5435999  13.399729    13.4091    38.4011    28.9449     4.6740    202.869 0.0000e+00
     50.055    261.479    13.4164   4.496344     2.9379     1.3477  1.5434473  13.398360    13.4092    38.4012    28.9450     4.6825    203.237 0.0000e+00
     50.008    262.479    13.4163   4.496289     2.9404     1.3781  1.5438542  13.399729    13.4091    38.4007    28.9447     4.6851    203.350 0.0000e+00
     50.126    263.479    13.4163   4.496294     2.9406     1.3869  1.5435999  13.398360    13.4091    38.4007    28.9447     4.6776    203.026 0.0000e+00
     50.303    264.479    13.4163   4.496304     2.9392     1.3866  1.5435490  13.398360    13.4090    38.4007    28.9446     4.6731    202.829 0.0000e+00
     50.067    265.479    13.4163   4.496293     2.9372     1.3828  1.5435490  13.401783    13.4091    38.4007    28.9447     4.6673    202.578 0.0000e+00
     49.750    266.479    13.4163   4.496281     2.9358     1.4368  1.5431929  13.401098    13.4091    38.4007    28.9447     4.6719    202.779 0.0000e+00
     49.928    267.479    13.4164   4.496310     2.9376     1.5233  1.5432946  13.400414    13.4092    38.4009    28.9448     4.6793    203.098 0.0000e+00
     50.292    268.479    13.4164   4.496337     2.9386     1.4425  1.5435490  13.399045    13.4091    38.4009    28.9448     4.6772    203.007 0.0000e+00
     50.105    269.479    13.4164   4.496320     2.9383     1.3728  1.5432438  13.400414    13.4092    38.4009    28.9448     4.6759    202.951 0.0000e+00
     49.881    270.479    13.4164   4.496301     2.9386     1.4031  1.5438034  13.401098    13.4092    38.4008    28.9447     4.6770    202.998 0.0000e+00
     50.159    271.479    13.4165   4.496337     2.9385     1.4462  1.5436508  13.398360    13.4092    38.4009    28.9448     4.6778    203.034 0.0000e+00
     50.277    272.479    13.4165   4.496345     2.9393     1.4352  1.5435490  13.401098    13.4093    38.4009    28.9448     4.6792    203.095 0.0000e+00
     49.823    273.479    13.4163   4.496296     2.9390     1.3939  1.5435999  13.401098    13.4091    38.4008    28.9448     4.6715    202.760 0.0000e+00
     49.686    274.479    13.4164   4.496302     2.9362     1.3899  1.5435999  13.401098    13.4092    38.4009    28.9448     4.6668    202.555 0.0000e+00
     50.189    275.479    13.4165   4.496335     2.9360     1.3887  1.5434473  13.399045    13.4093    38.4009    28.9448     4.6710    202.741 0.0000e+00
     50.299    276.479    13.4166   4.496354     2.9361     1.3684  1.5435999  13.400414    13.4094    38.4008    28.9447     4.6727    202.811 0.0000e+00
     50.009    277.479    13.4164   4.496299     2.9369     1.3646  1.5433455  13.399729    13.4092    38.4007    28.9447     4.6761    202.960 0.0000e+00
     50.145    278.479    13.4164   4.496331     2.9376     1.4090  1.5435490  13.399045    13.4092    38.4009    28.9448     4.6746    202.893 0.0000e+00
     50.151    279.479    13.4163   4.496346     2.9371     1.3706  1.5434981  13.399729    13.4091    38.4012    28.9450     4.6703    202.709 0.0000e+00
     49.761    280.479    13.4162   4.496302     2.9356     1.3535  1.5434473  13.399045    13.4090    38.4010    28.9449     4.6678    202.600 0.0000e+00
     49.706    281.479    13.4164   4.496300     2.9357     1.5031  1.5434981  13.397676    13.4092    38.4009    28.9447     4.6721    202.787 0.0000e+00
     50.136    282.479    13.4164   4.496344     2.9364     1.4195  1.5436508  13.399729    13.4092    38.4010    28.9449     4.6731    202.831 0.0000e+00
     50.332    283.479    13.4165   4.496351     2.9362     1.3763  1.5434473  13.400414    13.4092    38.4010    28.9448     4.6697    202.684 0.0000e+00
     50.053    284.479    13.4164   4.496328     2.9357     1.3375  1.5435999  13.401783    13.4092    38.4010    28.9449     4.6728    202.817 0.0000e+00
     49.997    285.479    13.4165   4.496331     2.9373     1.3117  1.5435999  13.400414    13.4093    38.4010    28.9448     4.6762    202.964 0.0000e+00
     50.200    286.479    13.4164   4.496365     2.9374     1.3898  1.5437016  13.399045    13.4092    38.4012    28.9451     4.6749    202.910 0.0000e+00
     49.988    287.479    13.4164   4.496313     2.9377     1.4415  1.5437016  13.401783    13.4092    38.4009    28.9448     4.6752    202.920 0.0000e+00
     49.687    288.479    13.4163   4.496289     2.9374     1.4715  1.5437016  13.401098    13.4091    38.4008    28.9448     4.6707    202.725 0.0000e+00
     49.881    289.479    13.4163   4.496312     2.9362     1.4443  1.5435999  13.399729    13.4091    38.4010    28.9448     4.6690    202.650 0.0000e+00
     50.231    290.479    13.4163   4.496330     2.9358     1.3859  1.5436508  13.401098    13.4091    38.4010    28.9449     4.6707    202.727 0.0000e+00
     50.209    291.479    13.4162   4.496310     2.9361     1.3196  1.5437016  13.401098    13.4090    38.4009    28.9448     4.6723    202.795 0.0000e+00
     50.043    292.479    13.4163   4.496306     2.9361     1.3556  1.5438034  13.400414    13.4091    38.4009    28.9448     4.6712    202.748 0.0000e+00
     49.998    293.479    13.4162   4.496301     2.9361     1.3533  1.5434981  13.401098    13.4090    38.4009    28.9448     4.6715    202.761 0.0000e+00
     50.055    294.479    13.4161   4.496274     2.9362     1.3502  1.5434473  13.398360    13.4089    38.4007    28.9447     4.6705    202.715 0.0000e+00
     50.043    295.479    13.4160   4.496264     2.9356     1.3777  1.5435999  13.400414    13.4088    38.4007    28.9447     4.6701    202.700 0.0000e+00
     49.951    296.479    13.4160   4.496271     2.9359     1.3863  1.5439051  13.399729    13.4089    38.4008    28.9448     4.6694    202.670 0.0000e+00
     49.902    297.479    13.4161   4.496265     2.9342     1.3469  1.5432946  13.401783    13.4089    38.4008    28.9448     4.6618    202.340 0.0000e+00
     50.047    298.479    13.4161   4.496284     2.9332     1.3696  1.5434473  13.399729    13.4089    38.4008    28.9448     4.6649    202.474 0.0000e+00
     50.207    299.479    13.4161   4.496302     2.9335     1.4773  1.5434981  13.398360    13.4089    38.4009    28.9449     4.6676    202.592 0.0000e+00
     50.162    300.479    13.4158   4.496254     2.9340     1.6005  1.5434473  13.401783    13.4086    38.4008    28.9448     4.6655    202.498 0.0000e+00
     50.060    301.479    13.4157   4.496156     2.9324     1.4530  1.5435490  13.399729    13.4085    38.4001    28.9443     4.6609    202.302 0.0000e+00
     50.027    302.479    13.4155   4.496176     2.9323     1.4261  1.5437525  13.400414    13.4083    38.4004    28.9446     4.6632    202.400 0.0000e+00
     50.060    303.479    13.4156   4.496188     2.9323     1.4245  1.5435999  13.398360    13.4084    38.4004    28.9446     4.6668    202.557 0.0000e+00
     50.002    304.479    13.4160   4.496299     2.9343     1.4474  1.5432946  13.398360    13.4088    38.4011    28.9450     4.6719    202.778 0.0000e+00
     49.920    305.479    13.4159   4.496278     2.9346     1.4165  1.5431929  13.401783    13.4087    38.4010    28.9450     4.6668    202.557 0.0000e+00
     50.022    306.479    13.4159   4.496277     2.9335     1.4259  1.5434473  13.398360    13.4088    38.4009    28.9449     4.6641    202.438 0.0000e+00
     50.330    307.479    13.4161   4.496343     2.9336     1.4230  1.5434473  13.398360    13.4088    38.4013    28.9452     4.6658    202.513 0.0000e+00
     50.288    308.479    13.4160   4.496326     2.9332     1.6835  1.5434473  13.400414    13.4088    38.4012    28.9451     4.6675    202.589 0.0000e+00
