Boussole/Data/SBEMOOSE/Work/cnv/bous234_02.cnv
* Sea-Bird SBE 9 Data File:
* FileName = C:\boussole\202109\bous234_02.hdr
* Software Version Seasave V 7.23.2
* Temperature SN = 1378
* Conductivity SN = 2929
* Number of Bytes Per Scan = 34
* Number of Voltage Words = 3
* Number of Scans Averaged by the Deck Unit = 1
* NMEA Latitude = 43 22.09 N
* NMEA Longitude = 007 54.17 E
* NMEA UTC (Time) = Sep 13 2021  13:51:18
* NMEA baud rate = 4800
** Campagne = BOUSSOLE 234
** Navire = Tethys II
** Station = BOUS234_02
** Date = 13/09/2021
** Heure debut [TU] = 13:51
** Heure fin [TU] = 14:10
** Heure locale / TU = +2
** Latitude = 43 22.081 N
** Longitude = 007 54.154 E
** Heure meteo [TU] = 13:50
** T air sec [deg C] = 24.0
** T mer [deg C] = 23.88
** Vent [noeuds, degres] = 13, 246
** Pression atm [hpa] = 1016.1
** Humidite [%] = 83.8
** Nebulosite [octas] = 2
** Etat de la mer [code S] = 3
# nquan = 14
# nvalues = 1125                        
# units = specified
# name 0 = prDM: Pressure, Digiquartz [db]
# name 1 = timeS: Time, Elapsed [seconds]
# name 2 = t090C: Temperature [ITS-90, deg C]
# name 3 = c0S/m: Conductivity [S/m]
# name 4 = sbeox0V: Oxygen raw, SBE 43 [V]
# name 5 = flC: Fluorescence, Chelsea Aqua 3 Chl Con [ug/l]
# name 6 = upoly0: Upoly 0, RINKOIII_DO
# name 7 = upoly1: Upoly 1, RINKOIII_Temp
# name 8 = potemp090C: Potential Temperature [ITS-90, deg C]
# name 9 = sal00: Salinity, Practical [PSU]
# name 10 = sigma-é00: Density [sigma-theta, kg/m^3]
# name 11 = sbeox0ML/L: Oxygen, SBE 43 [ml/l], WS = 2
# name 12 = sbox0Mm/Kg: Oxygen, SBE 43 [umol/kg], WS = 2
# name 13 = flag: flag
# span 0 =      0.011,    300.832       
# span 1 =      0.479,   1124.479       
# span 2 =    13.6703,    23.9429       
# span 3 =   0.146908,   5.645570       
# span 4 =     2.4530,     4.1747       
# span 5 =    -0.2893,  1008.3704       
# span 6 =  1.3036223,  1.8098799       
# span 7 =  13.654227,  23.925170       
# span 8 =    13.6623,    23.9428       
# span 9 =     0.7614,    38.6630       
# span 10 =    -2.0090,    29.0791      
# span 11 =     3.7103,     6.6454      
# span 12 =    161.021,    288.647      
# span 13 = 0.0000e+00, 0.0000e+00      
# interval = seconds: 1                 
# start_time = Sep 13 2021 13:51:18 [NMEA time, header]
# bad_flag = -9.990e-29
*END*
[from data line 310]
    170.081    310.479    13.8332   4.571361     2.5272     0.1686  1.7850529  13.822377    13.8081    38.6415    29.0462     3.8009    164.958 0.0000e+00
    170.653    311.479    13.8332   4.571400     2.5295     0.1754  1.7851038  13.827844    13.8079    38.6417    29.0463     3.8083    165.279 0.0000e+00
    171.127    312.479    13.8340   4.571538     2.5293     0.1691  1.7857652  13.824427    13.8087    38.6419    29.0464     3.8007    164.949 0.0000e+00
    171.857    313.479    13.8357   4.571843     2.5285     0.1618  1.7857652  13.825111    13.8103    38.6428    29.0467     3.7993    164.889 0.0000e+00
    172.502    314.479    13.8362   4.571971     2.5279     0.1599  1.7858669  13.827844    13.8107    38.6432    29.0469     3.7969    164.784 0.0000e+00
    172.967    315.479    13.8364   4.572032     2.5259     0.1626  1.7863757  13.827844    13.8109    38.6434    29.0470     3.7898    164.474 0.0000e+00
    173.591    316.479    13.8362   4.572090     2.5241     0.1544  1.7863248  13.827844    13.8105    38.6439    29.0475     3.7925    164.590 0.0000e+00
    174.180    317.479    13.8354   4.572118     2.5250     0.1744  1.7865792  13.828527    13.8096    38.6447    29.0482     3.7965    164.765 0.0000e+00
    174.699    318.479    13.8358   4.572218     2.5245     0.1819  1.7867827  13.828527    13.8099    38.6450    29.0485     3.7948    164.691 0.0000e+00
    175.360    319.479    13.8368   4.572415     2.5250     0.1865  1.7871897  13.828527    13.8108    38.6456    29.0487     3.7967    164.776 0.0000e+00
    175.915    320.479    13.8380   4.572594     2.5245     0.1894  1.7875967  13.827160    13.8120    38.6458    29.0486     3.7922    164.578 0.0000e+00
    176.329    321.479    13.8392   4.572874     2.5232     0.1764  1.7880037  13.828527    13.8131    38.6470    29.0493     3.7886    164.424 0.0000e+00
    176.952    322.479    13.8426   4.573388     2.5221     0.1641  1.7882580  13.828527    13.8164    38.6483    29.0496     3.7872    164.363 0.0000e+00
    177.666    323.479    13.8447   4.573737     2.5208     0.1565  1.7881563  13.831260    13.8183    38.6492    29.0499     3.7823    164.147 0.0000e+00
    178.157    324.479    13.8458   4.573927     2.5194     0.1537  1.7886650  13.829894    13.8194    38.6496    29.0500     3.7841    164.225 0.0000e+00
    178.557    325.479    13.8477   4.574210     2.5197     0.1636  1.7884107  13.830577    13.8213    38.6502    29.0500     3.7856    164.293 0.0000e+00
    179.160    326.479    13.8491   4.574465     2.5189     0.1819  1.7887159  13.829894    13.8225    38.6509    29.0503     3.7791    164.009 0.0000e+00
    179.790    327.479    13.8496   4.574576     2.5166     0.1726  1.7890212  13.836043    13.8229    38.6512    29.0505     3.7747    163.820 0.0000e+00
    180.381    328.479    13.8495   4.574592     2.5159     0.1665  1.7894791  13.839460    13.8227    38.6512    29.0505     3.7763    163.890 0.0000e+00
    180.990    329.479    13.8497   4.574646     2.5148     0.1724  1.7898352  13.838093    13.8229    38.6512    29.0505     3.7760    163.876 0.0000e+00
    181.471    330.479    13.8494   4.574687     2.5154     0.1626  1.7900387  13.844926    13.8225    38.6516    29.0509     3.7807    164.080 0.0000e+00
    181.948    331.479    13.8501   4.574823     2.5158     0.1613  1.7900895  13.844926    13.8232    38.6520    29.0511     3.7787    163.994 0.0000e+00
    182.554    332.479    13.8502   4.574871     2.5149     0.1681  1.7901404  13.844243    13.8231    38.6522    29.0511     3.7727    163.732 0.0000e+00
    183.206    333.479    13.8501   4.574925     2.5130     0.1568  1.7909035  13.844926    13.8230    38.6524    29.0513     3.7673    163.496 0.0000e+00
    183.734    334.479    13.8490   4.574817     2.5104     0.1541  1.7912088  13.844243    13.8218    38.6523    29.0516     3.7621    163.272 0.0000e+00
    184.125    335.479    13.8477   4.574692     2.5093     0.1662  1.7913614  13.842876    13.8204    38.6522    29.0518     3.7699    163.611 0.0000e+00
    184.737    336.479    13.8466   4.574593     2.5119     0.1607  1.7916667  13.840826    13.8192    38.6521    29.0520     3.7837    164.208 0.0000e+00
    185.465    337.479    13.8453   4.574485     2.5143     0.1664  1.7916667  13.838776    13.8178    38.6520    29.0522     3.7787    163.992 0.0000e+00
    185.882    338.479    13.8434   4.574301     2.5122     0.1699  1.7922263  13.842193    13.8159    38.6521    29.0526     3.7627    163.296 0.0000e+00
    186.272    339.479    13.8436   4.574316     2.5077     0.1710  1.7921246  13.840143    13.8160    38.6519    29.0524     3.7556    162.992 0.0000e+00
    186.891    340.479    13.8407   4.574009     2.5071     0.1724  1.7923789  13.839460    13.8130    38.6516    29.0529     3.7703    163.628 0.0000e+00
    187.630    341.479    13.8383   4.573750     2.5099     0.1724  1.7924298  13.832627    13.8105    38.6512    29.0531     3.7784    163.978 0.0000e+00
    188.147    342.479    13.8374   4.573699     2.5115     0.1702  1.7928368  13.838776    13.8096    38.6513    29.0534     3.7799    164.045 0.0000e+00
    188.548    343.479    13.8382   4.573814     2.5126     0.1623  1.7928877  13.836043    13.8103    38.6515    29.0534     3.7763    163.888 0.0000e+00
    189.155    344.479    13.8374   4.573784     2.5110     0.1646  1.7930403  13.832627    13.8094    38.6518    29.0538     3.7684    163.544 0.0000e+00
    189.705    345.479    13.8354   4.573574     2.5100     0.1604  1.7929386  13.832627    13.8073    38.6515    29.0541     3.7720    163.701 0.0000e+00
    190.309    346.479    13.8337   4.573409     2.5101     0.1648  1.7929386  13.829210    13.8055    38.6514    29.0544     3.7726    163.729 0.0000e+00
    190.977    347.479    13.8334   4.573409     2.5101     0.1637  1.7935491  13.828527    13.8051    38.6514    29.0545     3.7716    163.682 0.0000e+00
    191.444    348.479    13.8322   4.573297     2.5083     0.1577  1.7936508  13.831943    13.8038    38.6514    29.0547     3.7638    163.344 0.0000e+00
    191.913    349.479    13.8317   4.573311     2.5067     0.1717  1.7935491  13.829210    13.8033    38.6517    29.0551     3.7614    163.241 0.0000e+00
    192.516    350.479    13.8323   4.573446     2.5047     0.1831  1.7936508  13.827844    13.8038    38.6522    29.0553     3.7571    163.053 0.0000e+00
    193.196    351.479    13.8329   4.573582     2.5032     0.1790  1.7939561  13.827844    13.8042    38.6526    29.0556     3.7585    163.116 0.0000e+00
    193.736    352.479    13.8320   4.573572     2.5033     0.1662  1.7938034  13.829210    13.8033    38.6531    29.0561     3.7600    163.181 0.0000e+00
    194.124    353.479    13.8320   4.573582     2.5026     0.1646  1.7939561  13.831260    13.8033    38.6530    29.0561     3.7589    163.134 0.0000e+00
    194.709    354.479    13.8313   4.573538     2.5029     0.1635  1.7940069  13.827844    13.8025    38.6531    29.0563     3.7632    163.319 0.0000e+00
    195.446    355.479    13.8310   4.573538     2.5037     0.1565  1.7944139  13.825794    13.8021    38.6530    29.0563     3.7628    163.300 0.0000e+00
    195.946    356.479    13.8301   4.573456     2.5027     0.1562  1.7947192  13.827844    13.8011    38.6529    29.0564     3.7582    163.102 0.0000e+00
    196.316    357.479    13.8293   4.573404     2.5026     0.1622  1.7946174  13.827160    13.8003    38.6530    29.0567     3.7631    163.314 0.0000e+00
    196.881    358.479    13.8295   4.573424     2.5032     0.1623  1.7951262  13.826477    13.8003    38.6528    29.0566     3.7630    163.311 0.0000e+00
    197.596    359.479    13.8293   4.573444     2.5031     0.1627  1.7949227  13.825794    13.8000    38.6529    29.0567     3.7623    163.280 0.0000e+00
    198.153    360.479    13.8285   4.573406     2.5026     0.1533  1.7950753  13.825794    13.7992    38.6530    29.0570     3.7539    162.916 0.0000e+00
    198.494    361.479    13.8285   4.573414     2.4986     0.1670  1.7956349  13.823744    13.7991    38.6530    29.0570     3.7452    162.538 0.0000e+00
    199.030    362.479    13.8283   4.573423     2.4978     0.1623  1.7958384  13.821694    13.7988    38.6531    29.0571     3.7498    162.739 0.0000e+00
    199.779    363.479    13.8284   4.573469     2.4970     0.1579  1.7961437  13.816228    13.7988    38.6530    29.0570     3.7520    162.831 0.0000e+00
    200.397    364.479    13.8282   4.573490     2.4976     0.1709  1.7966015  13.821694    13.7986    38.6531    29.0572     3.7519    162.827 0.0000e+00
    200.760    365.479    13.8282   4.573497     2.4966     0.1838  1.7962963  13.819644    13.7985    38.6531    29.0572     3.7495    162.723 0.0000e+00
    201.329    366.479    13.8269   4.573374     2.4968     0.1689  1.7965507  13.816911    13.7971    38.6530    29.0574     3.7521    162.836 0.0000e+00
    202.034    367.479    13.8244   4.573118     2.4965     0.1659  1.7970594  13.816228    13.7945    38.6527    29.0577     3.7515    162.809 0.0000e+00
    202.566    368.479    13.8227   4.572932     2.4970     0.1708  1.7965507  13.822377    13.7927    38.6524    29.0579     3.7577    163.081 0.0000e+00
    203.075    369.479    13.8217   4.572850     2.4987     0.1738  1.7967542  13.823744    13.7916    38.6524    29.0581     3.7602    163.188 0.0000e+00
    203.552    370.479    13.8216   4.572858     2.4992     0.1723  1.7967542  13.823744    13.7914    38.6524    29.0582     3.7595    163.158 0.0000e+00
    204.213    371.479    13.8210   4.572820     2.4988     0.1644  1.7969577  13.812811    13.7907    38.6524    29.0583     3.7544    162.936 0.0000e+00
    204.903    372.479    13.8201   4.572756     2.4981     0.1683  1.7973647  13.816228    13.7898    38.6523    29.0584     3.7568    163.043 0.0000e+00
    205.401    373.479    13.8182   4.572541     2.4981     0.1572  1.7972629  13.813495    13.7878    38.6519    29.0586     3.7510    162.791 0.0000e+00
    205.853    374.479    13.8174   4.572466     2.4952     0.1533  1.7974664  13.815544    13.7870    38.6518    29.0587     3.7463    162.583 0.0000e+00
    206.426    375.479    13.8150   4.572179     2.4950     0.1479  1.7976699  13.812811    13.7844    38.6513    29.0589     3.7544    162.936 0.0000e+00
    207.188    376.479    13.8135   4.572035     2.4966     0.1486  1.7977208  13.810761    13.7828    38.6511    29.0590     3.7582    163.102 0.0000e+00
    207.618    377.479    13.8127   4.571949     2.4963     0.1593  1.7976699  13.811445    13.7820    38.6509    29.0591     3.7517    162.821 0.0000e+00
    208.052    378.479    13.8122   4.571924     2.4954     0.1577  1.7980260  13.810078    13.7814    38.6510    29.0592     3.7517    162.821 0.0000e+00
    208.824    379.479    13.8117   4.571883     2.4948     0.1624  1.7980769  13.809394    13.7807    38.6508    29.0592     3.7502    162.753 0.0000e+00
    209.306    380.479    13.8102   4.571757     2.4941     0.1675  1.7982295  13.807344    13.7792    38.6508    29.0596     3.7480    162.658 0.0000e+00
    209.679    381.479    13.8108   4.571831     2.4932     0.1671  1.7983313  13.803244    13.7798    38.6508    29.0594     3.7495    162.725 0.0000e+00
    210.388    382.479    13.8088   4.571609     2.4939     0.1620  1.7980769  13.801877    13.7776    38.6504    29.0596     3.7548    162.957 0.0000e+00
    211.075    383.479    13.8070   4.571446     2.4946     0.1678  1.7982804  13.803927    13.7757    38.6503    29.0599     3.7525    162.855 0.0000e+00
    211.471    384.479    13.8066   4.571391     2.4937     0.1636  1.7981787  13.804611    13.7753    38.6500    29.0598     3.7523    162.847 0.0000e+00
    211.962    385.479    13.8054   4.571278     2.4945     0.1580  1.7984330  13.799827    13.7740    38.6499    29.0600     3.7564    163.023 0.0000e+00
    212.652    386.479    13.8030   4.571019     2.4952     0.1658  1.7987383  13.799827    13.7715    38.6496    29.0603     3.7563    163.021 0.0000e+00
    213.255    387.479    13.7998   4.570669     2.4945     0.1702  1.7986365  13.797777    13.7683    38.6492    29.0606     3.7497    162.731 0.0000e+00
    213.579    388.479    13.7997   4.570681     2.4923     0.1715  1.7983313  13.796410    13.7681    38.6492    29.0607     3.7449    162.526 0.0000e+00
    214.151    389.479    13.7993   4.570668     2.4913     0.1787  1.7989418  13.798460    13.7676    38.6493    29.0609     3.7480    162.657 0.0000e+00
    214.975    390.479    13.7976   4.570503     2.4918     0.1720  1.7989927  13.794360    13.7658    38.6491    29.0611     3.7535    162.899 0.0000e+00
    215.594    391.479    13.7950   4.570217     2.4926     0.1729  1.7991453  13.793677    13.7631    38.6487    29.0614     3.7504    162.761 0.0000e+00
    215.965    392.479    13.7954   4.570279     2.4906     0.1713  1.7993488  13.794360    13.7635    38.6487    29.0613     3.7429    162.438 0.0000e+00
    216.497    393.479    13.7933   4.570067     2.4900     0.1614  1.7993488  13.792310    13.7613    38.6485    29.0617     3.7481    162.663 0.0000e+00
    217.163    394.479    13.7926   4.570029     2.4900     0.1594  1.7994506  13.789577    13.7605    38.6486    29.0619     3.7461    162.577 0.0000e+00
    217.751    395.479    13.7923   4.570025     2.4891     0.1662  1.7994505  13.792994    13.7601    38.6486    29.0620     3.7437    162.473 0.0000e+00
    218.275    396.479    13.7921   4.570027     2.4882     0.1671  1.7996541  13.791627    13.7598    38.6486    29.0620     3.7441    162.489 0.0000e+00
    218.883    397.479    13.7911   4.569950     2.4885     0.1733  1.7999593  13.785476    13.7588    38.6486    29.0622     3.7476    162.642 0.0000e+00
    219.516    398.479    13.7912   4.569994     2.4890     0.1814  1.8000611  13.783426    13.7587    38.6487    29.0623     3.7475    162.636 0.0000e+00
    220.085    399.479    13.7904   4.569949     2.4885     0.1678  1.7998067  13.787526    13.7578    38.6488    29.0626     3.7439    162.481 0.0000e+00
    220.552    400.479    13.7898   4.569918     2.4875     0.1677  1.8001628  13.790260    13.7572    38.6489    29.0628     3.7447    162.513 0.0000e+00
    221.117    401.479    13.7887   4.569828     2.4884     0.1631  1.8003663  13.782743    13.7560    38.6489    29.0631     3.7491    162.705 0.0000e+00
    221.707    402.479    13.7879   4.569783     2.4885     0.1602  1.8001628  13.782743    13.7551    38.6490    29.0634     3.7470    162.617 0.0000e+00
    222.244    403.479    13.7879   4.569803     2.4879     0.1649  1.8007733  13.786160    13.7550    38.6490    29.0634     3.7455    162.550 0.0000e+00
    222.883    404.479    13.7878   4.569818     2.4882     0.1727  1.8006207  13.780693    13.7548    38.6489    29.0634     3.7483    162.673 0.0000e+00
    223.463    405.479    13.7876   4.569834     2.4877     0.1768  1.8006716  13.780693    13.7545    38.6490    29.0635     3.7441    162.488 0.0000e+00
    223.910    406.479    13.7863   4.569702     2.4870     0.1815  1.8006207  13.781376    13.7532    38.6488    29.0636     3.7446    162.512 0.0000e+00
    224.427    407.479    13.7846   4.569562     2.4870     0.1856  1.8010277  13.779326    13.7514    38.6490    29.0641     3.7459    162.568 0.0000e+00
    225.134    408.479    13.7837   4.569487     2.4867     0.1759  1.8008751  13.778643    13.7504    38.6489    29.0643     3.7438    162.477 0.0000e+00
    225.766    409.479    13.7840   4.569544     2.4857     0.1733  1.8012312  13.780009    13.7506    38.6488    29.0642     3.7403    162.325 0.0000e+00
    226.184    410.479    13.7833   4.569486     2.4848     0.1775  1.8013838  13.779326    13.7499    38.6488    29.0643     3.7408    162.344 0.0000e+00
    226.668    411.479    13.7828   4.569471     2.4846     0.1686  1.8014347  13.779326    13.7493    38.6489    29.0645     3.7422    162.405 0.0000e+00
