Boussole/Data/SBEMOOSE/Work/cnv/bous230_01.cnv
* Sea-Bird SBE 9 Data File:
* FileName = C:\boussole\202105\bous230_01.hdr
* Software Version Seasave V 7.23.2
* Temperature SN = 2473
* Conductivity SN = 2929
* Number of Bytes Per Scan = 37
* Number of Voltage Words = 4
* Number of Scans Averaged by the Deck Unit = 1
* NMEA Latitude = 43 22.50 N
* NMEA Longitude = 007 54.38 E
* NMEA UTC (Time) = May 14 2021  16:01:24
* NMEA baud rate = 4800
** Navire
** Station:
** Date
** Heure debut [TU]
** Heure fin [TU]
** Heure locale / TU = +0
** Latitude
** Longitude
** Heure meteo [TU]
** T air sec [deg C]
** T mer [deg C]
** Vent [noeuds, degres]
# nquan = 14
# nvalues = 1932                        
# units = specified
# name 0 = prDM: Pressure, Digiquartz [db]
# name 1 = timeS: Time, Elapsed [seconds]
# name 2 = t090C: Temperature [ITS-90, deg C]
# name 3 = c0S/m: Conductivity [S/m]
# name 4 = sbeox0V: Oxygen raw, SBE 43 [V]
# name 5 = flC: Fluorescence, Chelsea Aqua 3 Chl Con [ug/l]
# name 6 = upoly0: Upoly 0, RINKOIII_DO
# name 7 = upoly1: Upoly 1, RINKOIII_Temp
# name 8 = potemp090C: Potential Temperature [ITS-90, deg C]
# name 9 = sal00: Salinity, Practical [PSU]
# name 10 = sigma-é00: Density [sigma-theta, kg/m^3]
# name 11 = sbeox0ML/L: Oxygen, SBE 43 [ml/l], WS = 2
# name 12 = sbox0Mm/Kg: Oxygen, SBE 43 [umol/kg], WS = 2
# name 13 = flag: flag
# span 0 =      0.648,    407.420       
# span 1 =      0.479,   1931.375       
# span 2 =    13.4449,    16.1725       
# span 3 =   4.503536,   4.767767       
# span 4 =     2.1998,     3.1576       
# span 5 =     0.1398,     2.3490       
# span 6 =  1.4766993,  1.8407610       
# span 7 =  13.452431,  16.068164       
# span 8 =    13.4370,    16.1724       
# span 9 =    38.2174,    38.6869       
# span 10 =    28.1905,    29.0888      
# span 11 =     3.2510,     5.0734      
# span 12 =    141.086,    220.236      
# span 13 = 0.0000e+00, 0.0000e+00      
# interval = seconds: 1                 
# start_time = May 14 2021 16:01:24 [NMEA time, header]
# bad_flag = -9.990e-29
*END*
[from data line 723]
    405.754    723.479    13.6418   4.561331     2.2011     0.1631  1.8396927  13.627559    13.5818    38.6335    29.0885     3.2745    142.105 0.0000e+00
    406.217    724.479    13.6411   4.561248     2.2011     0.1668  1.8399979  13.622088    13.5811    38.6332    29.0884     3.2741    142.090 0.0000e+00
    406.712    725.479    13.6398   4.561115     2.2007     0.1696  1.8395909  13.620036    13.5797    38.6330    29.0885     3.2738    142.075 0.0000e+00
    405.920    726.479    13.6405   4.561173     2.2010     0.1698  1.8394892  13.624823    13.5805    38.6333    29.0886     3.2761    142.174 0.0000e+00
    405.411    727.479    13.6412   4.561231     2.2017     0.1636  1.8397944  13.624823    13.5813    38.6333    29.0884     3.2775    142.237 0.0000e+00
    406.404    728.479    13.6402   4.561150     2.2021     0.1677  1.8397944  13.622772    13.5802    38.6330    29.0884     3.2761    142.175 0.0000e+00
    407.233    729.479    13.6379   4.560894     2.2011     0.1596  1.8397944  13.620036    13.5777    38.6326    29.0887     3.2728    142.030 0.0000e+00
    405.910    730.479    13.6402   4.561138     2.2007     0.1582  1.8395909  13.625507    13.5802    38.6332    29.0886     3.2730    142.041 0.0000e+00
    404.772    731.479    13.6421   4.561318     2.2010     0.1652  1.8394892  13.624823    13.5823    38.6335    29.0884     3.2757    142.155 0.0000e+00
    405.403    732.479    13.6413   4.561250     2.2017     0.1685  1.8396418  13.622088    13.5814    38.6334    29.0885     3.2780    142.257 0.0000e+00
    406.897    733.479    13.6388   4.560991     2.2023     0.1610  1.8398453  13.619352    13.5787    38.6327    29.0885     3.2797    142.330 0.0000e+00
    406.425    734.479    13.6401   4.561145     2.2028     0.1678  1.8399470  13.626191    13.5801    38.6331    29.0885     3.2794    142.318 0.0000e+00
    404.975    735.479    13.6419   4.561311     2.2027     0.1677  1.8398453  13.624823    13.5821    38.6335    29.0884     3.2762    142.178 0.0000e+00
    405.225    736.479    13.6416   4.561265     2.2022     0.1703  1.8396418  13.620036    13.5817    38.6333    29.0883     3.2765    142.192 0.0000e+00
    406.629    737.479    13.6386   4.560957     2.2027     0.1699  1.8399979  13.618668    13.5785    38.6328    29.0886     3.2807    142.373 0.0000e+00
    406.735    738.479    13.6377   4.560850     2.2031     0.1798  1.8399470  13.624823    13.5776    38.6325    29.0886     3.2798    142.337 0.0000e+00
    405.683    739.479    13.6399   4.561083     2.2030     0.1716  1.8395909  13.622088    13.5800    38.6330    29.0885     3.2765    142.193 0.0000e+00
    405.498    740.479    13.6394   4.561007     2.2021     0.1739  1.8395909  13.626191    13.5795    38.6329    29.0885     3.2739    142.081 0.0000e+00
    406.143    741.479    13.6383   4.560875     2.2014     0.1693  1.8397944  13.620036    13.5782    38.6325    29.0885     3.2745    142.106 0.0000e+00
    406.815    742.479    13.6364   4.560677     2.2016     0.1759  1.8399470  13.620720    13.5763    38.6322    29.0886     3.2779    142.253 0.0000e+00
    406.425    743.479    13.6364   4.560636     2.2022     0.1859  1.8397944  13.619352    13.5764    38.6320    29.0884     3.2789    142.297 0.0000e+00
    405.817    744.479    13.6367   4.560678     2.2025     0.1810  1.8396927  13.620720    13.5767    38.6323    29.0886     3.2776    142.241 0.0000e+00
    405.945    745.479    13.6371   4.560737     2.2022     0.1732  1.8397944  13.618668    13.5771    38.6325    29.0887     3.2756    142.153 0.0000e+00
    406.010    746.479    13.6366   4.560667     2.2016     0.1802  1.8400488  13.617985    13.5766    38.6323    29.0887     3.2738    142.077 0.0000e+00
    406.108    747.479    13.6363   4.560643     2.2011     0.1759  1.8396418  13.618668    13.5763    38.6323    29.0887     3.2751    142.130 0.0000e+00
    406.504    748.479    13.6356   4.560566     2.2014     0.1731  1.8398962  13.620036    13.5755    38.6321    29.0888     3.2770    142.213 0.0000e+00
    406.798    749.479    13.6355   4.560550     2.2018     0.1762  1.8395909  13.617985    13.5754    38.6319    29.0886     3.2776    142.240 0.0000e+00
    406.259    750.479    13.6360   4.560591     2.2019     0.1688  1.8394892  13.616617    13.5759    38.6321    29.0886     3.2767    142.200 0.0000e+00
    405.514    751.479    13.6364   4.560626     2.2020     0.1744  1.8397944  13.618668    13.5765    38.6323    29.0887     3.2770    142.215 0.0000e+00
    405.668    752.479    13.6364   4.560616     2.2021     0.1756  1.8396927  13.618668    13.5764    38.6322    29.0886     3.2774    142.233 0.0000e+00
    406.443    753.479    13.6358   4.560572     2.2023     0.1695  1.8398453  13.615933    13.5757    38.6320    29.0886     3.2770    142.216 0.0000e+00
    406.978    754.479    13.6355   4.560578     2.2016     0.1667  1.8398962  13.615249    13.5754    38.6321    29.0887     3.2763    142.182 0.0000e+00
    406.797    755.479    13.6356   4.560560     2.2023     0.1626  1.8397435  13.616617    13.5755    38.6319    29.0885     3.2806    142.372 0.0000e+00
    406.025    756.479    13.6360   4.560588     2.2030     0.1636  1.8397435  13.616617    13.5760    38.6321    29.0886     3.2808    142.377 0.0000e+00
    405.422    757.479    13.6366   4.560650     2.2034     0.1649  1.8399470  13.617301    13.5767    38.6324    29.0887     3.2806    142.371 0.0000e+00
    405.622    758.479    13.6367   4.560670     2.2033     0.1550  1.8396418  13.617301    13.5768    38.6324    29.0886     3.2772    142.223 0.0000e+00
    406.580    759.479    13.6361   4.560631     2.2024     0.1636  1.8402523  13.615933    13.5760    38.6322    29.0887     3.2746    142.108 0.0000e+00
    407.420    760.479    13.6357   4.560612     2.2014     0.1602  1.8400997  13.617985    13.5755    38.6320    29.0886     3.2757    142.159 0.0000e+00
    406.677    761.479    13.6356   4.560575     2.2021     0.1660  1.8400997  13.616617    13.5755    38.6321    29.0888     3.2790    142.301 0.0000e+00
    405.497    762.479    13.6363   4.560624     2.2021     0.1757  1.8398962  13.618668    13.5764    38.6324    29.0888     3.2749    142.122 0.0000e+00
    405.551    763.479    13.6364   4.560630     2.2012     0.1709  1.8398453  13.617301    13.5765    38.6323    29.0887     3.2743    142.096 0.0000e+00
    406.245    764.479    13.6362   4.560630     2.2017     0.1597  1.8397944  13.615249    13.5762    38.6323    29.0887     3.2777    142.244 0.0000e+00
    406.626    765.479    13.6357   4.560580     2.2022     0.1508  1.8396418  13.615249    13.5756    38.6321    29.0887     3.2801    142.348 0.0000e+00
    406.994    766.479    13.6351   4.560523     2.2029     0.1536  1.8397944  13.616617    13.5750    38.6320    29.0888     3.2801    142.347 0.0000e+00
    406.498    767.479    13.6352   4.560500     2.2024     0.1615  1.8396418  13.616617    13.5751    38.6319    29.0887     3.2753    142.140 0.0000e+00
    405.761    768.479    13.6365   4.560645     2.2018     0.1653  1.8398962  13.615933    13.5765    38.6323    29.0887     3.2750    142.128 0.0000e+00
    405.790    769.479    13.6367   4.560678     2.2015     0.1725  1.8398453  13.616617    13.5767    38.6324    29.0887     3.2744    142.101 0.0000e+00
    405.783    770.479    13.6369   4.560719     2.2007     0.1778  1.8397944  13.615249    13.5769    38.6326    29.0888     3.2711    141.959 0.0000e+00
    405.902    771.479    13.6375   4.560788     2.2003     0.1826  1.8399470  13.615933    13.5775    38.6326    29.0887     3.2724    142.016 0.0000e+00
    406.142    772.479    13.6373   4.560775     2.2004     0.1769  1.8401505  13.617985    13.5773    38.6326    29.0887     3.2748    142.121 0.0000e+00
    405.949    773.479    13.6372   4.560725     2.2009     0.1746  1.8394892  13.616617    13.5772    38.6323    29.0885     3.2748    142.119 0.0000e+00
    405.582    774.479    13.6384   4.560889     2.2009     0.1711  1.8396927  13.618668    13.5785    38.6328    29.0886     3.2748    142.118 0.0000e+00
    405.347    775.479    13.6411   4.561218     2.2013     0.1858  1.8399979  13.618668    13.5812    38.6333    29.0885     3.2759    142.168 0.0000e+00
    405.332    776.479    13.6402   4.561099     2.2014     0.1736  1.8400488  13.620720    13.5803    38.6331    29.0885     3.2753    142.141 0.0000e+00
    405.341    777.479    13.6419   4.561362     2.2015     0.1775  1.8398962  13.622088    13.5820    38.6338    29.0887     3.2746    142.110 0.0000e+00
    405.219    778.479    13.6425   4.561384     2.2011     0.1677  1.8397435  13.622772    13.5826    38.6335    29.0883     3.2733    142.055 0.0000e+00
    404.840    779.479    13.6423   4.561357     2.2012     0.1510  1.8397435  13.620720    13.5825    38.6336    29.0884     3.2756    142.152 0.0000e+00
    404.319    780.479    13.6441   4.561564     2.2017     0.1508  1.8396927  13.623456    13.5844    38.6340    29.0883     3.2768    142.207 0.0000e+00
    404.072    781.479    13.6430   4.561420     2.2023     0.1535  1.8398962  13.623456    13.5833    38.6338    29.0884     3.2768    142.206 0.0000e+00
    403.570    782.479    13.6432   4.561389     2.2021     0.1677  1.8398962  13.623456    13.5836    38.6336    29.0882     3.2755    142.147 0.0000e+00
    403.193    783.479    13.6461   4.561816     2.2020     0.1722  1.8395400  13.630978    13.5865    38.6349    29.0885     3.2750    142.129 0.0000e+00
    403.202    784.479    13.6473   4.561967     2.2023     0.1691  1.8396927  13.629610    13.5877    38.6351    29.0884     3.2770    142.212 0.0000e+00
    402.353    785.479    13.6483   4.562068     2.2026     0.1657  1.8397944  13.626191    13.5888    38.6355    29.0885     3.2748    142.116 0.0000e+00
    400.672    786.479    13.6517   4.562476     2.2019     0.1699  1.8397944  13.627559    13.5925    38.6366    29.0886     3.2710    141.952 0.0000e+00
    399.897    787.479    13.6518   4.562377     2.2012     0.1637  1.8398962  13.630978    13.5927    38.6360    29.0880     3.2695    141.889 0.0000e+00
    400.672    788.479    13.6494   4.562151     2.2009     0.1642  1.8397944  13.627559    13.5901    38.6359    29.0886     3.2716    141.977 0.0000e+00
    400.820    789.479    13.6515   4.562433     2.2014     0.1715  1.8397944  13.629610    13.5923    38.6364    29.0884     3.2739    142.078 0.0000e+00
    399.424    790.479    13.6539   4.562668     2.2018     0.1680  1.8396418  13.630978    13.5948    38.6368    29.0882     3.2744    142.104 0.0000e+00
    398.324    791.479    13.6545   4.562681     2.2022     0.1703  1.8395909  13.631662    13.5957    38.6368    29.0881     3.2722    142.008 0.0000e+00
    397.378    792.479    13.6565   4.562908     2.2018     0.1652  1.8395400  13.631662    13.5977    38.6374    29.0881     3.2702    141.919 0.0000e+00
    397.209    793.479    13.6563   4.562870     2.2014     0.1639  1.8393874  13.632346    13.5976    38.6373    29.0881     3.2709    141.949 0.0000e+00
    397.870    794.479    13.6558   4.562822     2.2020     0.1785  1.8395909  13.632346    13.5970    38.6370    29.0880     3.2733    142.051 0.0000e+00
    397.103    795.479    13.6559   4.562843     2.2019     0.1779  1.8395909  13.633030    13.5972    38.6375    29.0883     3.2700    141.909 0.0000e+00
    395.254    796.479    13.6623   4.563616     2.2013     0.1722  1.8391839  13.631662    13.6038    38.6393    29.0883     3.2677    141.810 0.0000e+00
    394.570    797.479    13.6635   4.563659     2.2009     0.1801  1.8394892  13.634397    13.6051    38.6388    29.0876     3.2653    141.706 0.0000e+00
    395.356    798.479    13.6630   4.563700     2.2002     0.1753  1.8395909  13.631662    13.6046    38.6393    29.0881     3.2669    141.777 0.0000e+00
    394.982    799.479    13.6658   4.564044     2.2010     0.1723  1.8399470  13.635081    13.6074    38.6398    29.0879     3.2701    141.915 0.0000e+00
    392.935    800.479    13.6681   4.564254     2.2012     0.1654  1.8392348  13.643286    13.6100    38.6405    29.0878     3.2683    141.835 0.0000e+00
    392.036    801.479    13.6677   4.564115     2.2019     0.1635  1.8394892  13.643286    13.6096    38.6400    29.0875     3.2703    141.925 0.0000e+00
    392.765    802.479    13.6672   4.564130     2.2018     0.1630  1.8398453  13.644654    13.6091    38.6402    29.0879     3.2663    141.751 0.0000e+00
    392.937    803.479    13.6672   4.564138     2.2010     0.1671  1.8394383  13.645338    13.6091    38.6403    29.0879     3.2668    141.770 0.0000e+00
    390.842    804.479    13.6750   4.565073     2.2015     0.1775  1.8394892  13.647389    13.6172    38.6422    29.0877     3.2685    141.845 0.0000e+00
    389.707    805.479    13.6765   4.565109     2.2020     0.1837  1.8393365  13.647389    13.6188    38.6416    29.0869     3.2670    141.779 0.0000e+00
    390.269    806.479    13.6734   4.564849     2.2015     0.1910  1.8393365  13.648757    13.6157    38.6420    29.0878     3.2636    141.633 0.0000e+00
    390.795    807.479    13.6772   4.565299     2.2005     0.1847  1.8395400  13.648757    13.6194    38.6422    29.0872     3.2615    141.540 0.0000e+00
    389.588    808.479    13.6790   4.565513     2.1998     0.1785  1.8400997  13.651492    13.6213    38.6430    29.0874     3.2619    141.557 0.0000e+00
    388.531    809.479    13.6807   4.565655     2.2003     0.1807  1.8398453  13.652176    13.6232    38.6431    29.0871     3.2650    141.693 0.0000e+00
    388.149    810.479    13.6810   4.565688     2.2012     0.1777  1.8396927  13.656279    13.6236    38.6432    29.0871     3.2666    141.761 0.0000e+00
    388.115    811.479    13.6811   4.565696     2.2011     0.1636  1.8396927  13.663116    13.6237    38.6433    29.0871     3.2628    141.600 0.0000e+00
    388.114    812.479    13.6815   4.565741     2.2010     0.1691  1.8396418  13.663800    13.6241    38.6432    29.0870     3.2655    141.715 0.0000e+00
    387.242    813.479    13.6821   4.565772     2.2017     0.1661  1.8394383  13.663800    13.6248    38.6433    29.0869     3.2657    141.724 0.0000e+00
    386.143    814.479    13.6833   4.565861     2.2012     0.1636  1.8400488  13.664484    13.6261    38.6435    29.0867     3.2614    141.536 0.0000e+00
    385.998    815.479    13.6837   4.565935     2.2008     0.1610  1.8396418  13.664484    13.6266    38.6438    29.0869     3.2636    141.633 0.0000e+00
    386.262    816.479    13.6837   4.565921     2.2016     0.1635  1.8398962  13.663800    13.6265    38.6436    29.0867     3.2671    141.785 0.0000e+00
    385.213    817.479    13.6841   4.565945     2.2025     0.1736  1.8400997  13.664484    13.6271    38.6439    29.0868     3.2681    141.826 0.0000e+00
    383.941    818.479    13.6847   4.565960     2.2025     0.1718  1.8398962  13.664484    13.6279    38.6440    29.0867     3.2644    141.669 0.0000e+00
    384.027    819.479    13.6849   4.565981     2.2024     0.1645  1.8402014  13.665168    13.6280    38.6440    29.0867     3.2667    141.766 0.0000e+00
    384.672    820.479    13.6849   4.565992     2.2033     0.1653  1.8397944  13.664484    13.6280    38.6438    29.0866     3.2690    141.865 0.0000e+00
    383.549    821.479    13.6852   4.566013     2.2033     0.1767  1.8400488  13.664484    13.6284    38.6442    29.0868     3.2672    141.790 0.0000e+00
    381.884    822.479    13.6866   4.566096     2.2036     0.1631  1.8399979  13.665168    13.6300    38.6443    29.0865     3.2682    141.833 0.0000e+00
    381.644    823.479    13.6864   4.566055     2.2042     0.1576  1.8399470  13.664484    13.6299    38.6442    29.0865     3.2694    141.886 0.0000e+00
    382.627    824.479    13.6863   4.566099     2.2045     0.1604  1.8402523  13.665168    13.6297    38.6442    29.0865     3.2690    141.868 0.0000e+00
