Boussole/Data/SBEMOOSE/Work/cnv/bous228_04.cnv
* Sea-Bird SBE 9 Data File:
* FileName = C:\boussole\202103\bous228_04.hdr
* Software Version Seasave V 7.23.2
* Temperature SN = 2473
* Conductivity SN = 2929
* Number of Bytes Per Scan = 37
* Number of Voltage Words = 4
* Number of Scans Averaged by the Deck Unit = 1
* NMEA Latitude = 43 22.23 N
* NMEA Longitude = 007 53.93 E
* NMEA UTC (Time) = Mar 03 2021  14:43:44
* NMEA baud rate = 4800
** Navire
** Station:
** Date
** Heure debut [TU]
** Heure fin [TU]
** Heure locale / TU = +0
** Latitude
** Longitude
** Heure meteo [TU]
** T air sec [deg C]
** T mer [deg C]
** Vent [noeuds, degres]
# nquan = 14
# nvalues = 5592                        
# units = specified
# name 0 = prDM: Pressure, Digiquartz [db]
# name 1 = timeS: Time, Elapsed [seconds]
# name 2 = t090C: Temperature [ITS-90, deg C]
# name 3 = c0S/m: Conductivity [S/m]
# name 4 = sbeox0V: Oxygen raw, SBE 43 [V]
# name 5 = flC: Fluorescence, Chelsea Aqua 3 Chl Con [ug/l]
# name 6 = upoly0: Upoly 0, RINKOIII_DO
# name 7 = upoly1: Upoly 1, RINKOIII_Temp
# name 8 = potemp090C: Potential Temperature [ITS-90, deg C]
# name 9 = sal00: Salinity, Practical [PSU]
# name 10 = sigma-é00: Density [sigma-theta, kg/m^3]
# name 11 = sbeox0ML/L: Oxygen, SBE 43 [ml/l], WS = 2
# name 12 = sbox0Mm/Kg: Oxygen, SBE 43 [umol/kg], WS = 2
# name 13 = flag: flag
# span 0 =      0.289,    405.423       
# span 1 =      0.479,   5591.021       
# span 2 =    13.4007,    13.7996       
# span 3 =   4.490045,   4.574348       
# span 4 =     2.1591,     3.0504       
# span 5 =     0.1584,     3.5456       
# span 6 =  1.5142450,  1.8399979       
# span 7 =  13.383985,  13.779326       
# span 8 =    13.3957,    13.7640       
# span 9 =    38.3051,    38.6571       
# span 10 =    28.7950,    29.0867      
# span 11 =     3.1793,     4.8783      
# span 12 =    137.973,    211.743      
# span 13 = 0.0000e+00, 0.0000e+00      
# interval = seconds: 1                 
# start_time = Mar 03 2021 14:43:44 [NMEA time, header]
# bad_flag = -9.990e-29
*END*
[from data line 2684]
     52.975   2684.479    13.4156   4.496448     2.9436     1.2684  1.5462962  13.399729    13.4080    38.4016    28.9456     4.6805    203.152 0.0000e+00
     52.717   2685.479    13.4156   4.496424     2.9406     1.3002  1.5465506  13.399729    13.4080    38.4015    28.9455     4.6774    203.016 0.0000e+00
     52.181   2686.479    13.4156   4.496352     2.9404     1.3384  1.5464997  13.397676    13.4081    38.4010    28.9451     4.6839    203.298 0.0000e+00
     51.645   2687.479    13.4154   4.496297     2.9418     1.2933  1.5462454  13.398360    13.4080    38.4009    28.9451     4.6878    203.467 0.0000e+00
     51.075   2688.479    13.4153   4.496257     2.9422     1.2635  1.5461945  13.396307    13.4080    38.4009    28.9450     4.6837    203.290 0.0000e+00
     50.598   2689.479    13.4152   4.496213     2.9416     1.2303  1.5460419  13.399045    13.4079    38.4008    28.9450     4.6812    203.181 0.0000e+00
     50.275   2690.479    13.4153   4.496188     2.9407     1.2516  1.5456857  13.396991    13.4080    38.4007    28.9449     4.6820    203.217 0.0000e+00
     49.955   2691.479    13.4152   4.496186     2.9425     1.2537  1.5459910  13.398360    13.4080    38.4008    28.9450     4.6916    203.634 0.0000e+00
     49.908   2692.479    13.4152   4.496179     2.9448     1.2631  1.5464489  13.398360    13.4080    38.4008    28.9449     4.6955    203.802 0.0000e+00
     50.227   2693.479    13.4153   4.496217     2.9463     1.2367  1.5508750  13.397676    13.4081    38.4009    28.9450     4.6961    203.828 0.0000e+00
     50.443   2694.479    13.4153   4.496222     2.9471     1.2554  1.5466015  13.398360    13.4080    38.4009    28.9450     4.6955    203.801 0.0000e+00
     50.140   2695.479    13.4155   4.496190     2.9468     1.2819  1.5460927  13.399045    13.4082    38.4005    28.9447     4.6934    203.711 0.0000e+00
     49.775   2696.479    13.4153   4.496160     2.9468     1.3138  1.5458384  13.399729    13.4081    38.4006    28.9448     4.6910    203.607 0.0000e+00
     49.790   2697.479    13.4152   4.496176     2.9454     1.3497  1.5489926  13.398360    13.4080    38.4008    28.9450     4.6872    203.440 0.0000e+00
     50.049   2698.479    13.4152   4.496182     2.9451     1.2970  1.5459910  13.400414    13.4080    38.4008    28.9450     4.6935    203.715 0.0000e+00
     50.255   2699.479    13.4152   4.496182     2.9471     1.3030  1.5456349  13.399045    13.4080    38.4007    28.9449     4.7000    203.999 0.0000e+00
     50.357   2700.479    13.4152   4.496187     2.9485     1.2563  1.5459910  13.399729    13.4079    38.4007    28.9449     4.7002    204.004 0.0000e+00
     50.304   2701.479    13.4152   4.496174     2.9486     1.4013  1.5460419  13.398360    13.4080    38.4006    28.9448     4.6961    203.828 0.0000e+00
     49.962   2702.479    13.4154   4.496159     2.9479     1.4399  1.5510277  13.401098    13.4082    38.4004    28.9446     4.6918    203.641 0.0000e+00
     49.692   2703.479    13.4152   4.496143     2.9463     1.3215  1.5459910  13.400414    13.4080    38.4006    28.9448     4.6913    203.622 0.0000e+00
     49.859   2704.479    13.4152   4.496126     2.9473     1.2875  1.5558099  13.399729    13.4080    38.4003    28.9446     4.6983    203.922 0.0000e+00
     50.325   2705.479    13.4152   4.496187     2.9485     1.2692  1.5454823  13.396991    13.4079    38.4007    28.9449     4.7012    204.048 0.0000e+00
     50.477   2706.479    13.4152   4.496199     2.9497     1.2742  1.5457875  13.400414    13.4079    38.4008    28.9450     4.7026    204.108 0.0000e+00
     50.123   2707.479    13.4154   4.496193     2.9502     1.3083  1.5457875  13.400414    13.4081    38.4007    28.9449     4.6989    203.951 0.0000e+00
     49.783   2708.479    13.4151   4.496158     2.9487     1.3275  1.5454314  13.399729    13.4079    38.4007    28.9449     4.6948    203.772 0.0000e+00
     49.966   2709.479    13.4152   4.496182     2.9485     1.2708  1.5458384  13.399729    13.4080    38.4009    28.9450     4.6964    203.843 0.0000e+00
     50.293   2710.479    13.4153   4.496238     2.9481     1.2739  1.5455331  13.399045    13.4081    38.4011    28.9452     4.6936    203.720 0.0000e+00
     50.163   2711.479    13.4155   4.496234     2.9471     1.2868  1.5507733  13.399729    13.4083    38.4009    28.9450     4.6961    203.830 0.0000e+00
     49.948   2712.479    13.4154   4.496218     2.9490     1.3200  1.5453296  13.400414    13.4082    38.4009    28.9450     4.7022    204.092 0.0000e+00
     50.120   2713.479    13.4154   4.496243     2.9498     1.3400  1.5456349  13.398360    13.4082    38.4011    28.9452     4.7030    204.129 0.0000e+00
     50.283   2714.479    13.4154   4.496258     2.9505     1.3382  1.5455331  13.399045    13.4081    38.4012    28.9452     4.7013    204.055 0.0000e+00
     50.104   2715.479    13.4154   4.496245     2.9501     1.2908  1.5457366  13.399729    13.4082    38.4012    28.9452     4.6983    203.925 0.0000e+00
     49.965   2716.479    13.4154   4.496235     2.9492     1.2738  1.5457366  13.397676    13.4082    38.4011    28.9452     4.6965    203.848 0.0000e+00
     50.004   2717.479    13.4154   4.496242     2.9486     1.2847  1.5456349  13.399045    13.4082    38.4012    28.9452     4.6942    203.745 0.0000e+00
     50.113   2718.479    13.4154   4.496250     2.9475     1.3109  1.5459401  13.399729    13.4082    38.4012    28.9452     4.6919    203.645 0.0000e+00
     50.288   2719.479    13.4155   4.496254     2.9464     1.2876  1.5452787  13.399729    13.4082    38.4011    28.9452     4.6900    203.563 0.0000e+00
     50.270   2720.479    13.4155   4.496243     2.9459     1.2671  1.5485348  13.400414    13.4083    38.4009    28.9450     4.6944    203.755 0.0000e+00
     49.994   2721.479    13.4155   4.496229     2.9480     1.3115  1.5454823  13.401098    13.4083    38.4009    28.9450     4.7025    204.106 0.0000e+00
     49.882   2722.479    13.4155   4.496231     2.9497     1.3625  1.5452279  13.399045    13.4083    38.4010    28.9451     4.7023    204.096 0.0000e+00
     50.129   2723.479    13.4155   4.496261     2.9493     1.3835  1.5453296  13.399729    13.4083    38.4012    28.9453     4.6941    203.740 0.0000e+00
     50.301   2724.479    13.4153   4.496266     2.9473     1.4388  1.5450244  13.398360    13.4080    38.4013    28.9454     4.6896    203.545 0.0000e+00
     50.146   2725.479    13.4152   4.496285     2.9463     1.3818  1.5449735  13.399045    13.4080    38.4017    28.9457     4.6938    203.729 0.0000e+00
     50.061   2726.479    13.4152   4.496269     2.9479     1.4276  1.5446174  13.400414    13.4080    38.4016    28.9456     4.7012    204.051 0.0000e+00
     50.117   2727.479    13.4151   4.496269     2.9491     1.3953  1.5451261  13.399045    13.4079    38.4016    28.9456     4.6972    203.877 0.0000e+00
     50.076   2728.479    13.4152   4.496270     2.9474     1.3727  1.5451261  13.399729    13.4080    38.4016    28.9456     4.6891    203.524 0.0000e+00
     50.064   2729.479    13.4152   4.496263     2.9458     1.3818  1.5448717  13.399729    13.4080    38.4016    28.9456     4.6866    203.417 0.0000e+00
     50.134   2730.479    13.4151   4.496276     2.9441     1.3578  1.5449226  13.399045    13.4079    38.4017    28.9457     4.6847    203.334 0.0000e+00
     50.144   2731.479    13.4151   4.496270     2.9438     1.3627  1.5453805  13.400414    13.4079    38.4017    28.9457     4.6849    203.343 0.0000e+00
     50.177   2732.479    13.4150   4.496269     2.9425     1.3874  1.5451261  13.401783    13.4078    38.4017    28.9457     4.6847    203.334 0.0000e+00
     50.249   2733.479    13.4151   4.496271     2.9439     1.3873  1.5452787  13.401783    13.4079    38.4017    28.9457     4.6926    203.678 0.0000e+00
     50.159   2734.479    13.4151   4.496262     2.9454     1.3865  1.5452787  13.401783    13.4079    38.4016    28.9456     4.6947    203.767 0.0000e+00
     49.997   2735.479    13.4151   4.496255     2.9462     1.3863  1.5452787  13.401783    13.4079    38.4016    28.9456     4.6933    203.706 0.0000e+00
     49.982   2736.479    13.4151   4.496254     2.9462     1.3702  1.5450752  13.400414    13.4079    38.4016    28.9456     4.6906    203.591 0.0000e+00
     50.078   2737.479    13.4151   4.496259     2.9452     1.3678  1.5451770  13.399045    13.4079    38.4016    28.9456     4.6879    203.473 0.0000e+00
     50.204   2738.479    13.4151   4.496266     2.9449     1.3489  1.5451770  13.399729    13.4079    38.4016    28.9456     4.6870    203.433 0.0000e+00
     50.298   2739.479    13.4152   4.496267     2.9433     1.3433  1.5455331  13.400414    13.4079    38.4015    28.9455     4.6820    203.218 0.0000e+00
     50.283   2740.479    13.4153   4.496252     2.9419     1.3061  1.5453296  13.400414    13.4081    38.4012    28.9453     4.6794    203.102 0.0000e+00
     50.064   2741.479    13.4154   4.496227     2.9414     1.3518  1.5454314  13.399045    13.4082    38.4010    28.9451     4.6840    203.301 0.0000e+00
     49.926   2742.479    13.4153   4.496232     2.9420     1.3378  1.5453805  13.401783    13.4081    38.4012    28.9453     4.6854    203.362 0.0000e+00
     50.035   2743.479    13.4154   4.496238     2.9429     1.3325  1.5457366  13.400414    13.4081    38.4012    28.9452     4.6907    203.595 0.0000e+00
     50.160   2744.479    13.4153   4.496247     2.9454     1.3278  1.5453296  13.399045    13.4081    38.4012    28.9453     4.6963    203.836 0.0000e+00
     50.233   2745.479    13.4154   4.496252     2.9459     1.2865  1.5455331  13.398360    13.4082    38.4012    28.9453     4.6907    203.592 0.0000e+00
     50.207   2746.479    13.4154   4.496255     2.9453     1.2404  1.5451261  13.401098    13.4082    38.4012    28.9452     4.6904    203.580 0.0000e+00
     50.091   2747.479    13.4155   4.496228     2.9456     1.3047  1.5455331  13.400414    13.4083    38.4009    28.9450     4.6927    203.679 0.0000e+00
     50.069   2748.479    13.4154   4.496250     2.9465     1.3608  1.5454823  13.400414    13.4082    38.4012    28.9452     4.6957    203.809 0.0000e+00
     50.162   2749.479    13.4154   4.496251     2.9468     1.3340  1.5452788  13.401783    13.4082    38.4012    28.9452     4.6924    203.667 0.0000e+00
     50.156   2750.479    13.4155   4.496233     2.9459     1.2937  1.5453296  13.399729    13.4083    38.4009    28.9450     4.6899    203.560 0.0000e+00
     50.077   2751.479    13.4153   4.496229     2.9462     1.2578  1.5450244  13.400414    13.4081    38.4011    28.9452     4.6963    203.835 0.0000e+00
     50.194   2752.479    13.4153   4.496254     2.9478     1.2923  1.5453805  13.401098    13.4081    38.4013    28.9454     4.7020    204.085 0.0000e+00
     50.305   2753.479    13.4154   4.496245     2.9502     1.3565  1.5447700  13.400414    13.4082    38.4010    28.9451     4.7067    204.290 0.0000e+00
     50.030   2754.479    13.4154   4.496229     2.9515     1.3575  1.5452279  13.399045    13.4082    38.4010    28.9451     4.7049    204.212 0.0000e+00
     49.825   2755.479    13.4153   4.496232     2.9509     1.3788  1.5449226  13.401098    13.4081    38.4013    28.9453     4.6957    203.808 0.0000e+00
     50.158   2756.479    13.4153   4.496250     2.9481     1.3706  1.5452788  13.399045    13.4081    38.4012    28.9453     4.6894    203.539 0.0000e+00
     50.332   2757.479    13.4153   4.496257     2.9464     1.3866  1.5451770  13.401098    13.4080    38.4012    28.9453     4.6865    203.412 0.0000e+00
     50.107   2758.479    13.4153   4.496242     2.9438     1.3402  1.5451261  13.400414    13.4081    38.4012    28.9453     4.6807    203.159 0.0000e+00
     50.090   2759.479    13.4152   4.496245     2.9428     1.3010  1.5449735  13.400414    13.4080    38.4013    28.9454     4.6846    203.331 0.0000e+00
     50.257   2760.479    13.4152   4.496237     2.9427     1.3252  1.5451261  13.398360    13.4080    38.4012    28.9453     4.6854    203.365 0.0000e+00
     50.130   2761.479    13.4154   4.496235     2.9434     1.3394  1.5449226  13.398360    13.4082    38.4011    28.9452     4.6910    203.607 0.0000e+00
     49.949   2762.479    13.4154   4.496236     2.9452     1.3601  1.5452788  13.400414    13.4082    38.4012    28.9452     4.6937    203.725 0.0000e+00
     50.035   2763.479    13.4154   4.496238     2.9455     1.3151  1.5450753  13.399729    13.4082    38.4012    28.9452     4.6899    203.558 0.0000e+00
     50.201   2764.479    13.4152   4.496247     2.9449     1.2965  1.5452788  13.399729    13.4080    38.4013    28.9454     4.6897    203.552 0.0000e+00
     50.221   2765.479    13.4152   4.496245     2.9456     1.3007  1.5454314  13.401098    13.4080    38.4013    28.9453     4.6944    203.755 0.0000e+00
     50.159   2766.479    13.4153   4.496245     2.9471     1.3471  1.5450753  13.401783    13.4081    38.4012    28.9453     4.6974    203.886 0.0000e+00
     50.213   2767.479    13.4152   4.496241     2.9467     1.3144  1.5449735  13.401783    13.4080    38.4013    28.9453     4.6873    203.448 0.0000e+00
     50.243   2768.479    13.4154   4.496237     2.9439     1.3149  1.5453805  13.401098    13.4082    38.4010    28.9451     4.6822    203.226 0.0000e+00
     50.021   2769.479    13.4156   4.496147     2.9435     1.3126  1.5451261  13.400414    13.4084    38.4000    28.9443     4.6881    203.479 0.0000e+00
     49.797   2770.479    13.4154   4.496159     2.9446     1.2801  1.5454822  13.400414    13.4082    38.4004    28.9446     4.6910    203.608 0.0000e+00
     50.022   2771.479    13.4155   4.496230     2.9447     1.3052  1.5450244  13.399729    13.4083    38.4010    28.9450     4.6905    203.586 0.0000e+00
     50.428   2772.479    13.4155   4.496265     2.9453     1.2723  1.5450753  13.400414    13.4082    38.4011    28.9452     4.6896    203.545 0.0000e+00
     50.417   2773.479    13.4156   4.496257     2.9445     1.2814  1.5455840  13.399729    13.4083    38.4010    28.9450     4.6910    203.609 0.0000e+00
     50.047   2774.479    13.4156   4.496229     2.9462     1.2627  1.5451770  13.400414    13.4084    38.4009    28.9449     4.6944    203.754 0.0000e+00
     49.892   2775.479    13.4154   4.496192     2.9458     1.3230  1.5451770  13.400414    13.4082    38.4007    28.9448     4.6906    203.590 0.0000e+00
     50.071   2776.479    13.4155   4.496234     2.9460     1.3532  1.5449735  13.399729    13.4083    38.4010    28.9451     4.6933    203.707 0.0000e+00
     50.180   2777.479    13.4154   4.496232     2.9466     1.4007  1.5450244  13.399045    13.4082    38.4010    28.9451     4.6960    203.823 0.0000e+00
     50.122   2778.479    13.4154   4.496226     2.9478     1.3836  1.5453805  13.398360    13.4082    38.4009    28.9450     4.7003    204.008 0.0000e+00
     50.144   2779.479    13.4154   4.496237     2.9492     1.3869  1.5452787  13.400414    13.4082    38.4010    28.9451     4.7018    204.077 0.0000e+00
     50.217   2780.479    13.4155   4.496258     2.9497     1.4860  1.5452279  13.399729    13.4083    38.4011    28.9452     4.6970    203.869 0.0000e+00
     50.194   2781.479    13.4153   4.496247     2.9477     1.5109  1.5449226  13.399045    13.4081    38.4012    28.9453     4.6903    203.574 0.0000e+00
     50.116   2782.479    13.4153   4.496234     2.9465     1.3639  1.5451770  13.400414    13.4081    38.4011    28.9452     4.6911    203.609 0.0000e+00
     50.062   2783.479    13.4153   4.496261     2.9466     1.3075  1.5450752  13.400414    13.4081    38.4015    28.9455     4.6950    203.781 0.0000e+00
     50.100   2784.479    13.4154   4.496282     2.9476     1.3146  1.5452279  13.399729    13.4082    38.4015    28.9455     4.6982    203.920 0.0000e+00
     50.109   2785.479    13.4153   4.496234     2.9482     1.3346  1.5449226  13.401783    13.4081    38.4012    28.9452     4.6970    203.866 0.0000e+00
     50.155   2786.479    13.4153   4.496240     2.9477     1.5278  1.5447700  13.401098    13.4081    38.4012    28.9453     4.6926    203.676 0.0000e+00
