Boussole/Data/SBEMOOSE/Work/cnv/bous228_07.cnv
* Sea-Bird SBE 9 Data File:
* FileName = C:\boussole\202103\bous228_07.hdr
* Software Version Seasave V 7.23.2
* Temperature SN = 2473
* Conductivity SN = 2929
* Number of Bytes Per Scan = 37
* Number of Voltage Words = 4
* Number of Scans Averaged by the Deck Unit = 1
* NMEA Latitude = 43 22.20 N
* NMEA Longitude = 007 53.88 E
* NMEA UTC (Time) = Mar 04 2021  09:22:51
* NMEA baud rate = 4800
** Navire
** Station:
** Date
** Heure debut [TU]
** Heure fin [TU]
** Heure locale / TU = +0
** Latitude
** Longitude
** Heure meteo [TU]
** T air sec [deg C]
** T mer [deg C]
** Vent [noeuds, degres]
# nquan = 14
# nvalues = 1792                        
# units = specified
# name 0 = prDM: Pressure, Digiquartz [db]
# name 1 = timeS: Time, Elapsed [seconds]
# name 2 = t090C: Temperature [ITS-90, deg C]
# name 3 = c0S/m: Conductivity [S/m]
# name 4 = sbeox0V: Oxygen raw, SBE 43 [V]
# name 5 = flC: Fluorescence, Chelsea Aqua 3 Chl Con [ug/l]
# name 6 = upoly0: Upoly 0, RINKOIII_DO
# name 7 = upoly1: Upoly 1, RINKOIII_Temp
# name 8 = potemp090C: Potential Temperature [ITS-90, deg C]
# name 9 = sal00: Salinity, Practical [PSU]
# name 10 = sigma-é00: Density [sigma-theta, kg/m^3]
# name 11 = sbeox0ML/L: Oxygen, SBE 43 [ml/l], WS = 2
# name 12 = sbox0Mm/Kg: Oxygen, SBE 43 [umol/kg], WS = 2
# name 13 = flag: flag
# span 0 =      1.107,    405.408       
# span 1 =      0.479,   1791.250       
# span 2 =    13.4191,    13.7893       
# span 3 =   4.491062,   4.572381       
# span 4 =     2.1605,     3.0592       
# span 5 =     0.1458,     2.8639       
# span 6 =  1.5119048,  1.8410154       
# span 7 =  13.402467,  13.766340       
# span 8 =    13.4125,    13.7515       
# span 9 =    38.3554,    38.6572       
# span 10 =    28.8733,    29.0882      
# span 11 =     3.1778,     4.8922      
# span 12 =    137.910,    212.350      
# span 13 = 0.0000e+00, 0.0000e+00      
# interval = seconds: 1                 
# start_time = Mar 04 2021 09:22:51 [NMEA time, header]
# bad_flag = -9.990e-29
*END*
      2.825      0.479    13.5510   4.504254     3.0486     1.8443  1.5137871  13.500330    13.5506    38.3627    28.8852     4.8624    211.059 0.0000e+00
      2.837      1.479    13.5498   4.504172     3.0498     1.8266  1.5137363  13.499646    13.5494    38.3632    28.8858     4.8675    211.280 0.0000e+00
      2.868      2.479    13.5497   4.504126     3.0502     1.8009  1.5137362  13.500330    13.5493    38.3627    28.8855     4.8662    211.222 0.0000e+00
      2.858      3.479    13.5495   4.504100     3.0494     1.8400  1.5134819  13.501014    13.5491    38.3628    28.8856     4.8590    210.910 0.0000e+00
      2.804      4.479    13.5496   4.504109     3.0477     1.7758  1.5134819  13.501014    13.5492    38.3627    28.8855     4.8589    210.906 0.0000e+00
      2.842      5.479    13.5500   4.504166     3.0480     1.6954  1.5136345  13.500330    13.5496    38.3628    28.8855     4.8637    211.115 0.0000e+00
      2.871      6.479    13.5502   4.504191     3.0494     1.6888  1.5134310  13.500330    13.5498    38.3629    28.8856     4.8709    211.426 0.0000e+00
      2.806      7.479    13.5502   4.504205     3.0519     1.6732  1.5134310  13.500330    13.5498    38.3630    28.8856     4.8727    211.506 0.0000e+00
      2.835      8.479    13.5501   4.504190     3.0519     1.6591  1.5137871  13.501698    13.5497    38.3630    28.8856     4.8685    211.324 0.0000e+00
      2.909      9.479    13.5499   4.504170     3.0517     1.7140  1.5137362  13.508541    13.5495    38.3630    28.8857     4.8699    211.383 0.0000e+00
      2.856     10.479    13.5508   4.504263     3.0525     1.7410  1.5130240  13.515383    13.5504    38.3630    28.8854     4.8704    211.405 0.0000e+00
      2.828     11.479    13.5508   4.504272     3.0517     1.7046  1.5130240  13.514698    13.5504    38.3631    28.8855     4.8699    211.383 0.0000e+00
      2.842     12.479    13.5502   4.504153     3.0535     1.7585  1.5129222  13.512646    13.5498    38.3625    28.8852     4.8772    211.700 0.0000e+00
      2.826     13.479    13.5496   4.504158     3.0544     1.7819  1.5132784  13.517435    13.5492    38.3632    28.8859     4.8777    211.724 0.0000e+00
      2.795     14.479    13.5502   4.504203     3.0555     1.7829  1.5129222  13.516751    13.5498    38.3630    28.8856     4.8755    211.629 0.0000e+00
      2.907     15.479    13.5508   4.504253     3.0539     1.6877  1.5123117  13.518803    13.5503    38.3629    28.8854     4.8722    211.485 0.0000e+00
      2.961     16.479    13.5508   4.504265     3.0552     1.6723  1.5125152  13.524960    13.5504    38.3630    28.8855     4.8784    211.750 0.0000e+00
      2.765     17.479    13.5485   4.503998     3.0550     1.6446  1.5123626  13.522908    13.5481    38.3628    28.8858     4.8776    211.718 0.0000e+00
      2.714     18.479    13.5490   4.504084     3.0572     1.6019  1.5123117  13.518119    13.5486    38.3631    28.8859     4.8873    212.141 0.0000e+00
      2.909     19.479    13.5499   4.504182     3.0584     1.6019  1.5121591  13.522908    13.5495    38.3631    28.8858     4.8833    211.966 0.0000e+00
      2.954     20.479    13.5512   4.504317     3.0584     1.6228  1.5119556  13.528381    13.5508    38.3631    28.8855     4.8808    211.856 0.0000e+00
      2.775     21.479    13.5515   4.504326     3.0571     1.6129  1.5121591  13.525645    13.5511    38.3629    28.8852     4.8794    211.796 0.0000e+00
      2.748     22.479    13.5513   4.504314     3.0583     1.6188  1.5120065  13.527697    13.5509    38.3630    28.8853     4.8858    212.073 0.0000e+00
      2.895     23.479    13.5511   4.504296     3.0592     1.6141  1.5120574  13.527697    13.5507    38.3630    28.8854     4.8840    211.997 0.0000e+00
      2.947     24.479    13.5505   4.504232     3.0579     1.5514  1.5120065  13.521540    13.5501    38.3629    28.8855     4.8745    211.584 0.0000e+00
      2.821     25.479    13.5468   4.503758     3.0557     1.5384  1.5123626  13.524276    13.5463    38.3622    28.8858     4.8735    211.541 0.0000e+00
      2.717     26.479    13.5433   4.503405     3.0547     1.5127  1.5120574  13.522224    13.5429    38.3624    28.8866     4.8680    211.301 0.0000e+00
      2.911     27.479    13.5402   4.503182     3.0505     1.5498  1.5119556  13.527013    13.5398    38.3633    28.8880     4.8576    210.850 0.0000e+00
      3.008     28.479    13.5434   4.503480     3.0492     1.5183  1.5122100  13.530434    13.5430    38.3629    28.8869     4.8632    211.093 0.0000e+00
      2.932     29.479    13.5438   4.503508     3.0495     1.4913  1.5119556  13.527697    13.5434    38.3627    28.8868     4.8704    211.405 0.0000e+00
      3.088     30.479    13.5431   4.503402     3.0526     1.4871  1.5120065  13.524960    13.5426    38.3624    28.8867     4.8806    211.846 0.0000e+00
      3.475     31.479    13.5327   4.502294     3.0544     1.5316  1.5119556  13.526329    13.5322    38.3621    28.8886     4.8778    211.727 0.0000e+00
      3.740     32.479    13.5328   4.502412     3.0542     1.5601  1.5119048  13.526329    13.5322    38.3630    28.8894     4.8779    211.728 0.0000e+00
      4.176     33.479    13.5204   4.500891     3.0552     1.6523  1.5120065  13.523592    13.5198    38.3608    28.8903     4.8847    212.025 0.0000e+00
      4.711     34.479    13.5149   4.500499     3.0576     1.7906  1.5123117  13.519487    13.5142    38.3623    28.8926     4.8922    212.350 0.0000e+00
      5.126     35.479    13.5227   4.501349     3.0587     1.7513  1.5125661  13.511962    13.5220    38.3623    28.8910     4.8866    212.106 0.0000e+00
      5.625     36.479    13.5228   4.501329     3.0572     1.6849  1.5124644  13.508541    13.5219    38.3619    28.8907     4.8786    211.760 0.0000e+00
      6.337     37.479    13.5207   4.501185     3.0549     1.7109  1.5123118  13.514014    13.5197    38.3623    28.8915     4.8746    211.588 0.0000e+00
      7.130     38.479    13.5155   4.500564     3.0537     1.7457  1.5122609  13.503067    13.5144    38.3613    28.8918     4.8758    211.638 0.0000e+00
      7.748     39.479    13.5020   4.499210     3.0524     1.9681  1.5123626  13.498962    13.5009    38.3616    28.8949     4.8738    211.552 0.0000e+00
      8.093     40.479    13.5035   4.499338     3.0509     2.1889  1.5123117  13.500330    13.5023    38.3612    28.8943     4.8704    211.406 0.0000e+00
      8.549     41.479    13.4979   4.498769     3.0487     2.1672  1.5122100  13.502383    13.4967    38.3611    28.8954     4.8658    211.202 0.0000e+00
      9.262     42.479    13.4926   4.498268     3.0482     2.2879  1.5129222  13.488013    13.4913    38.3613    28.8967     4.8721    211.479 0.0000e+00
      9.993     43.479    13.4913   4.498167     3.0481     2.4382  1.5134310  13.481171    13.4899    38.3613    28.8970     4.8711    211.435 0.0000e+00
     10.534     44.479    13.4904   4.498083     3.0481     2.6351  1.5137363  13.480487    13.4889    38.3612    28.8972     4.8693    211.356 0.0000e+00
     11.013     45.479    13.4865   4.497653     3.0458     2.7510  1.5135327  13.482539    13.4849    38.3608    28.8977     4.8605    210.974 0.0000e+00
     11.613     46.479    13.4815   4.497108     3.0429     2.8412  1.5139906  13.475697    13.4798    38.3604    28.8984     4.8485    210.455 0.0000e+00
     12.264     47.479    13.4772   4.496170     3.0363     2.8199  1.5143467  13.467486    13.4754    38.3554    28.8955     4.8337    209.813 0.0000e+00
     12.819     48.479    13.4738   4.496311     3.0328     2.8239  1.5146011  13.467486    13.4720    38.3599    28.8997     4.8347    209.851 0.0000e+00
     13.400     49.479    13.4703   4.495961     3.0293     2.7457  1.5151099  13.467486    13.4684    38.3599    28.9004     4.8255    209.455 0.0000e+00
     14.069     50.479    13.4608   4.494892     3.0256     2.7799  1.5157204  13.462011    13.4588    38.3588    28.9017     4.8190    209.169 0.0000e+00
     14.638     51.479    13.4473   4.493386     3.0211     2.7597  1.5166361  13.455168    13.4452    38.3578    28.9037     4.8089    208.731 0.0000e+00
     15.119     52.479    13.4417   4.492806     3.0156     2.6776  1.5177554  13.452431    13.4395    38.3577    28.9048     4.7935    208.063 0.0000e+00
     15.705     53.479    13.4349   4.492091     3.0088     2.6327  1.5190273  13.446271    13.4326    38.3574    28.9061     4.7758    207.295 0.0000e+00
     16.367     54.479    13.4293   4.491546     2.9993     2.4944  1.5214184  13.427108    13.4269    38.3576    28.9075     4.7524    206.281 0.0000e+00
     16.963     55.479    13.4248   4.491076     2.9903     2.5686  1.5242674  13.429846    13.4224    38.3573    28.9082     4.7347    205.511 0.0000e+00
     17.505     56.479    13.4238   4.491062     2.9802     2.5187  1.5253866  13.428477    13.4213    38.3579    28.9089     4.7150    204.657 0.0000e+00
     18.111     57.479    13.4256   4.491389     2.9725     2.2542  1.5271673  13.416157    13.4230    38.3590    28.9094     4.7096    204.421 0.0000e+00
     18.714     58.479    13.4270   4.491602     2.9684     2.1192  1.5308302  13.418210    13.4243    38.3594    28.9094     4.7089    204.390 0.0000e+00
     19.200     59.479    13.4266   4.491585     2.9647     2.0558  1.5338828  13.416157    13.4238    38.3593    28.9095     4.6954    203.805 0.0000e+00
     19.681     60.479    13.4256   4.491531     2.9576     2.0098  1.5347985  13.418210    13.4227    38.3596    28.9099     4.6784    203.069 0.0000e+00
     20.344     61.479    13.4243   4.491446     2.9523     2.0492  1.5362230  13.420948    13.4214    38.3598    28.9103     4.6695    202.678 0.0000e+00
     21.092     62.479    13.4237   4.491401     2.9457     2.0859  1.5392755  13.414103    13.4206    38.3597    28.9104     4.6560    202.093 0.0000e+00
     21.668     63.479    13.4242   4.491533     2.9407     1.8902  1.5420736  13.414788    13.4211    38.3602    28.9107     4.6520    201.921 0.0000e+00
     22.134     64.479    13.4246   4.491643     2.9373     1.7038  1.5433964  13.416157    13.4214    38.3606    28.9109     4.6476    201.729 0.0000e+00
     22.607     65.479    13.4250   4.491728     2.9340     1.6239  1.5444648  13.412050    13.4217    38.3608    28.9111     4.6419    201.483 0.0000e+00
     23.141     66.479    13.4251   4.491784     2.9316     1.5828  1.5444647  13.416157    13.4218    38.3609    28.9111     4.6419    201.480 0.0000e+00
     23.851     67.479    13.4240   4.491662     2.9310     1.4782  1.5460419  13.412050    13.4206    38.3606    28.9111     4.6461    201.665 0.0000e+00
     24.585     68.479    13.4229   4.491565     2.9315     1.4763  1.5482295  13.408628    13.4193    38.3605    28.9113     4.6493    201.803 0.0000e+00
     25.086     69.479    13.4227   4.491579     2.9324     1.4903  1.5492470  13.407943    13.4191    38.3605    28.9114     4.6527    201.952 0.0000e+00
     25.458     70.479    13.4225   4.491564     2.9330     1.5143  1.5501119  13.412050    13.4189    38.3604    28.9113     4.6513    201.892 0.0000e+00
     25.976     71.479    13.4217   4.491487     2.9330     1.4450  1.5502137  13.416157    13.4180    38.3602    28.9114     4.6488    201.780 0.0000e+00
     26.697     72.479    13.4200   4.491311     2.9305     1.3928  1.5500611  13.405890    13.4161    38.3600    28.9116     4.6368    201.260 0.0000e+00
     27.430     73.479    13.4216   4.491628     2.9275     1.4275  1.5502137  13.406574    13.4177    38.3610    28.9120     4.6359    201.222 0.0000e+00
     27.968     74.479    13.4214   4.491634     2.9270     1.4014  1.5504681  13.404521    13.4174    38.3610    28.9121     4.6383    201.325 0.0000e+00
     28.417     75.479    13.4199   4.491466     2.9258     1.3239  1.5505698  13.408628    13.4158    38.3607    28.9122     4.6318    201.044 0.0000e+00
     28.873     76.479    13.4191   4.491401     2.9230     1.2774  1.5509260  13.408628    13.4149    38.3607    28.9124     4.6210    200.577 0.0000e+00
     29.330     77.479    13.4192   4.491448     2.9181     1.2376  1.5513330  13.403152    13.4150    38.3608    28.9125     4.6066    199.950 0.0000e+00
     29.972     78.479    13.4232   4.492065     2.9128     1.2716  1.5521978  13.403152    13.4189    38.3625    28.9129     4.5942    199.410 0.0000e+00
     30.755     79.479    13.4271   4.492671     2.9070     1.1957  1.5535206  13.403836    13.4227    38.3639    28.9133     4.5818    198.871 0.0000e+00
     31.356     80.479    13.4294   4.493053     2.9009     1.1569  1.5547416  13.405205    13.4249    38.3650    28.9136     4.5707    198.391 0.0000e+00
     31.864     81.479    13.4302   4.493208     2.8964     1.1014  1.5559117  13.411365    13.4256    38.3655    28.9138     4.5633    198.071 0.0000e+00
     32.410     82.479    13.4316   4.493483     2.8907     1.0955  1.5558608  13.414103    13.4269    38.3664    28.9143     4.5446    197.258 0.0000e+00
     32.900     83.479    13.4319   4.493587     2.8828     1.1367  1.5578450  13.416841    13.4272    38.3669    28.9146     4.5306    196.649 0.0000e+00
     33.416     84.479    13.4321   4.493659     2.8779     1.0692  1.5593204  13.418894    13.4273    38.3672    28.9148     4.5265    196.473 0.0000e+00
     34.076     85.479    13.4318   4.493727     2.8733     1.0156  1.5608975  13.415472    13.4269    38.3678    28.9154     4.5169    196.057 0.0000e+00
     34.770     86.479    13.4324   4.493930     2.8680     1.0520  1.5635938  13.416841    13.4274    38.3688    28.9161     4.5018    195.402 0.0000e+00
     35.415     87.479    13.4336   4.494167     2.8610     1.0912  1.5654253  13.418894    13.4285    38.3696    28.9164     4.4773    194.336 0.0000e+00
     36.005     88.479    13.4373   4.494869     2.8484     0.9962  1.5675112  13.416841    13.4321    38.3723    28.9178     4.4306    192.307 0.0000e+00
     36.575     89.479    13.4466   4.496513     2.8288     0.9233  1.5692410  13.418894    13.4413    38.3784    28.9206     4.3669    189.545 0.0000e+00
     37.191     90.479    13.4595   4.499037     2.8027     0.8934  1.5710216  13.420263    13.4541    38.3893    28.9263     4.3062    186.909 0.0000e+00
     37.763     91.479    13.4728   4.501341     2.7792     0.7422  1.5746337  13.431899    13.4674    38.3976    28.9300     4.2684    185.268 0.0000e+00
     38.305     92.479    13.4790   4.502283     2.7599     0.5583  1.5812475  13.433952    13.4734    38.4002    28.9307     4.2389    183.988 0.0000e+00
     38.866     93.479    13.4845   4.503268     2.7437     0.4910  1.5862841  13.436006    13.4789    38.4038    28.9323     4.2135    182.882 0.0000e+00
     39.492     94.479    13.4889   4.504238     2.7291     0.4387  1.5896418  13.452431    13.4832    38.4084    28.9350     4.1917    181.938 0.0000e+00
     40.165     95.479    13.4869   4.504266     2.7191     0.3898  1.5979854  13.462011    13.4811    38.4103    28.9369     4.1847    181.634 0.0000e+00
     40.809     96.479    13.4859   4.504240     2.7119     0.3565  1.6091270  13.466802    13.4800    38.4109    28.9375     4.1761    181.258 0.0000e+00
     41.314     97.479    13.4871   4.504546     2.7057     0.3404  1.6168600  13.463380    13.4811    38.4123    28.9384     4.1589    180.510 0.0000e+00
     41.799     98.479    13.4889   4.504917     2.6957     0.3416  1.6200651  13.464064    13.4828    38.4138    28.9392     4.1262    179.092 0.0000e+00
     42.455     99.479    13.5035   4.507209     2.6826     0.3315  1.6232194  13.466117    13.4974    38.4207    28.9415     4.0954    177.756 0.0000e+00
     43.154    100.479    13.5131   4.508575     2.6708     0.3139  1.6278998  13.475013    13.5069    38.4238    28.9418     4.0805    177.111 0.0000e+00
     43.626    101.479    13.5157   4.509007     2.6641     0.3163  1.6330891  13.472960    13.5094    38.4250    28.9423     4.0836    177.246 0.0000e+00
     44.049    102.479    13.5143   4.508870     2.6628     0.3246  1.6349206  13.469539    13.5079    38.4250    28.9426     4.0954    177.754 0.0000e+00
