Boussole/Data/SBEMOOSE/Work/cnv/bous227_03.cnv
* Sea-Bird SBE 9 Data File:
* FileName = C:\boussole\202102\bous227_03.hdr
* Software Version Seasave V 7.23.2
* Temperature SN = 2473
* Conductivity SN = 2929
* Number of Bytes Per Scan = 37
* Number of Voltage Words = 4
* Number of Scans Averaged by the Deck Unit = 1
* NMEA Latitude = 43 22.04 N
* NMEA Longitude = 007 54.17 E
* NMEA UTC (Time) = Feb 18 2021  12:07:25
* NMEA baud rate = 4800
** Campagne = BOUSSOLE 227
** Navire = Tethys II
** Station = BOUS227_03
** Date = 18/02/2021
** Heure debut [TU] = 12:08
** Heure fin [TU] = 12:49
** Heure locale / TU = +0
** Latitude = 43 22.051 N
** Longitude = 007 54.181 E
** Heure meteo [TU] = 12:10
** T air sec [deg C] = 13.3
** T mer [deg C] = 13.64
** Vent [noeuds, degres] = 11.3, 220
** Pression atm [hpa] = 1022.5
** Humidite [%] = 77
** Nebulosite [octas] = 8
** Etat de la mer [code S] = 3
# nquan = 14
# nvalues = 2175                        
# units = specified
# name 0 = prDM: Pressure, Digiquartz [db]
# name 1 = timeS: Time, Elapsed [seconds]
# name 2 = t090C: Temperature [ITS-90, deg C]
# name 3 = c0S/m: Conductivity [S/m]
# name 4 = sbeox0V: Oxygen raw, SBE 43 [V]
# name 5 = flC: Fluorescence, Chelsea Aqua 3 Chl Con [ug/l]
# name 6 = upoly0: Upoly 0, RINKOIII_DO
# name 7 = upoly1: Upoly 1, RINKOIII_Temp
# name 8 = potemp090C: Potential Temperature [ITS-90, deg C]
# name 9 = sal00: Salinity, Practical [PSU]
# name 10 = sigma-é00: Density [sigma-theta, kg/m^3]
# name 11 = sbeox0ML/L: Oxygen, SBE 43 [ml/l], WS = 2
# name 12 = sbox0Mm/Kg: Oxygen, SBE 43 [umol/kg], WS = 2
# name 13 = flag: flag
# span 0 =      0.158,    404.750       
# span 1 =      0.479,   2174.229       
# span 2 =    13.1812,    13.9963       
# span 3 =   0.675502,   4.584242       
# span 4 =     2.2367,     3.0174       
# span 5 =    -0.2893,     0.8743       
# span 6 =  1.5549451,  1.8417277       
# span 7 =  13.324413,  13.961053       
# span 8 =    13.1812,    13.9737       
# span 9 =     4.8676,    38.6389       
# span 10 =     3.0882,    29.0846      
# span 11 =     3.3403,     4.8133      
# span 12 =    144.964,    208.941      
# span 13 = 0.0000e+00, 0.0000e+00      
# interval = seconds: 1                 
# start_time = Feb 18 2021 12:07:25 [NMEA time, header]
# bad_flag = -9.990e-29
*END*
[from data line 930]
    361.115    930.479    13.6861   4.563638     2.2472     0.1715  1.8399979  13.664484    13.6328    38.6306    29.0754     3.3510    145.429 0.0000e+00
    360.313    931.479    13.6869   4.563727     2.2470     0.1725  1.8399979  13.664484    13.6336    38.6311    29.0755     3.3503    145.398 0.0000e+00
    359.747    932.479    13.6872   4.563713     2.2470     0.1635  1.8398453  13.664484    13.6340    38.6309    29.0753     3.3525    145.492 0.0000e+00
    359.421    933.479    13.6870   4.563663     2.2479     0.1819  1.8396418  13.664484    13.6338    38.6308    29.0752     3.3532    145.522 0.0000e+00
    358.681    934.479    13.6882   4.563795     2.2477     0.1841  1.8394383  13.665168    13.6352    38.6311    29.0752     3.3525    145.491 0.0000e+00
    357.916    935.479    13.6891   4.563854     2.2483     0.1809  1.8394892  13.664484    13.6362    38.6311    29.0750     3.3533    145.525 0.0000e+00
    357.728    936.479    13.6891   4.563833     2.2483     0.1877  1.8393365  13.664484    13.6362    38.6310    29.0750     3.3517    145.460 0.0000e+00
    357.086    937.479    13.6898   4.563913     2.2481     0.1873  1.8395400  13.665851    13.6370    38.6314    29.0750     3.3513    145.439 0.0000e+00
    355.967    938.479    13.6915   4.564054     2.2479     0.1791  1.8395400  13.665851    13.6389    38.6315    29.0747     3.3484    145.316 0.0000e+00
    355.428    939.479    13.6914   4.564003     2.2470     0.1789  1.8393874  13.665168    13.6388    38.6314    29.0746     3.3459    145.207 0.0000e+00
    355.569    940.479    13.6885   4.563679     2.2466     0.1931  1.8392348  13.665851    13.6359    38.6311    29.0750     3.3475    145.275 0.0000e+00
    354.998    941.479    13.6902   4.563891     2.2467     0.1932  1.8391330  13.665851    13.6378    38.6316    29.0751     3.3476    145.281 0.0000e+00
    353.766    942.479    13.6932   4.564157     2.2469     0.1943  1.8390822  13.665851    13.6409    38.6318    29.0745     3.3507    145.416 0.0000e+00
    352.898    943.479    13.6935   4.564145     2.2484     0.1796  1.8388787  13.667219    13.6413    38.6317    29.0744     3.3534    145.532 0.0000e+00
    352.879    944.479    13.6902   4.563748     2.2486     0.1741  1.8388278  13.665168    13.6380    38.6313    29.0747     3.3525    145.491 0.0000e+00
    352.655    945.479    13.6919   4.563954     2.2498     0.1751  1.8388278  13.665851    13.6397    38.6317    29.0747     3.3550    145.600 0.0000e+00
    351.724    946.479    13.6941   4.564163     2.2495     0.1784  1.8389295  13.672689    13.6420    38.6318    29.0743     3.3503    145.397 0.0000e+00
    350.954    947.479    13.6940   4.564120     2.2490     0.1716  1.8388787  13.668586    13.6421    38.6319    29.0743     3.3499    145.380 0.0000e+00
    350.476    948.479    13.6933   4.564022     2.2489     0.1843  1.8387260  13.670637    13.6415    38.6318    29.0744     3.3496    145.366 0.0000e+00
    349.922    949.479    13.6960   4.564310     2.2487     0.1812  1.8386752  13.676107    13.6443    38.6321    29.0740     3.3473    145.265 0.0000e+00
    349.415    950.479    13.6968   4.564359     2.2479     0.1737  1.8385734  13.676791    13.6451    38.6319    29.0737     3.3485    145.319 0.0000e+00
    349.009    951.479    13.6975   4.564424     2.2492     0.1694  1.8386243  13.675423    13.6459    38.6320    29.0736     3.3529    145.512 0.0000e+00
    348.482    952.479    13.6979   4.564430     2.2496     0.1732  1.8385734  13.677474    13.6464    38.6320    29.0735     3.3516    145.451 0.0000e+00
    347.671    953.479    13.6983   4.564460     2.2500     0.1790  1.8389804  13.678158    13.6468    38.6322    29.0736     3.3532    145.521 0.0000e+00
    346.943    954.479    13.6990   4.564511     2.2510     0.1823  1.8383699  13.676791    13.6477    38.6323    29.0735     3.3559    145.639 0.0000e+00
    346.411    955.479    13.6995   4.564539     2.2517     0.1955  1.8384208  13.677474    13.6483    38.6323    29.0733     3.3555    145.624 0.0000e+00
    346.097    956.479    13.7009   4.564685     2.2520     0.2048  1.8384717  13.678842    13.6497    38.6324    29.0731     3.3541    145.560 0.0000e+00
    345.776    957.479    13.7022   4.564820     2.2517     0.1953  1.8384717  13.680209    13.6510    38.6326    29.0729     3.3534    145.530 0.0000e+00
    345.009    958.479    13.7044   4.565049     2.2517     0.1875  1.8382682  13.680893    13.6533    38.6329    29.0727     3.3549    145.595 0.0000e+00
    343.967    959.479    13.7065   4.565237     2.2528     0.1807  1.8376577  13.680209    13.6556    38.6330    29.0723     3.3574    145.707 0.0000e+00
    343.446    960.479    13.7072   4.565284     2.2530     0.1687  1.8382682  13.680893    13.6564    38.6330    29.0721     3.3549    145.597 0.0000e+00
    343.308    961.479    13.7032   4.564839     2.2529     0.1987  1.8379629  13.680209    13.6524    38.6328    29.0729     3.3544    145.576 0.0000e+00
    342.695    962.479    13.7071   4.565273     2.2528     0.1876  1.8377086  13.680893    13.6564    38.6333    29.0723     3.3546    145.583 0.0000e+00
    342.012    963.479    13.7093   4.565470     2.2531     0.1928  1.8374542  13.681577    13.6587    38.6332    29.0718     3.3563    145.659 0.0000e+00
    341.441    964.479    13.7100   4.565516     2.2538     0.1809  1.8373524  13.682260    13.6595    38.6333    29.0717     3.3570    145.687 0.0000e+00
    340.775    965.479    13.7106   4.565553     2.2539     0.1720  1.8373524  13.681577    13.6601    38.6333    29.0716     3.3562    145.654 0.0000e+00
    340.272    966.479    13.7108   4.565572     2.2539     0.1780  1.8367928  13.682944    13.6605    38.6334    29.0716     3.3544    145.577 0.0000e+00
    339.841    967.479    13.7110   4.565564     2.2537     0.1800  1.8369454  13.684311    13.6607    38.6334    29.0715     3.3559    145.639 0.0000e+00
    339.229    968.479    13.7111   4.565537     2.2547     0.1810  1.8365384  13.689781    13.6610    38.6333    29.0713     3.3604    145.837 0.0000e+00
    338.571    969.479    13.7119   4.565605     2.2559     0.1799  1.8364876  13.686362    13.6618    38.6335    29.0714     3.3628    145.939 0.0000e+00
    338.082    970.479    13.7132   4.565752     2.2570     0.1879  1.8363858  13.688413    13.6632    38.6337    29.0713     3.3624    145.921 0.0000e+00
    337.558    971.479    13.7148   4.565927     2.2569     0.1970  1.8364367  13.689781    13.6649    38.6340    29.0711     3.3591    145.779 0.0000e+00
    336.921    972.479    13.7159   4.566018     2.2567     0.1808  1.8364367  13.688413    13.6661    38.6340    29.0709     3.3618    145.895 0.0000e+00
    336.252    973.479    13.7168   4.566111     2.2581     0.1882  1.8363858  13.693199    13.6671    38.6343    29.0709     3.3666    146.105 0.0000e+00
    335.841    974.479    13.7174   4.566152     2.2591     0.1896  1.8364367  13.695250    13.6677    38.6343    29.0707     3.3659    146.075 0.0000e+00
    335.432    975.479    13.7181   4.566220     2.2592     0.1887  1.8360806  13.695934    13.6685    38.6344    29.0707     3.3613    145.873 0.0000e+00
    334.559    976.479    13.7193   4.566317     2.2575     0.1754  1.8356736  13.697301    13.6698    38.6346    29.0705     3.3566    145.670 0.0000e+00
    333.890    977.479    13.7197   4.566331     2.2577     0.1776  1.8358770  13.697301    13.6703    38.6345    29.0703     3.3605    145.841 0.0000e+00
    333.705    978.479    13.7197   4.566332     2.2572     0.1739  1.8359279  13.697301    13.6703    38.6347    29.0705     3.3584    145.750 0.0000e+00
    333.238    979.479    13.7195   4.566281     2.2576     0.1705  1.8359279  13.697301    13.6702    38.6346    29.0704     3.3606    145.846 0.0000e+00
    332.131    980.479    13.7199   4.566281     2.2579     0.1824  1.8360297  13.697301    13.6707    38.6347    29.0704     3.3614    145.879 0.0000e+00
    331.400    981.479    13.7197   4.566225     2.2586     0.1825  1.8355718  13.697301    13.6707    38.6346    29.0703     3.3623    145.917 0.0000e+00
    331.465    982.479    13.7180   4.566010     2.2586     0.1859  1.8357244  13.697301    13.6690    38.6343    29.0705     3.3621    145.908 0.0000e+00
    330.889    983.479    13.7191   4.566144     2.2593     0.1947  1.8353174  13.697301    13.6701    38.6348    29.0705     3.3640    145.991 0.0000e+00
    329.866    984.479    13.7204   4.566230     2.2596     0.1823  1.8357753  13.697301    13.6716    38.6347    29.0702     3.3635    145.971 0.0000e+00
    329.324    985.479    13.7208   4.566259     2.2602     0.1787  1.8357244  13.698668    13.6721    38.6348    29.0702     3.3656    146.060 0.0000e+00
    329.053    986.479    13.7209   4.566246     2.2609     0.1745  1.8354701  13.697985    13.6722    38.6348    29.0701     3.3660    146.078 0.0000e+00
    328.438    987.479    13.7212   4.566256     2.2609     0.1807  1.8349613  13.697985    13.6726    38.6348    29.0701     3.3654    146.052 0.0000e+00
    327.825    988.479    13.7226   4.566385     2.2614     0.1762  1.8352666  13.698668    13.6741    38.6349    29.0698     3.3664    146.097 0.0000e+00
    327.241    989.479    13.7247   4.566641     2.2614     0.1717  1.8350631  13.699352    13.6763    38.6354    29.0698     3.3641    145.995 0.0000e+00
    326.540    990.479    13.7281   4.567017     2.2612     0.1761  1.8349104  13.700719    13.6798    38.6359    29.0693     3.3636    145.973 0.0000e+00
    326.037    991.479    13.7295   4.567136     2.2612     0.1820  1.8352666  13.698668    13.6813    38.6358    29.0690     3.3632    145.957 0.0000e+00
    325.730    992.479    13.7299   4.567148     2.2611     0.1845  1.8348087  13.702770    13.6817    38.6357    29.0688     3.3626    145.931 0.0000e+00
    325.034    993.479    13.7313   4.567321     2.2611     0.1838  1.8349613  13.706188    13.6832    38.6362    29.0689     3.3632    145.957 0.0000e+00
    324.156    994.479    13.7336   4.567536     2.2613     0.1863  1.8344017  13.708923    13.6856    38.6364    29.0685     3.3640    145.994 0.0000e+00
    323.809    995.479    13.7348   4.567670     2.2620     0.1835  1.8341473  13.706872    13.6869    38.6366    29.0684     3.3650    146.034 0.0000e+00
    323.598    996.479    13.7359   4.567730     2.2622     0.1771  1.8346052  13.706872    13.6880    38.6362    29.0678     3.3652    146.044 0.0000e+00
    322.753    997.479    13.7363   4.567798     2.2621     0.1759  1.8342491  13.710290    13.6886    38.6367    29.0681     3.3631    145.953 0.0000e+00
    321.775    998.479    13.7378   4.567908     2.2624     0.1764  1.8344526  13.711657    13.6902    38.6367    29.0678     3.3646    146.017 0.0000e+00
    321.393    999.479    13.7379   4.567871     2.2624     0.1735  1.8340964  13.711657    13.6903    38.6365    29.0676     3.3639    145.990 0.0000e+00
    321.225   1000.479    13.7343   4.567484     2.2629     0.1705  1.8342490  13.713708    13.6868    38.6365    29.0683     3.3662    146.089 0.0000e+00
    320.529   1001.479    13.7410   4.568229     2.2630     0.1779  1.8342491  13.714392    13.6935    38.6372    29.0674     3.3635    145.970 0.0000e+00
    319.697   1002.479    13.7429   4.568398     2.2629     0.1688  1.8342491  13.713708    13.6956    38.6371    29.0670     3.3636    145.976 0.0000e+00
    319.216   1003.479    13.7436   4.568444     2.2629     0.1753  1.8337912  13.713708    13.6963    38.6371    29.0668     3.3636    145.976 0.0000e+00
    318.708   1004.479    13.7444   4.568519     2.2632     0.1839  1.8339947  13.717810    13.6972    38.6372    29.0667     3.3649    146.031 0.0000e+00
    318.011   1005.479    13.7449   4.568541     2.2636     0.1911  1.8339438  13.721911    13.6978    38.6373    29.0666     3.3643    146.006 0.0000e+00
    317.375   1006.479    13.7454   4.568570     2.2637     0.1896  1.8338929  13.724645    13.6984    38.6373    29.0665     3.3658    146.069 0.0000e+00
    317.074   1007.479    13.7461   4.568637     2.2647     0.1873  1.8337403  13.721227    13.6991    38.6374    29.0664     3.3694    146.227 0.0000e+00
    316.673   1008.479    13.7481   4.568848     2.2655     0.1883  1.8336894  13.726696    13.7012    38.6376    29.0661     3.3682    146.174 0.0000e+00
    315.725   1009.479    13.7499   4.569009     2.2652     0.1814  1.8336385  13.728063    13.7032    38.6377    29.0657     3.3651    146.041 0.0000e+00
    314.827   1010.479    13.7496   4.568948     2.2650     0.1867  1.8333333  13.723278    13.7030    38.6378    29.0659     3.3650    146.038 0.0000e+00
    314.652   1011.479    13.7483   4.568785     2.2650     0.1911  1.8333842  13.726696    13.7017    38.6377    29.0661     3.3648    146.027 0.0000e+00
    314.306   1012.479    13.7499   4.568959     2.2647     0.1870  1.8333333  13.727380    13.7033    38.6379    29.0659     3.3628    145.941 0.0000e+00
    313.674   1013.479    13.7519   4.569145     2.2642     0.1775  1.8334859  13.728747    13.7055    38.6378    29.0654     3.3633    145.963 0.0000e+00
    312.956   1014.479    13.7516   4.569078     2.2648     0.1769  1.8330789  13.730114    13.7053    38.6379    29.0654     3.3673    146.136 0.0000e+00
    312.239   1015.479    13.7521   4.569108     2.2661     0.1724  1.8332824  13.729430    13.7059    38.6380    29.0653     3.3682    146.176 0.0000e+00
    311.758   1016.479    13.7530   4.569187     2.2660     0.1831  1.8331807  13.729430    13.7068    38.6380    29.0652     3.3661    146.086 0.0000e+00
    311.387   1017.479    13.7546   4.569345     2.2663     0.1956  1.8330280  13.729430    13.7085    38.6381    29.0650     3.3664    146.099 0.0000e+00
    310.868   1018.479    13.7552   4.569396     2.2658     0.1857  1.8332315  13.731481    13.7092    38.6382    29.0648     3.3629    145.947 0.0000e+00
    310.230   1019.479    13.7561   4.569470     2.2652     0.1888  1.8331298  13.730798    13.7101    38.6383    29.0647     3.3619    145.903 0.0000e+00
    309.511   1020.479    13.7558   4.569392     2.2650     0.1798  1.8333333  13.730798    13.7100    38.6382    29.0647     3.3631    145.954 0.0000e+00
    308.908   1021.479    13.7564   4.569452     2.2658     0.1788  1.8333333  13.731481    13.7106    38.6384    29.0647     3.3667    146.110 0.0000e+00
    308.519   1022.479    13.7590   4.569719     2.2665     0.1835  1.8335368  13.731481    13.7133    38.6385    29.0642     3.3673    146.135 0.0000e+00
    308.017   1023.479    13.7596   4.569751     2.2671     0.1876  1.8333333  13.731481    13.7139    38.6385    29.0640     3.3674    146.141 0.0000e+00
    307.278   1024.479    13.7592   4.569674     2.2672     0.1996  1.8334350  13.734899    13.7137    38.6384    29.0641     3.3630    145.949 0.0000e+00
    306.637   1025.479    13.7588   4.569619     2.2652     0.1911  1.8331298  13.735582    13.7134    38.6386    29.0643     3.3582    145.739 0.0000e+00
    306.333   1026.479    13.7596   4.569689     2.2654     0.2014  1.8332315  13.732848    13.7142    38.6386    29.0640     3.3630    145.948 0.0000e+00
    305.864   1027.479    13.7601   4.569696     2.2655     0.2055  1.8334859  13.738317    13.7148    38.6384    29.0638     3.3614    145.879 0.0000e+00
    304.840   1028.479    13.7593   4.569592     2.2655     0.1878  1.8329772  13.740367    13.7142    38.6386    29.0641     3.3617    145.893 0.0000e+00
    304.056   1029.479    13.7601   4.569640     2.2655     0.1992  1.8334859  13.733532    13.7151    38.6386    29.0639     3.3609    145.860 0.0000e+00
    304.133   1030.479    13.7589   4.569505     2.2658     0.1993  1.8333333  13.740367    13.7139    38.6385    29.0641     3.3638    145.985 0.0000e+00
    303.715   1031.479    13.7595   4.569573     2.2666     0.1919  1.8336385  13.739000    13.7145    38.6388    29.0641     3.3649    146.033 0.0000e+00
