Boussole/Data/SBEMOOSE/Work/cnv/bous230_02.cnv
* Sea-Bird SBE 9 Data File:
* FileName = C:\boussole\202105\bous230_02.hdr
* Software Version Seasave V 7.23.2
* Temperature SN = 2473
* Conductivity SN = 2929
* Number of Bytes Per Scan = 37
* Number of Voltage Words = 4
* Number of Scans Averaged by the Deck Unit = 1
* NMEA Latitude = 43 22.47 N
* NMEA Longitude = 007 54.61 E
* NMEA UTC (Time) = May 14 2021  17:26:34
* NMEA baud rate = 4800
** Navire
** Station:
** Date
** Heure debut [TU]
** Heure fin [TU]
** Heure locale / TU = +0
** Latitude
** Longitude
** Heure meteo [TU]
** T air sec [deg C]
** T mer [deg C]
** Vent [noeuds, degres]
# nquan = 14
# nvalues = 589                         
# units = specified
# name 0 = prDM: Pressure, Digiquartz [db]
# name 1 = timeS: Time, Elapsed [seconds]
# name 2 = t090C: Temperature [ITS-90, deg C]
# name 3 = c0S/m: Conductivity [S/m]
# name 4 = sbeox0V: Oxygen raw, SBE 43 [V]
# name 5 = flC: Fluorescence, Chelsea Aqua 3 Chl Con [ug/l]
# name 6 = upoly0: Upoly 0, RINKOIII_DO
# name 7 = upoly1: Upoly 1, RINKOIII_Temp
# name 8 = potemp090C: Potential Temperature [ITS-90, deg C]
# name 9 = sal00: Salinity, Practical [PSU]
# name 10 = sigma-é00: Density [sigma-theta, kg/m^3]
# name 11 = sbeox0ML/L: Oxygen, SBE 43 [ml/l], WS = 2
# name 12 = sbox0Mm/Kg: Oxygen, SBE 43 [umol/kg], WS = 2
# name 13 = flag: flag
# span 0 =      0.072,    107.156       
# span 1 =      0.479,    588.104       
# span 2 =    13.4838,    16.1851       
# span 3 =   0.550869,   4.767804       
# span 4 =     2.3810,     3.1506       
# span 5 =     0.1879,     1.9003       
# span 6 =  1.4762923,  1.7703501       
# span 7 =  13.476381,  16.149669       
# span 8 =    13.4764,    16.1846       
# span 9 =     3.6733,    38.5964       
# span 10 =     1.7907,    29.0232      
# span 11 =     3.5146,     5.0185      
# span 12 =    152.536,    217.865      
# span 13 = 0.0000e+00, 0.0000e+00      
# interval = seconds: 1                 
# start_time = May 14 2021 17:26:34 [NMEA time, header]
# bad_flag = -9.990e-29
*END*
[from data line 207]
     80.807    207.479    13.6405   4.534957     2.4567     0.2280  1.7501017  13.661749    13.6286    38.5301    28.9983     3.6918    160.228 0.0000e+00
     79.795    208.479    13.6336   4.534029     2.4636     0.2277  1.7478123  13.650124    13.6219    38.5287    28.9986     3.7069    160.884 0.0000e+00
     78.899    209.479    13.6257   4.532691     2.4684     0.2265  1.7455738  13.644654    13.6142    38.5242    28.9968     3.7079    160.928 0.0000e+00
     78.459    210.479    13.6252   4.532738     2.4703     0.2238  1.7433353  13.632346    13.6137    38.5254    28.9979     3.7125    161.126 0.0000e+00
     78.111    211.479    13.6305   4.533498     2.4755     0.2130  1.7411477  13.633030    13.6191    38.5275    28.9983     3.7296    161.868 0.0000e+00
     77.068    212.479    13.6195   4.531546     2.4813     0.2132  1.7400284  13.630978    13.6083    38.5204    28.9951     3.7388    162.269 0.0000e+00
     75.950    213.479    13.6148   4.530742     2.4845     0.2081  1.7372812  13.624823    13.6038    38.5180    28.9942     3.7383    162.247 0.0000e+00
     75.616    214.479    13.6181   4.531367     2.4862     0.2172  1.7354497  13.620036    13.6071    38.5208    28.9957     3.7390    162.277 0.0000e+00
     75.414    215.479    13.6183   4.531317     2.4881     0.2145  1.7344322  13.621404    13.6073    38.5202    28.9952     3.7515    162.819 0.0000e+00
     74.734    216.479    13.6173   4.531058     2.4949     0.2245  1.7338217  13.617985    13.6064    38.5190    28.9945     3.7769    163.925 0.0000e+00
     73.957    217.479    13.5995   4.528287     2.5038     0.2308  1.7328042  13.616617    13.5888    38.5109    28.9919     3.7956    164.738 0.0000e+00
     73.174    218.479    13.5881   4.526509     2.5103     0.2360  1.7312271  13.615249    13.5774    38.5058    28.9905     3.8040    165.102 0.0000e+00
     72.035    219.479    13.5829   4.525727     2.5159     0.2484  1.7301078  13.614565    13.5725    38.5041    28.9901     3.8095    165.338 0.0000e+00
     71.022    220.479    13.5810   4.525362     2.5178     0.2363  1.7281746  13.600888    13.5707    38.5030    28.9897     3.8008    164.962 0.0000e+00
     70.877    221.479    13.5893   4.526792     2.5167     0.2336  1.7254782  13.598836    13.5790    38.5083    28.9920     3.7958    164.746 0.0000e+00
     70.897    222.479    13.6003   4.528402     2.5176     0.2287  1.7246133  13.598836    13.5900    38.5126    28.9930     3.8070    165.230 0.0000e+00
     70.035    223.479    13.5896   4.526479     2.5220     0.2220  1.7228327  13.593364    13.5794    38.5054    28.9897     3.8237    165.957 0.0000e+00
     68.598    224.479    13.5775   4.524634     2.5269     0.2219  1.7203398  13.582421    13.5675    38.5006    28.9885     3.8246    165.995 0.0000e+00
     67.785    225.479    13.5750   4.524260     2.5258     0.2215  1.7180504  13.581053    13.5651    38.5000    28.9885     3.8119    165.442 0.0000e+00
     67.805    226.479    13.5921   4.527025     2.5253     0.2291  1.7160154  13.580369    13.5822    38.5092    28.9920     3.8176    165.691 0.0000e+00
     67.327    227.479    13.5884   4.526222     2.5288     0.2328  1.7157102  13.582421    13.5786    38.5054    28.9898     3.8372    166.539 0.0000e+00
     65.980    228.479    13.5720   4.523510     2.5351     0.2358  1.7144383  13.571477    13.5624    38.4967    28.9866     3.8496    167.081 0.0000e+00
     64.890    229.479    13.5666   4.522803     2.5381     0.2434  1.7123016  13.567373    13.5572    38.4959    28.9871     3.8458    166.913 0.0000e+00
     64.580    230.479    13.5749   4.524124     2.5385     0.2592  1.7107753  13.566689    13.5655    38.5003    28.9887     3.8387    166.607 0.0000e+00
     64.452    231.479    13.5790   4.524712     2.5378     0.2522  1.7102157  13.567373    13.5696    38.5018    28.9890     3.8454    166.898 0.0000e+00
     64.023    232.479    13.5755   4.524015     2.5428     0.2482  1.7098087  13.571477    13.5662    38.4989    28.9874     3.8748    168.173 0.0000e+00
     62.893    233.479    13.5574   4.521055     2.5544     0.2311  1.7096561  13.565321    13.5483    38.4894    28.9839     3.9095    169.678 0.0000e+00
     61.568    234.479    13.5345   4.517420     2.5631     0.2384  1.7068579  13.556428    13.5256    38.4783    28.9802     3.9074    169.589 0.0000e+00
     61.075    235.479    13.5427   4.519145     2.5638     0.2462  1.7047212  13.551640    13.5338    38.4868    28.9850     3.8941    169.013 0.0000e+00
     61.277    236.479    13.5632   4.522059     2.5639     0.2351  1.7038563  13.552324    13.5543    38.4939    28.9861     3.9002    169.278 0.0000e+00
     60.960    237.479    13.5588   4.521202     2.5694     0.2398  1.7035002  13.552324    13.5499    38.4903    28.9843     3.9253    170.366 0.0000e+00
     60.115    238.479    13.5335   4.517116     2.5757     0.2480  1.7022283  13.545484    13.5248    38.4771    28.9794     3.9322    170.664 0.0000e+00
     59.769    239.479    13.5177   4.515121     2.5784     0.2606  1.6991249  13.538643    13.5090    38.4742    28.9805     3.9369    170.871 0.0000e+00
     59.934    240.479    13.5318   4.517066     2.5825     0.2647  1.6969882  13.544799    13.5231    38.4785    28.9808     3.9470    171.309 0.0000e+00
     59.802    241.479    13.5243   4.516107     2.5879     0.2436  1.6961742  13.544115    13.5156    38.4770    28.9812     3.9674    172.194 0.0000e+00
     59.566    242.479    13.5213   4.515153     2.5963     0.2348  1.6962251  13.542063    13.5126    38.4710    28.9772     3.9875    173.069 0.0000e+00
     59.540    243.479    13.5008   4.512420     2.6037     0.2484  1.6954619  13.545483    13.4922    38.4656    28.9774     4.0004    173.626 0.0000e+00
     59.803    244.479    13.5042   4.512915     2.6088     0.2543  1.6943427  13.535906    13.4955    38.4667    28.9776     4.0030    173.741 0.0000e+00
     60.172    245.479    13.5010   4.512546     2.6126     0.2576  1.6938848  13.531802    13.4924    38.4662    28.9778     4.0107    174.071 0.0000e+00
     60.238    246.479    13.5005   4.512456     2.6164     0.2527  1.6922060  13.518119    13.4918    38.4658    28.9776     4.0165    174.327 0.0000e+00
     59.971    247.479    13.4991   4.512193     2.6190     0.2546  1.6895096  13.516067    13.4903    38.4649    28.9772     4.0177    174.377 0.0000e+00
     59.585    248.479    13.5014   4.512551     2.6202     0.2684  1.6861518  13.510593    13.4928    38.4662    28.9777     4.0161    174.308 0.0000e+00
     59.476    249.479    13.4999   4.512303     2.6205     0.2766  1.6827432  13.506488    13.4913    38.4653    28.9774     4.0159    174.301 0.0000e+00
     59.676    250.479    13.4985   4.512120     2.6213     0.2824  1.6815222  13.501698    13.4899    38.4649    28.9773     4.0202    174.485 0.0000e+00
     59.889    251.479    13.4991   4.512222     2.6224     0.2746  1.6809626  13.501014    13.4904    38.4652    28.9774     4.0200    174.476 0.0000e+00
     60.096    252.479    13.4993   4.512304     2.6222     0.2735  1.6803012  13.501014    13.4906    38.4656    28.9777     4.0157    174.288 0.0000e+00
     60.071    253.479    13.4993   4.512302     2.6207     0.2804  1.6793346  13.497593    13.4906    38.4657    28.9778     4.0139    174.214 0.0000e+00
     59.817    254.479    13.4986   4.512190     2.6215     0.2835  1.6781136  13.499646    13.4899    38.4654    28.9777     4.0202    174.485 0.0000e+00
     59.624    255.479    13.4984   4.512147     2.6225     0.2826  1.6766382  13.501014    13.4898    38.4653    28.9777     4.0207    174.509 0.0000e+00
     59.795    256.479    13.4992   4.512296     2.6228     0.2797  1.6754681  13.499646    13.4905    38.4658    28.9779     4.0208    174.510 0.0000e+00
     60.089    257.479    13.5008   4.512567     2.6234     0.2695  1.6752646  13.498962    13.4921    38.4666    28.9782     4.0223    174.577 0.0000e+00
     59.935    258.479    13.4999   4.512363     2.6235     0.2808  1.6753155  13.497593    13.4912    38.4657    28.9776     4.0199    174.475 0.0000e+00
     59.680    259.479    13.4996   4.512316     2.6230     0.2865  1.6748576  13.500330    13.4910    38.4656    28.9776     4.0180    174.390 0.0000e+00
     59.718    260.479    13.4989   4.512254     2.6224     0.2957  1.6752137  13.500330    13.4902    38.4657    28.9779     4.0175    174.370 0.0000e+00
     59.913    261.479    13.4989   4.512277     2.6223     0.2942  1.6745523  13.494856    13.4902    38.4659    28.9780     4.0197    174.463 0.0000e+00
     59.959    262.479    13.4991   4.512274     2.6231     0.2946  1.6747050  13.492119    13.4904    38.4656    28.9778     4.0227    174.592 0.0000e+00
     59.788    263.479    13.4991   4.512252     2.6237     0.2934  1.6742471  13.498277    13.4904    38.4655    28.9777     4.0236    174.633 0.0000e+00
     59.631    264.479    13.4990   4.512208     2.6247     0.2923  1.6743488  13.499646    13.4904    38.4653    28.9775     4.0256    174.720 0.0000e+00
     59.771    265.479    13.4992   4.512261     2.6248     0.2889  1.6745015  13.497593    13.4905    38.4655    28.9777     4.0209    174.518 0.0000e+00
     60.153    266.479    13.4993   4.512339     2.6233     0.2820  1.6738909  13.486645    13.4906    38.4660    28.9780     4.0172    174.354 0.0000e+00
     60.261    267.479    13.4997   4.512368     2.6228     0.2683  1.6733822  13.486645    13.4910    38.4658    28.9778     4.0223    174.576 0.0000e+00
     59.952    268.479    13.4992   4.512271     2.6247     0.2705  1.6731787  13.493488    13.4905    38.4655    28.9777     4.0279    174.820 0.0000e+00
     59.568    269.479    13.4991   4.512235     2.6251     0.2727  1.6734839  13.490750    13.4905    38.4654    28.9776     4.0221    174.567 0.0000e+00
     59.511    270.479    13.4995   4.512278     2.6236     0.2918  1.6732804  13.494856    13.4909    38.4655    28.9776     4.0180    174.393 0.0000e+00
     59.811    271.479    13.4991   4.512273     2.6236     0.2974  1.6728226  13.486645    13.4904    38.4657    28.9778     4.0237    174.636 0.0000e+00
     59.884    272.479    13.4992   4.512295     2.6249     0.2948  1.6725173  13.489382    13.4905    38.4657    28.9778     4.0265    174.758 0.0000e+00
     59.846    273.479    13.4992   4.512285     2.6252     0.2820  1.6729752  13.492803    13.4905    38.4657    28.9778     4.0270    174.780 0.0000e+00
     59.924    274.479    13.4991   4.512291     2.6264     0.2806  1.6726191  13.496909    13.4904    38.4658    28.9779     4.0290    174.870 0.0000e+00
     59.984    275.479    13.4992   4.512308     2.6261     0.3019  1.6728734  13.499646    13.4905    38.4658    28.9779     4.0243    174.663 0.0000e+00
     60.044    276.479    13.4992   4.512308     2.6254     0.2984  1.6727208  13.500330    13.4905    38.4658    28.9779     4.0241    174.656 0.0000e+00
     59.945    277.479    13.4992   4.512302     2.6254     0.2846  1.6725173  13.490750    13.4905    38.4658    28.9779     4.0267    174.766 0.0000e+00
     59.723    278.479    13.4992   4.512276     2.6264     0.2914  1.6727208  13.493487    13.4905    38.4657    28.9778     4.0297    174.896 0.0000e+00
     59.694    279.479    13.4992   4.512287     2.6269     0.2833  1.6726699  13.498277    13.4905    38.4658    28.9779     4.0272    174.792 0.0000e+00
     59.876    280.479    13.4995   4.512351     2.6262     0.2865  1.6724664  13.492119    13.4908    38.4660    28.9779     4.0240    174.649 0.0000e+00
     60.022    281.479    13.4997   4.512378     2.6251     0.2810  1.6723138  13.484592    13.4910    38.4660    28.9779     4.0218    174.555 0.0000e+00
     59.849    282.479    13.5000   4.512398     2.6250     0.2889  1.6719068  13.489382    13.4913    38.4660    28.9779     4.0250    174.694 0.0000e+00
     59.578    283.479    13.5000   4.512367     2.6252     0.2965  1.6722629  13.493487    13.4914    38.4658    28.9777     4.0217    174.552 0.0000e+00
     59.602    284.479    13.5001   4.512394     2.6238     0.3081  1.6724664  13.492119    13.4914    38.4660    28.9778     4.0194    174.451 0.0000e+00
     59.863    285.479    13.5006   4.512509     2.6240     0.2974  1.6726699  13.485276    13.4919    38.4664    28.9780     4.0225    174.584 0.0000e+00
     60.170    286.479    13.5023   4.512768     2.6239     0.2948  1.6728226  13.485276    13.4936    38.4670    28.9782     4.0228    174.599 0.0000e+00
     60.385    287.479    13.5032   4.512880     2.6248     0.2758  1.6726191  13.485961    13.4944    38.4671    28.9781     4.0255    174.715 0.0000e+00
     60.210    288.479    13.5016   4.512622     2.6250     0.2800  1.6724664  13.487329    13.4929    38.4663    28.9778     4.0247    174.680 0.0000e+00
     59.530    289.479    13.5008   4.512472     2.6248     0.2865  1.6726191  13.485961    13.4922    38.4660    28.9777     4.0196    174.460 0.0000e+00
     59.028    290.479    13.5032   4.512726     2.6229     0.2928  1.6725173  13.484592    13.4946    38.4663    28.9774     4.0135    174.196 0.0000e+00
     59.500    291.479    13.5023   4.512685     2.6216     0.2967  1.6727208  13.485276    13.4937    38.4665    28.9778     4.0156    174.285 0.0000e+00
     60.275    292.479    13.5047   4.513088     2.6219     0.2888  1.6727717  13.484592    13.4959    38.4677    28.9782     4.0187    174.420 0.0000e+00
     60.344    293.479    13.5038   4.512905     2.6226     0.2899  1.6730769  13.485276    13.4951    38.4667    28.9777     4.0215    174.541 0.0000e+00
     59.966    294.479    13.5028   4.512772     2.6231     0.2895  1.6730769  13.486645    13.4941    38.4666    28.9778     4.0205    174.498 0.0000e+00
     59.537    295.479    13.5038   4.512853     2.6232     0.2884  1.6732296  13.485961    13.4952    38.4666    28.9775     4.0190    174.435 0.0000e+00
     59.446    296.479    13.5042   4.512870     2.6224     0.2737  1.6728226  13.490066    13.4956    38.4665    28.9774     4.0171    174.351 0.0000e+00
     59.894    297.479    13.5040   4.512958     2.6228     0.2839  1.6729752  13.484592    13.4953    38.4673    28.9780     4.0210    174.518 0.0000e+00
     60.278    298.479    13.5042   4.513012     2.6236     0.2869  1.6732804  13.484592    13.4955    38.4674    28.9781     4.0231    174.613 0.0000e+00
     60.140    299.479    13.5040   4.512921     2.6239     0.2803  1.6733313  13.488698    13.4953    38.4668    28.9776     4.0198    174.470 0.0000e+00
     59.761    300.479    13.5030   4.512763     2.6230     0.2950  1.6726700  13.488013    13.4944    38.4664    28.9776     4.0203    174.491 0.0000e+00
     59.566    301.479    13.5020   4.512641     2.6242     0.2987  1.6732804  13.488014    13.4934    38.4664    28.9777     4.0263    174.752 0.0000e+00
     59.718    302.479    13.5033   4.512805     2.6252     0.3019  1.6729752  13.489382    13.4946    38.4666    28.9776     4.0235    174.629 0.0000e+00
     59.737    303.479    13.5033   4.512815     2.6246     0.2920  1.6731787  13.486645    13.4946    38.4667    28.9777     4.0203    174.490 0.0000e+00
     59.610    304.479    13.5031   4.512761     2.6231     0.2865  1.6730769  13.490750    13.4945    38.4664    28.9776     4.0131    174.176 0.0000e+00
     59.956    305.479    13.5033   4.512853     2.6208     0.2771  1.6731278  13.488013    13.4946    38.4670    28.9779     4.0122    174.138 0.0000e+00
     60.622    306.479    13.5066   4.513434     2.6213     0.2845  1.6731278  13.483908    13.4978    38.4689    28.9787     4.0212    174.529 0.0000e+00
     60.368    307.479    13.5041   4.512956     2.6237     0.2846  1.6731787  13.484592    13.4953    38.4670    28.9778     4.0279    174.820 0.0000e+00
     59.193    308.479    13.5036   4.512807     2.6253     0.2917  1.6732296  13.485961    13.4950    38.4666    28.9775     4.0255    174.718 0.0000e+00
