Boussole/Data/SBEMOOSE/Work/cnv/bous228_03.cnv
* Sea-Bird SBE 9 Data File:
* FileName = C:\boussole\202103\bous228_03.hdr
* Software Version Seasave V 7.23.2
* Temperature SN = 2473
* Conductivity SN = 2929
* Number of Bytes Per Scan = 37
* Number of Voltage Words = 4
* Number of Scans Averaged by the Deck Unit = 1
* NMEA Latitude = 43 22.32 N
* NMEA Longitude = 007 53.85 E
* NMEA UTC (Time) = Mar 03 2021  13:34:34
* NMEA baud rate = 4800
** Navire
** Station:
** Date
** Heure debut [TU]
** Heure fin [TU]
** Heure locale / TU = +0
** Latitude
** Longitude
** Heure meteo [TU]
** T air sec [deg C]
** T mer [deg C]
** Vent [noeuds, degres]
# nquan = 14
# nvalues = 1182                        
# units = specified
# name 0 = prDM: Pressure, Digiquartz [db]
# name 1 = timeS: Time, Elapsed [seconds]
# name 2 = t090C: Temperature [ITS-90, deg C]
# name 3 = c0S/m: Conductivity [S/m]
# name 4 = sbeox0V: Oxygen raw, SBE 43 [V]
# name 5 = flC: Fluorescence, Chelsea Aqua 3 Chl Con [ug/l]
# name 6 = upoly0: Upoly 0, RINKOIII_DO
# name 7 = upoly1: Upoly 1, RINKOIII_Temp
# name 8 = potemp090C: Potential Temperature [ITS-90, deg C]
# name 9 = sal00: Salinity, Practical [PSU]
# name 10 = sigma-é00: Density [sigma-theta, kg/m^3]
# name 11 = sbeox0ML/L: Oxygen, SBE 43 [ml/l], WS = 2
# name 12 = sbox0Mm/Kg: Oxygen, SBE 43 [umol/kg], WS = 2
# name 13 = flag: flag
# span 0 =      0.276,    304.175       
# span 1 =      0.479,   1181.104       
# span 2 =    13.3993,    13.9487       
# span 3 =   0.783956,   4.575171       
# span 4 =     2.1858,     3.0275       
# span 5 =     0.1695,     5.6114       
# span 6 =  1.5201974,  1.8323158       
# span 7 =  13.385354,  13.781376       
# span 8 =    13.3952,    13.9486       
# span 9 =     5.7284,    38.6578       
# span 10 =     3.7364,    29.0739      
# span 11 =     3.1935,     4.8379      
# span 12 =    138.591,    209.990      
# span 13 = 0.0000e+00, 0.0000e+00      
# interval = seconds: 1                 
# start_time = Mar 03 2021 13:34:34 [NMEA time, header]
# bad_flag = -9.990e-29
*END*
[from data line 413]
    218.856    413.479    13.5572   4.537328     2.4167     0.2301  1.7310745  13.539327    13.5252    38.5741    29.0545     3.6568    158.702 0.0000e+00
    218.908    414.479    13.5574   4.537368     2.4156     0.2310  1.7307692  13.541379    13.5254    38.5742    29.0545     3.6549    158.621 0.0000e+00
    219.464    415.479    13.5576   4.537422     2.4151     0.2268  1.7308709  13.541379    13.5255    38.5744    29.0546     3.6495    158.386 0.0000e+00
    220.262    416.479    13.5639   4.538408     2.4121     0.2351  1.7310744  13.537959    13.5317    38.5770    29.0554     3.6395    157.951 0.0000e+00
    221.032    417.479    13.5673   4.538845     2.4090     0.2453  1.7309218  13.542063    13.5350    38.5774    29.0549     3.6296    157.523 0.0000e+00
    221.715    418.479    13.5729   4.539689     2.4037     0.2288  1.7311253  13.544115    13.5404    38.5795    29.0554     3.6112    156.722 0.0000e+00
    222.257    419.479    13.5870   4.541732     2.3965     0.2412  1.7313797  13.548220    13.5544    38.5845    29.0564     3.5866    155.656 0.0000e+00
    223.083    420.479    13.5970   4.543088     2.3860     0.2487  1.7318884  13.556428    13.5643    38.5869    29.0561     3.5547    154.268 0.0000e+00
    224.173    421.479    13.6258   4.547273     2.3735     0.2394  1.7363146  13.578317    13.5929    38.5972    29.0580     3.5268    153.059 0.0000e+00
    224.972    422.479    13.6389   4.548964     2.3630     0.2273  1.7407407  13.583105    13.6058    38.5998    29.0572     3.5117    152.404 0.0000e+00
    225.430    423.479    13.6333   4.548159     2.3551     0.2229  1.7445055  13.583105    13.6002    38.5975    29.0567     3.5035    152.048 0.0000e+00
    225.962    424.479    13.6470   4.550198     2.3487     0.2238  1.7461843  13.578317    13.6138    38.6030    29.0580     3.4905    151.484 0.0000e+00
    226.749    425.479    13.6527   4.550988     2.3423     0.2476  1.7459299  13.594732    13.6194    38.6043    29.0578     3.4801    151.032 0.0000e+00
    227.606    426.479    13.6531   4.551042     2.3378     0.2447  1.7504579  13.620036    13.6196    38.6041    29.0576     3.4761    150.860 0.0000e+00
    228.205    427.479    13.6521   4.550955     2.3342     0.2367  1.7565121  13.622088    13.6186    38.6040    29.0577     3.4718    150.672 0.0000e+00
    228.790    428.479    13.6522   4.550997     2.3315     0.2352  1.7600733  13.616617    13.6186    38.6040    29.0577     3.4718    150.674 0.0000e+00
    229.535    429.479    13.6531   4.551134     2.3312     0.2248  1.7614978  13.617985    13.6193    38.6041    29.0577     3.4743    150.779 0.0000e+00
    230.151    430.479    13.6545   4.551346     2.3301     0.2330  1.7623118  13.628243    13.6206    38.6044    29.0577     3.4679    150.504 0.0000e+00
    230.609    431.479    13.6552   4.551456     2.3274     0.2292  1.7649064  13.624139    13.6213    38.6045    29.0576     3.4601    150.167 0.0000e+00
    231.334    432.479    13.6569   4.551721     2.3255     0.2292  1.7647538  13.622088    13.6229    38.6050    29.0576     3.4604    150.177 0.0000e+00
    232.275    433.479    13.6585   4.551965     2.3245     0.2247  1.7661274  13.631662    13.6244    38.6053    29.0575     3.4601    150.165 0.0000e+00
    232.980    434.479    13.6595   4.552128     2.3240     0.2181  1.7681624  13.632346    13.6252    38.6056    29.0575     3.4583    150.088 0.0000e+00
    233.344    435.479    13.6581   4.551969     2.3216     0.2334  1.7695361  13.630978    13.6238    38.6052    29.0576     3.4415    149.358 0.0000e+00
    233.885    436.479    13.6709   4.553945     2.3148     0.2516  1.7696887  13.630978    13.6364    38.6110    29.0593     3.4197    148.413 0.0000e+00
    234.734    437.479    13.6892   4.556376     2.3082     0.2420  1.7697904  13.638500    13.6547    38.6152    29.0587     3.4079    147.901 0.0000e+00
    235.496    438.479    13.6942   4.557079     2.3034     0.2308  1.7719780  13.650124    13.6595    38.6165    29.0587     3.4035    147.707 0.0000e+00
    236.180    439.479    13.6971   4.557526     2.2995     0.2236  1.7742166  13.662433    13.6623    38.6176    29.0589     3.3958    147.372 0.0000e+00
    236.827    440.479    13.7002   4.557998     2.2955     0.2198  1.7763533  13.665168    13.6653    38.6186    29.0590     3.3865    146.971 0.0000e+00
    237.283    441.479    13.7031   4.558429     2.2912     0.2200  1.7780830  13.665168    13.6681    38.6196    29.0592     3.3808    146.721 0.0000e+00
    237.975    442.479    13.7011   4.558219     2.2887     0.2086  1.7795584  13.665168    13.6660    38.6193    29.0594     3.3789    146.643 0.0000e+00
    238.941    443.479    13.7004   4.558321     2.2868     0.2132  1.7824074  13.676791    13.6652    38.6205    29.0606     3.3785    146.624 0.0000e+00
    239.652    444.479    13.7027   4.558668     2.2858     0.2232  1.7850021  13.677474    13.6675    38.6211    29.0606     3.3787    146.634 0.0000e+00
    239.999    445.479    13.6985   4.558109     2.2853     0.2231  1.7866809  13.673372    13.6631    38.6199    29.0605     3.3776    146.583 0.0000e+00
    240.585    446.479    13.7030   4.558806     2.2838     0.2216  1.7869353  13.674056    13.6675    38.6218    29.0611     3.3726    146.367 0.0000e+00
    241.409    447.479    13.7076   4.559571     2.2830     0.2127  1.7868335  13.679526    13.6721    38.6240    29.0618     3.3746    146.454 0.0000e+00
    242.043    448.479    13.7101   4.559944     2.2831     0.2213  1.7877493  13.681577    13.6743    38.6248    29.0620     3.3744    146.443 0.0000e+00
    242.525    449.479    13.7107   4.560058     2.2819     0.2063  1.7886142  13.682260    13.6750    38.6250    29.0620     3.3668    146.114 0.0000e+00
    243.177    450.479    13.7131   4.560444     2.2792     0.2092  1.7898352  13.680893    13.6773    38.6260    29.0622     3.3622    145.914 0.0000e+00
    243.912    451.479    13.7151   4.560740     2.2787     0.2198  1.7897334  13.686362    13.6791    38.6265    29.0622     3.3643    146.005 0.0000e+00
    244.379    452.479    13.7163   4.560937     2.2773     0.2184  1.7903948  13.691148    13.6802    38.6269    29.0623     3.3598    145.810 0.0000e+00
    244.625    453.479    13.7148   4.560762     2.2763     0.2166  1.7910053  13.685679    13.6787    38.6266    29.0624     3.3601    145.822 0.0000e+00
    245.183    454.479    13.7173   4.561128     2.2756     0.2177  1.7913614  13.687046    13.6811    38.6274    29.0625     3.3590    145.777 0.0000e+00
    246.012    455.479    13.7189   4.561389     2.2752     0.1961  1.7917684  13.696617    13.6826    38.6279    29.0625     3.3596    145.804 0.0000e+00
    246.646    456.479    13.7198   4.561533     2.2754     0.1962  1.7921754  13.696617    13.6834    38.6281    29.0625     3.3612    145.872 0.0000e+00
    246.978    457.479    13.7191   4.561458     2.2751     0.2098  1.7928877  13.696617    13.6827    38.6278    29.0625     3.3569    145.685 0.0000e+00
    247.461    458.479    13.7218   4.561907     2.2733     0.2099  1.7932947  13.695934    13.6853    38.6292    29.0630     3.3503    145.398 0.0000e+00
    248.178    459.479    13.7310   4.563274     2.2714     0.2106  1.7929894  13.697301    13.6944    38.6326    29.0637     3.3445    145.147 0.0000e+00
    248.806    460.479    13.7330   4.563557     2.2688     0.2055  1.7928368  13.699352    13.6963    38.6329    29.0636     3.3388    144.900 0.0000e+00
    249.217    461.479    13.7343   4.563746     2.2662     0.2108  1.7939052  13.702086    13.6975    38.6333    29.0636     3.3330    144.647 0.0000e+00
    249.767    462.479    13.7383   4.564370     2.2639     0.2087  1.7948209  13.700719    13.7014    38.6350    29.0640     3.3300    144.517 0.0000e+00
    250.377    463.479    13.7418   4.564883     2.2622     0.2029  1.7953297  13.708923    13.7048    38.6360    29.0641     3.3274    144.403 0.0000e+00
    250.842    464.479    13.7423   4.564962     2.2602     0.2221  1.7954823  13.714392    13.7052    38.6361    29.0640     3.3217    144.157 0.0000e+00
    251.373    465.479    13.7427   4.565050     2.2583     0.2155  1.7967033  13.716442    13.7055    38.6363    29.0641     3.3193    144.055 0.0000e+00
    252.171    466.479    13.7479   4.565870     2.2569     0.1958  1.7975682  13.716442    13.7107    38.6384    29.0647     3.3198    144.076 0.0000e+00
    252.867    467.479    13.7494   4.566102     2.2566     0.1986  1.7986365  13.723278    13.7121    38.6388    29.0647     3.3203    144.098 0.0000e+00
    253.155    468.479    13.7463   4.565631     2.2561     0.1928  1.7998067  13.722595    13.7089    38.6373    29.0642     3.3171    143.956 0.0000e+00
    253.444    469.479    13.7463   4.565723     2.2544     0.1907  1.8002137  13.715759    13.7088    38.6381    29.0649     3.3106    143.675 0.0000e+00
    254.007    470.479    13.7528   4.566687     2.2519     0.2013  1.8000102  13.718493    13.7152    38.6405    29.0653     3.3050    143.431 0.0000e+00
    254.820    471.479    13.7588   4.567586     2.2501     0.2049  1.8005189  13.728063    13.7211    38.6426    29.0657     3.3027    143.331 0.0000e+00
    255.564    472.479    13.7625   4.568124     2.2490     0.1989  1.8012821  13.731481    13.7247    38.6436    29.0657     3.3021    143.306 0.0000e+00
    255.906    473.479    13.7620   4.568000     2.2477     0.2006  1.8021469  13.731481    13.7241    38.6428    29.0652     3.2983    143.140 0.0000e+00
    256.295    474.479    13.7611   4.567963     2.2460     0.2021  1.8036732  13.730114    13.7232    38.6431    29.0657     3.2942    142.963 0.0000e+00
    257.027    475.479    13.7642   4.568425     2.2444     0.2002  1.8036732  13.735582    13.7262    38.6441    29.0658     3.2908    142.816 0.0000e+00
    257.660    476.479    13.7648   4.568533     2.2427     0.2095  1.8043854  13.740367    13.7267    38.6442    29.0657     3.2881    142.698 0.0000e+00
    257.903    477.479    13.7630   4.568312     2.2412     0.2221  1.8058608  13.739684    13.7249    38.6438    29.0658     3.2852    142.573 0.0000e+00
    258.351    478.479    13.7644   4.568543     2.2397     0.2190  1.8060643  13.734215    13.7262    38.6444    29.0660     3.2835    142.499 0.0000e+00
    259.248    479.479    13.7654   4.568687     2.2390     0.2152  1.8064204  13.745152    13.7270    38.6444    29.0658     3.2834    142.496 0.0000e+00
    260.046    480.479    13.7654   4.568737     2.2382     0.2062  1.8071327  13.745835    13.7269    38.6445    29.0659     3.2837    142.509 0.0000e+00
    260.286    481.479    13.7641   4.568527     2.2384     0.1944  1.8079975  13.745835    13.7256    38.6437    29.0656     3.2863    142.622 0.0000e+00
    260.517    482.479    13.7634   4.568470     2.2388     0.1936  1.8077940  13.745835    13.7249    38.6438    29.0658     3.2870    142.651 0.0000e+00
    261.148    483.479    13.7657   4.568833     2.2389     0.1953  1.8080484  13.746519    13.7271    38.6446    29.0659     3.2857    142.595 0.0000e+00
    261.930    484.479    13.7666   4.568963     2.2381     0.1967  1.8079467  13.746519    13.7278    38.6446    29.0658     3.2812    142.398 0.0000e+00
    262.582    485.479    13.7668   4.569044     2.2369     0.1987  1.8084554  13.745835    13.7280    38.6448    29.0659     3.2812    142.399 0.0000e+00
    263.032    486.479    13.7674   4.569149     2.2370     0.2055  1.8089133  13.745835    13.7285    38.6451    29.0660     3.2839    142.515 0.0000e+00
    263.557    487.479    13.7688   4.569366     2.2373     0.2088  1.8093712  13.746519    13.7298    38.6454    29.0660     3.2846    142.547 0.0000e+00
    264.175    488.479    13.7700   4.569551     2.2374     0.2079  1.8094221  13.747203    13.7309    38.6458    29.0660     3.2838    142.514 0.0000e+00
    264.647    489.479    13.7705   4.569653     2.2370     0.2065  1.8095747  13.747886    13.7313    38.6460    29.0661     3.2806    142.372 0.0000e+00
    265.018    490.479    13.7707   4.569695     2.2355     0.2030  1.8098799  13.746519    13.7315    38.6460    29.0661     3.2743    142.099 0.0000e+00
    265.666    491.479    13.7717   4.569861     2.2337     0.1988  1.8100834  13.747203    13.7324    38.6463    29.0661     3.2718    141.993 0.0000e+00
    266.462    492.479    13.7721   4.569940     2.2320     0.2107  1.8102869  13.747203    13.7326    38.6463    29.0661     3.2695    141.891 0.0000e+00
    266.904    493.479    13.7720   4.569951     2.2314     0.2070  1.8115588  13.748570    13.7325    38.6463    29.0661     3.2709    141.952 0.0000e+00
    267.182    494.479    13.7715   4.569910     2.2306     0.1987  1.8115588  13.748570    13.7320    38.6463    29.0662     3.2662    141.748 0.0000e+00
    267.835    495.479    13.7728   4.570091     2.2287     0.2052  1.8119149  13.751303    13.7331    38.6464    29.0661     3.2616    141.551 0.0000e+00
    268.557    496.479    13.7737   4.570258     2.2273     0.2112  1.8120167  13.749253    13.7339    38.6467    29.0662     3.2618    141.556 0.0000e+00
    268.939    497.479    13.7740   4.570322     2.2267     0.1967  1.8127289  13.750620    13.7342    38.6469    29.0662     3.2582    141.403 0.0000e+00
    269.402    498.479    13.7752   4.570540     2.2243     0.1994  1.8131868  13.749253    13.7353    38.6475    29.0664     3.2524    141.151 0.0000e+00
    270.132    499.479    13.7785   4.571055     2.2236     0.2070  1.8131868  13.752671    13.7385    38.6487    29.0667     3.2565    141.327 0.0000e+00
    270.770    500.479    13.7811   4.571466     2.2235     0.2026  1.8143060  13.756088    13.7410    38.6497    29.0669     3.2544    141.237 0.0000e+00
    271.237    501.479    13.7833   4.571791     2.2224     0.2035  1.8149165  13.758138    13.7431    38.6504    29.0670     3.2516    141.115 0.0000e+00
    271.788    502.479    13.7851   4.572065     2.2217     0.1941  1.8158323  13.761556    13.7449    38.6509    29.0671     3.2506    141.073 0.0000e+00
    272.365    503.479    13.7868   4.572351     2.2208     0.1853  1.8157814  13.762923    13.7465    38.6517    29.0673     3.2487    140.987 0.0000e+00
    272.871    504.479    13.7885   4.572609     2.2204     0.1753  1.8159340  13.761556    13.7481    38.6522    29.0673     3.2495    141.022 0.0000e+00
    273.369    505.479    13.7905   4.572944     2.2198     0.1984  1.8165445  13.763606    13.7500    38.6531    29.0676     3.2465    140.894 0.0000e+00
    273.947    506.479    13.7939   4.573453     2.2192     0.1967  1.8162393  13.765657    13.7533    38.6543    29.0678     3.2464    140.888 0.0000e+00
    274.690    507.479    13.7977   4.574008     2.2184     0.2067  1.8167480  13.764973    13.7570    38.6554    29.0679     3.2424    140.717 0.0000e+00
    275.327    508.479    13.7990   4.574224     2.2169     0.2243  1.8173077  13.775225    13.7582    38.6559    29.0680     3.2382    140.534 0.0000e+00
    275.726    509.479    13.7990   4.574232     2.2155     0.2151  1.8176638  13.773175    13.7581    38.6558    29.0680     3.2376    140.505 0.0000e+00
    276.126    510.479    13.7993   4.574311     2.2147     0.1999  1.8179691  13.767024    13.7584    38.6560    29.0681     3.2365    140.460 0.0000e+00
    276.648    511.479    13.8010   4.574586     2.2142     0.2010  1.8179182  13.771808    13.7600    38.6567    29.0682     3.2377    140.513 0.0000e+00
    277.307    512.479    13.8020   4.574758     2.2143     0.2077  1.8179182  13.779326    13.7609    38.6570    29.0683     3.2377    140.511 0.0000e+00
    277.946    513.479    13.8026   4.574866     2.2137     0.1987  1.8187831  13.779326    13.7614    38.6572    29.0683     3.2329    140.304 0.0000e+00
    278.462    514.479    13.8028   4.574917     2.2118     0.1996  1.8194444  13.780693    13.7615    38.6572    29.0683     3.2286    140.116 0.0000e+00
    278.953    515.479    13.8028   4.574944     2.2107     0.1964  1.8197497  13.780009    13.7614    38.6572    29.0684     3.2302    140.184 0.0000e+00
