Boussole/Data/SBEMOOSE/Work/cnv/bous228_05.cnv
* Sea-Bird SBE 9 Data File:
* FileName = C:\boussole\202103\bous228_05.hdr
* Software Version Seasave V 7.23.2
* Temperature SN = 2473
* Conductivity SN = 2929
* Number of Bytes Per Scan = 37
* Number of Voltage Words = 4
* Number of Scans Averaged by the Deck Unit = 1
* NMEA Latitude = 43 22.23 N
* NMEA Longitude = 007 53.94 E
* NMEA UTC (Time) = Mar 04 2021  08:13:07
* NMEA baud rate = 4800
** Navire
** Station:
** Date
** Heure debut [TU]
** Heure fin [TU]
** Heure locale / TU = +0
** Latitude
** Longitude
** Heure meteo [TU]
** T air sec [deg C]
** T mer [deg C]
** Vent [noeuds, degres]
# nquan = 14
# nvalues = 736                         
# units = specified
# name 0 = prDM: Pressure, Digiquartz [db]
# name 1 = timeS: Time, Elapsed [seconds]
# name 2 = t090C: Temperature [ITS-90, deg C]
# name 3 = c0S/m: Conductivity [S/m]
# name 4 = sbeox0V: Oxygen raw, SBE 43 [V]
# name 5 = flC: Fluorescence, Chelsea Aqua 3 Chl Con [ug/l]
# name 6 = upoly0: Upoly 0, RINKOIII_DO
# name 7 = upoly1: Upoly 1, RINKOIII_Temp
# name 8 = potemp090C: Potential Temperature [ITS-90, deg C]
# name 9 = sal00: Salinity, Practical [PSU]
# name 10 = sigma-é00: Density [sigma-theta, kg/m^3]
# name 11 = sbeox0ML/L: Oxygen, SBE 43 [ml/l], WS = 2
# name 12 = sbox0Mm/Kg: Oxygen, SBE 43 [umol/kg], WS = 2
# name 13 = flag: flag
# span 0 =      0.793,    100.961       
# span 1 =      0.479,    735.229       
# span 2 =    13.4248,    13.7288       
# span 3 =   4.491316,   4.547895       
# span 4 =     2.4213,     3.0543       
# span 5 =     0.2058,     2.8799       
# span 6 =  1.5188238,  1.7350936       
# span 7 =  13.405205,  13.689781       
# span 8 =    13.4216,    13.7153       
# span 9 =    38.3567,    38.5591       
# span 10 =    28.8950,    29.0117      
# span 11 =     3.5913,     4.8841      
# span 12 =    155.865,    211.999      
# span 13 = 0.0000e+00, 0.0000e+00      
# interval = seconds: 1                 
# start_time = Mar 04 2021 08:13:07 [NMEA time, header]
# bad_flag = -9.990e-29
*END*
[from data line 517]
     29.860    517.479    13.4328   4.493195     2.8772     0.9632  1.6008344  13.434637    13.4285    38.3636    28.9118     4.5626    198.041 0.0000e+00
     29.042    518.479    13.4307   4.492798     2.8843     1.0033  1.5964591  13.433953    13.4265    38.3623    28.9112     4.5724    198.465 0.0000e+00
     28.384    519.479    13.4296   4.492595     2.8899     1.0187  1.5905576  13.429846    13.4255    38.3618    28.9110     4.5779    198.703 0.0000e+00
     27.960    520.479    13.4290   4.492493     2.8941     1.0702  1.5860806  13.425055    13.4250    38.3616    28.9110     4.5847    198.999 0.0000e+00
     27.525    521.479    13.4289   4.492431     2.8980     1.0284  1.5831298  13.422317    13.4249    38.3613    28.9108     4.5907    199.259 0.0000e+00
     27.002    522.479    13.4287   4.492371     2.9015     1.0851  1.5810440  13.422317    13.4248    38.3612    28.9107     4.5946    199.430 0.0000e+00
     26.493    523.479    13.4281   4.492252     2.9032     1.2066  1.5773301  13.421632    13.4243    38.3609    28.9106     4.5954    199.464 0.0000e+00
     25.975    524.479    13.4282   4.492251     2.9050     1.3716  1.5735653  13.420263    13.4244    38.3611    28.9107     4.5979    199.573 0.0000e+00
     25.357    525.479    13.4278   4.492140     2.9066     1.3090  1.5703602  13.419579    13.4241    38.3606    28.9104     4.6032    199.802 0.0000e+00
     24.775    526.479    13.4267   4.491944     2.9097     1.2996  1.5675621  13.419579    13.4231    38.3601    28.9102     4.6140    200.272 0.0000e+00
     24.361    527.479    13.4263   4.491857     2.9134     1.3316  1.5659341  13.422317    13.4228    38.3599    28.9101     4.6174    200.421 0.0000e+00
     23.873    528.479    13.4264   4.491831     2.9150     1.2937  1.5671551  13.418210    13.4229    38.3598    28.9100     4.6202    200.540 0.0000e+00
     23.209    529.479    13.4261   4.491716     2.9182     1.3434  1.5670534  13.420263    13.4228    38.3592    28.9096     4.6317    201.040 0.0000e+00
     22.562    530.479    13.4255   4.491561     2.9234     1.3354  1.5660358  13.418210    13.4222    38.3587    28.9093     4.6457    201.649 0.0000e+00
     22.082    531.479    13.4248   4.491452     2.9282     1.2911  1.5639500  13.418894    13.4216    38.3585    28.9093     4.6518    201.912 0.0000e+00
     21.824    532.479    13.4251   4.491507     2.9310     1.3120  1.5628816  13.416157    13.4220    38.3589    28.9095     4.6519    201.915 0.0000e+00
     21.420    533.479    13.4251   4.491495     2.9338     1.3308  1.5617115  13.418210    13.4220    38.3589    28.9095     4.6621    202.359 0.0000e+00
     20.644    534.479    13.4251   4.491382     2.9380     1.3590  1.5604396  13.416841    13.4222    38.3582    28.9090     4.6684    202.631 0.0000e+00
     19.871    535.479    13.4273   4.491579     2.9395     1.4561  1.5599817  13.417526    13.4244    38.3583    28.9086     4.6570    202.136 0.0000e+00
     19.520    536.479    13.4306   4.491927     2.9361     1.5709  1.5594221  13.415472    13.4278    38.3585    28.9080     4.6434    201.548 0.0000e+00
     19.701    537.479    13.4269   4.491643     2.9338     1.5559  1.5576923  13.412050    13.4241    38.3594    28.9095     4.6477    201.735 0.0000e+00
     19.832    538.479    13.4265   4.491641     2.9359     1.5484  1.5565222  13.409996    13.4236    38.3597    28.9098     4.6708    202.736 0.0000e+00
     19.470    539.479    13.4313   4.492090     2.9435     1.5678  1.5558100  13.414788    13.4285    38.3594    28.9085     4.6843    203.324 0.0000e+00
     19.229    540.479    13.4391   4.492862     2.9457     1.5614  1.5550977  13.416157    13.4363    38.3590    28.9066     4.6721    202.793 0.0000e+00
     19.354    541.479    13.4348   4.492384     2.9441     1.5684  1.5539276  13.412050    13.4320    38.3587    28.9072     4.6684    202.633 0.0000e+00
     19.570    542.479    13.4300   4.492013     2.9457     1.5131  1.5537750  13.413419    13.4272    38.3598    28.9091     4.6805    203.156 0.0000e+00
     19.711    543.479    13.4344   4.492423     2.9487     1.4437  1.5540293  13.412734    13.4316    38.3593    28.9078     4.6958    203.823 0.0000e+00
     19.683    544.479    13.4346   4.492379     2.9566     1.4328  1.5544872  13.415472    13.4318    38.3587    28.9073     4.7202    204.882 0.0000e+00
     19.538    545.479    13.4407   4.492971     2.9640     1.4713  1.5556065  13.414788    13.4379    38.3582    28.9057     4.7293    205.277 0.0000e+00
     19.439    546.479    13.4490   4.493866     2.9691     1.4907  1.5553012  13.417526    13.4462    38.3585    28.9041     4.7302    205.318 0.0000e+00
     19.432    547.479    13.4466   4.493622     2.9709     1.4844  1.5546907  13.416157    13.4438    38.3586    28.9047     4.7293    205.279 0.0000e+00
     19.504    548.479    13.4444   4.493394     2.9736     1.4883  1.5542329  13.416841    13.4416    38.3585    28.9051     4.7372    205.618 0.0000e+00
     19.596    549.479    13.4449   4.493426     2.9753     1.5720  1.5541820  13.416841    13.4421    38.3584    28.9049     4.7367    205.596 0.0000e+00
     19.603    550.479    13.4450   4.493405     2.9773     1.6653  1.5537750  13.418210    13.4422    38.3580    28.9046     4.7478    206.081 0.0000e+00
     19.570    551.479    13.4447   4.493369     2.9814     1.7293  1.5527575  13.418210    13.4419    38.3580    28.9046     4.7496    206.158 0.0000e+00
     19.482    552.479    13.4450   4.493418     2.9801     1.6562  1.5527575  13.418210    13.4422    38.3582    28.9047     4.7404    205.757 0.0000e+00
     19.469    553.479    13.4445   4.493362     2.9808     1.7214  1.5527575  13.418210    13.4417    38.3582    28.9048     4.7467    206.032 0.0000e+00
     19.634    554.479    13.4446   4.493386     2.9810     1.6922  1.5521979  13.418210    13.4418    38.3582    28.9048     4.7426    205.855 0.0000e+00
     19.678    555.479    13.4447   4.493399     2.9800     1.6609  1.5508751  13.417526    13.4419    38.3583    28.9048     4.7411    205.792 0.0000e+00
     19.510    556.479    13.4439   4.493294     2.9799     1.7643  1.5497558  13.418894    13.4411    38.3581    28.9049     4.7424    205.847 0.0000e+00
     19.445    557.479    13.4437   4.493254     2.9805     2.0504  1.5484330  13.418210    13.4409    38.3580    28.9048     4.7470    206.044 0.0000e+00
     19.456    558.479    13.4436   4.493225     2.9814     1.9811  1.5476699  13.420263    13.4408    38.3578    28.9047     4.7439    205.912 0.0000e+00
     19.523    559.479    13.4433   4.493258     2.9802     1.8564  1.5464998  13.419579    13.4405    38.3584    28.9052     4.7425    205.848 0.0000e+00
     19.674    560.479    13.4438   4.493298     2.9812     1.7100  1.5457366  13.418210    13.4410    38.3582    28.9049     4.7507    206.204 0.0000e+00
     19.611    561.479    13.4423   4.493080     2.9831     1.6992  1.5449735  13.417526    13.4395    38.3577    28.9049     4.7511    206.223 0.0000e+00
     19.315    562.479    13.4458   4.493525     2.9832     1.7501  1.5438543  13.419579    13.4430    38.3585    28.9048     4.7497    206.163 0.0000e+00
     19.155    563.479    13.4494   4.493922     2.9836     1.7496  1.5434473  13.419579    13.4466    38.3587    28.9042     4.7536    206.330 0.0000e+00
     19.088    564.479    13.4498   4.493983     2.9864     1.7793  1.5429894  13.419579    13.4470    38.3590    28.9043     4.7654    206.844 0.0000e+00
     18.773    565.479    13.4500   4.493948     2.9895     1.7620  1.5423280  13.418210    13.4473    38.3586    28.9040     4.7656    206.853 0.0000e+00
     18.314    566.479    13.4499   4.493934     2.9901     1.8046  1.5414122  13.422317    13.4473    38.3588    28.9041     4.7661    206.874 0.0000e+00
     17.976    567.479    13.4511   4.494068     2.9916     1.8781  1.5408526  13.423001    13.4485    38.3590    28.9040     4.7620    206.696 0.0000e+00
     17.787    568.479    13.4519   4.494162     2.9886     1.9717  1.5397843  13.423001    13.4494    38.3591    28.9039     4.7510    206.221 0.0000e+00
     17.483    569.479    13.4543   4.494436     2.9876     1.8944  1.5393264  13.418210    13.4518    38.3595    28.9037     4.7575    206.499 0.0000e+00
     17.003    570.479    13.4568   4.494677     2.9890     1.9405  1.5396825  13.420263    13.4544    38.3595    28.9031     4.7591    206.570 0.0000e+00
     16.659    571.479    13.4589   4.494938     2.9882     1.9370  1.5398860  13.418210    13.4565    38.3600    28.9031     4.7562    206.446 0.0000e+00
     16.478    572.479    13.4588   4.494885     2.9896     1.9178  1.5402421  13.418894    13.4564    38.3597    28.9029     4.7674    206.930 0.0000e+00
     16.122    573.479    13.4603   4.495121     2.9938     1.9567  1.5411579  13.420263    13.4580    38.3607    28.9033     4.7836    207.634 0.0000e+00
     15.513    574.479    13.4713   4.496388     2.9996     2.5294  1.5416157  13.425739    13.4690    38.3620    28.9019     4.7912    207.964 0.0000e+00
     14.947    575.479    13.4804   4.497364     3.0020     2.4909  1.5397843  13.434637    13.4783    38.3623    28.9003     4.7803    207.492 0.0000e+00
     14.652    576.479    13.4770   4.496988     2.9992     2.3437  1.5375457  13.434637    13.4749    38.3624    28.9010     4.7665    206.892 0.0000e+00
     14.642    577.479    13.4753   4.496758     2.9974     2.3088  1.5365283  13.434637    13.4733    38.3618    28.9009     4.7766    207.333 0.0000e+00
     14.696    578.479    13.4758   4.496741     3.0017     2.3430  1.5356634  13.434637    13.4737    38.3611    28.9003     4.7946    208.114 0.0000e+00
     14.636    579.479    13.4800   4.497334     3.0055     2.2461  1.5347476  13.435321    13.4779    38.3626    28.9006     4.7958    208.165 0.0000e+00
     14.584    580.479    13.4791   4.497233     3.0071     2.2489  1.5342389  13.434637    13.4770    38.3626    28.9007     4.7952    208.140 0.0000e+00
     14.525    581.479    13.4821   4.497533     3.0071     2.2151  1.5341880  13.436006    13.4800    38.3625    28.9000     4.7880    207.826 0.0000e+00
     14.558    582.479    13.4835   4.497719     3.0057     2.2417  1.5341880  13.434637    13.4814    38.3628    28.9000     4.7848    207.686 0.0000e+00
     14.636    583.479    13.4766   4.496969     3.0050     2.1727  1.5337301  13.435321    13.4745    38.3626    28.9013     4.7885    207.846 0.0000e+00
     14.605    584.479    13.4763   4.496871     3.0062     2.1278  1.5336792  13.434637    13.4742    38.3619    28.9008     4.7941    208.090 0.0000e+00
     14.578    585.479    13.4753   4.496732     3.0074     2.1203  1.5328144  13.436006    13.4732    38.3616    28.9008     4.7942    208.094 0.0000e+00
     14.637    586.479    13.4760   4.496830     3.0074     2.2615  1.5326109  13.439428    13.4739    38.3618    28.9008     4.7941    208.089 0.0000e+00
     14.606    587.479    13.4776   4.497023     3.0083     2.3401  1.5323056  13.447640    13.4754    38.3622    28.9007     4.7982    208.267 0.0000e+00
     14.530    588.479    13.4836   4.497724     3.0096     2.3377  1.5309320  13.451746    13.4815    38.3628    28.8999     4.7941    208.090 0.0000e+00
     14.550    589.479    13.4799   4.497241     3.0073     2.2856  1.5299654  13.451062    13.4778    38.3619    28.9001     4.7874    207.798 0.0000e+00
     14.653    590.479    13.4771   4.496987     3.0070     2.2838  1.5291514  13.451062    13.4750    38.3623    28.9009     4.7918    207.993 0.0000e+00
     14.745    591.479    13.4765   4.496846     3.0074     2.2972  1.5286935  13.453799    13.4744    38.3615    28.9004     4.7988    208.296 0.0000e+00
     14.618    592.479    13.4798   4.497266     3.0111     2.3344  1.5280321  13.455168    13.4777    38.3622    28.9003     4.8112    208.835 0.0000e+00
     14.370    593.479    13.4837   4.497704     3.0138     2.3798  1.5270146  13.457221    13.4816    38.3626    28.8998     4.8101    208.785 0.0000e+00
     14.439    594.479    13.4826   4.497577     3.0148     2.4134  1.5264550  13.457905    13.4805    38.3625    28.8999     4.8060    208.606 0.0000e+00
     14.753    595.479    13.4798   4.497229     3.0132     2.2839  1.5259463  13.451062    13.4777    38.3617    28.8999     4.7999    208.343 0.0000e+00
     14.823    596.479    13.4788   4.497135     3.0123     2.2609  1.5258954  13.451062    13.4767    38.3619    28.9003     4.7995    208.323 0.0000e+00
     14.602    597.479    13.4824   4.497573     3.0113     2.2555  1.5261498  13.453115    13.4803    38.3625    28.9000     4.7982    208.269 0.0000e+00
     14.441    598.479    13.4838   4.497714     3.0112     2.4089  1.5262006  13.457905    13.4817    38.3626    28.8997     4.8007    208.376 0.0000e+00
     14.500    599.479    13.4831   4.497627     3.0122     2.3897  1.5256919  13.455852    13.4810    38.3624    28.8997     4.8045    208.542 0.0000e+00
     14.669    600.479    13.4823   4.497519     3.0124     2.3667  1.5249287  13.458590    13.4802    38.3621    28.8997     4.7981    208.264 0.0000e+00
     14.687    601.479    13.4822   4.497532     3.0095     2.3552  1.5255392  13.456537    13.4800    38.3623    28.8999     4.7850    207.695 0.0000e+00
     14.578    602.479    13.4842   4.497769     3.0059     2.2954  1.5253866  13.458590    13.4821    38.3626    28.8997     4.7862    207.749 0.0000e+00
     14.506    603.479    13.4833   4.497666     3.0080     2.3206  1.5251322  13.457221    13.4812    38.3626    28.8998     4.8006    208.371 0.0000e+00
     14.591    604.479    13.4818   4.497472     3.0100     2.3499  1.5249796  13.457221    13.4797    38.3622    28.8999     4.8022    208.441 0.0000e+00
     14.730    605.479    13.4836   4.497736     3.0116     2.4242  1.5248779  13.458590    13.4815    38.3628    28.9000     4.8059    208.602 0.0000e+00
     14.720    606.479    13.4839   4.497745     3.0135     2.4994  1.5245217  13.457905    13.4818    38.3626    28.8997     4.8100    208.780 0.0000e+00
     14.571    607.479    13.4855   4.497923     3.0146     2.4667  1.5246235  13.463380    13.4834    38.3627    28.8995     4.8069    208.644 0.0000e+00
     14.426    608.479    13.4857   4.497929     3.0144     2.4820  1.5247761  13.462696    13.4836    38.3627    28.8994     4.8053    208.577 0.0000e+00
     14.447    609.479    13.4862   4.497987     3.0141     2.3989  1.5244200  13.458590    13.4841    38.3627    28.8993     4.8041    208.525 0.0000e+00
     14.652    610.479    13.4852   4.497895     3.0135     2.4431  1.5245217  13.461327    13.4831    38.3627    28.8996     4.8004    208.364 0.0000e+00
     14.800    611.479    13.4850   4.497888     3.0122     2.5651  1.5244200  13.458590    13.4829    38.3628    28.8996     4.8030    208.476 0.0000e+00
     14.731    612.479    13.4851   4.497884     3.0141     2.5481  1.5243691  13.458590    13.4830    38.3627    28.8996     4.8112    208.831 0.0000e+00
     14.547    613.479    13.4860   4.497973     3.0155     2.5281  1.5242165  13.462011    13.4839    38.3627    28.8994     4.8107    208.812 0.0000e+00
     14.460    614.479    13.4863   4.497993     3.0157     2.5188  1.5240639  13.462696    13.4842    38.3627    28.8993     4.8070    208.651 0.0000e+00
     14.483    615.479    13.4854   4.497892     3.0148     2.5472  1.5242165  13.464749    13.4833    38.3626    28.8994     4.8036    208.503 0.0000e+00
     14.555    616.479    13.4850   4.497861     3.0136     2.6693  1.5240130  13.463380    13.4829    38.3627    28.8995     4.8005    208.370 0.0000e+00
     14.733    617.479    13.4853   4.497895     3.0125     2.6996  1.5240130  13.463380    13.4832    38.3626    28.8994     4.7986    208.285 0.0000e+00
     14.826    618.479    13.4844   4.497793     3.0113     2.5945  1.5242165  13.463380    13.4823    38.3626    28.8996     4.8001    208.349 0.0000e+00
