Boussole/Data/SBEMOOSE/Work/cnv/bous235_01.cnv
* Sea-Bird SBE 9 Data File:
* FileName = C:\boussole\202110\bous235_01.hdr
* Software Version Seasave V 7.23.2
* Temperature SN = 1378
* Conductivity SN = 2929
* Number of Bytes Per Scan = 34
* Number of Voltage Words = 3
* Number of Scans Averaged by the Deck Unit = 1
* NMEA Latitude = 43 22.09 N
* NMEA Longitude = 007 53.89 E
* NMEA UTC (Time) = Oct 12 2021  09:37:41
* NMEA baud rate = 4800
** Campagne = BOUSSOLE 235
** Navire = Tethys II
** Station = BOUS235_01
** Date = 12/10/2021
** Heure debut [TU] = 09:37
** Heure fin [TU] = 10:16
** Heure locale / TU = +2
** Latitude = 43 22.019 N
** Longitude = 007 53.900 E
** Heure meteo [TU] = 09:36
** T air sec [deg C] = 19.7
** T mer [deg C] = 19.17
** Vent [noeuds, degres] = 3.8, 170
** Pression atm [hpa] = 1014.6
** Humidite [%] = 68.6
** Nebulosite [octas] = 1
** Etat de la mer [code S] = 2
# nquan = 14
# nvalues = 2350                        
# units = specified
# name 0 = prDM: Pressure, Digiquartz [db]
# name 1 = timeS: Time, Elapsed [seconds]
# name 2 = t090C: Temperature [ITS-90, deg C]
# name 3 = c0S/m: Conductivity [S/m]
# name 4 = sbeox0V: Oxygen raw, SBE 43 [V]
# name 5 = flC: Fluorescence, Chelsea Aqua 3 Chl Con [ug/l]
# name 6 = upoly0: Upoly 0, RINKOIII_DO
# name 7 = upoly1: Upoly 1, RINKOIII_Temp
# name 8 = potemp090C: Potential Temperature [ITS-90, deg C]
# name 9 = sal00: Salinity, Practical [PSU]
# name 10 = sigma-é00: Density [sigma-theta, kg/m^3]
# name 11 = sbeox0ML/L: Oxygen, SBE 43 [ml/l], WS = 2
# name 12 = sbox0Mm/Kg: Oxygen, SBE 43 [umol/kg], WS = 2
# name 13 = flag: flag
# span 0 =      0.079,    405.155       
# span 1 =      0.479,   2349.167       
# span 2 =    13.6924,    19.5523       
# span 3 =   0.070848,   5.147970       
# span 4 =     2.4078,     3.5988       
# span 5 =    -0.2893,     0.6756       
# span 6 =  1.3902116,  1.8201567       
# span 7 =  13.679526,  19.440129       
# span 8 =    13.6324,    19.5522       
# span 9 =     0.4004,    38.6445       
# span 10 =    -1.1532,    29.0821      
# span 11 =     3.6676,     5.6821      
# span 12 =    159.164,    246.722      
# span 13 = 0.0000e+00, 0.0000e+00      
# interval = seconds: 1                 
# start_time = Oct 12 2021 09:37:41 [NMEA time, header]
# bad_flag = -9.990e-29
*END*
[from data line 1652]
     62.713   1652.479    13.7946   4.539592     2.8793     0.6358  1.6725173  13.765657    13.7854    38.4272    28.8850     4.4756    194.267 0.0000e+00
     62.369   1653.479    13.7935   4.539486     2.8837     0.6423  1.6704823  13.777959    13.7843    38.4275    28.8854     4.4852    194.686 0.0000e+00
     61.723   1654.479    13.7980   4.539829     2.8885     0.6361  1.6684473  13.775225    13.7889    38.4265    28.8837     4.4964    195.171 0.0000e+00
     61.037   1655.479    13.7993   4.539928     2.8947     0.6246  1.6665649  13.768391    13.7903    38.4264    28.8833     4.5106    195.787 0.0000e+00
     60.693   1656.479    13.8037   4.540346     2.8997     0.6233  1.6649878  13.777276    13.7948    38.4261    28.8821     4.5106    195.789 0.0000e+00
     60.625   1657.479    13.8052   4.540433     2.9012     0.6233  1.6634107  13.782060    13.7963    38.4255    28.8813     4.5069    195.630 0.0000e+00
     60.597   1658.479    13.8011   4.540145     2.9028     0.6232  1.6621897  13.783426    13.7922    38.4269    28.8832     4.5139    195.933 0.0000e+00
     60.483   1659.479    13.8074   4.540603     2.9052     0.6257  1.6609178  13.784110    13.7985    38.4250    28.8804     4.5189    196.150 0.0000e+00
     60.538   1660.479    13.8074   4.540621     2.9080     0.6324  1.6602565  13.788893    13.7985    38.4251    28.8806     4.5251    196.418 0.0000e+00
     60.661   1661.479    13.8078   4.540652     2.9097     0.6327  1.6595442  13.787527    13.7989    38.4249    28.8803     4.5200    196.197 0.0000e+00
     60.638   1662.479    13.8077   4.540638     2.9087     0.6301  1.6587811  13.790943    13.7988    38.4248    28.8803     4.5158    196.017 0.0000e+00
     60.612   1663.479    13.8077   4.540635     2.9081     0.6393  1.6583741  13.788893    13.7988    38.4248    28.8803     4.5144    195.953 0.0000e+00
     60.573   1664.479    13.8077   4.540610     2.9077     0.6555  1.6580688  13.787527    13.7988    38.4247    28.8802     4.5132    195.902 0.0000e+00
     60.467   1665.479    13.8076   4.540595     2.9062     0.6506  1.6576109  13.791627    13.7987    38.4246    28.8801     4.5105    195.783 0.0000e+00
     60.548   1666.479    13.8077   4.540606     2.9063     0.6439  1.6577127  13.790943    13.7988    38.4246    28.8801     4.5135    195.913 0.0000e+00
     60.639   1667.479    13.8078   4.540624     2.9063     0.6257  1.6577636  13.790943    13.7989    38.4247    28.8801     4.5130    195.893 0.0000e+00
     60.597   1668.479    13.8078   4.540615     2.9063     0.6388  1.6575601  13.790943    13.7989    38.4246    28.8801     4.5153    195.991 0.0000e+00
     60.613   1669.479    13.8078   4.540635     2.9074     0.6460  1.6575601  13.792994    13.7989    38.4248    28.8802     4.5173    196.079 0.0000e+00
     60.688   1670.479    13.8078   4.540655     2.9081     0.6523  1.6574074  13.790943    13.7989    38.4249    28.8803     4.5201    196.202 0.0000e+00
     60.616   1671.479    13.8078   4.540627     2.9090     0.6498  1.6576109  13.791627    13.7989    38.4247    28.8801     4.5189    196.147 0.0000e+00
     60.498   1672.479    13.8077   4.540597     2.9088     0.6473  1.6577636  13.790943    13.7988    38.4246    28.8801     4.5173    196.080 0.0000e+00
     60.540   1673.479    13.8078   4.540644     2.9079     0.6622  1.6574583  13.792310    13.7990    38.4248    28.8802     4.5104    195.778 0.0000e+00
     60.664   1674.479    13.8080   4.540668     2.9062     0.6581  1.6574583  13.789577    13.7991    38.4249    28.8803     4.5151    195.982 0.0000e+00
     60.651   1675.479    13.8079   4.540674     2.9088     0.6622  1.6574583  13.789577    13.7990    38.4250    28.8804     4.5252    196.424 0.0000e+00
     60.578   1676.479    13.8080   4.540681     2.9104     0.6576  1.6574583  13.790943    13.7991    38.4250    28.8803     4.5257    196.444 0.0000e+00
     60.493   1677.479    13.8080   4.540663     2.9112     0.6597  1.6575092  13.791627    13.7991    38.4248    28.8802     4.5184    196.126 0.0000e+00
     60.525   1678.479    13.8081   4.540679     2.9081     0.6562  1.6573566  13.792994    13.7992    38.4249    28.8803     4.5072    195.642 0.0000e+00
     60.791   1679.479    13.8070   4.540611     2.9058     0.6586  1.6574074  13.793677    13.7981    38.4252    28.8807     4.5083    195.689 0.0000e+00
     60.797   1680.479    13.8068   4.540598     2.9060     0.6519  1.6575601  13.790260    13.7979    38.4254    28.8809     4.5148    195.972 0.0000e+00
     60.469   1681.479    13.8082   4.540665     2.9066     0.6520  1.6573057  13.790943    13.7993    38.4247    28.8801     4.5188    196.145 0.0000e+00
     60.355   1682.479    13.8078   4.540616     2.9093     0.6544  1.6567969  13.795044    13.7989    38.4247    28.8802     4.5267    196.490 0.0000e+00
     60.627   1683.479    13.8081   4.540698     2.9111     0.6346  1.6571022  13.790260    13.7992    38.4250    28.8803     4.5267    196.486 0.0000e+00
     60.781   1684.479    13.8078   4.540685     2.9117     0.6441  1.6569496  13.792994    13.7989    38.4252    28.8805     4.5230    196.328 0.0000e+00
     60.559   1685.479    13.8082   4.540686     2.9107     0.6456  1.6569496  13.790943    13.7993    38.4249    28.8802     4.5175    196.088 0.0000e+00
     60.499   1686.479    13.8080   4.540674     2.9091     0.6423  1.6571022  13.792310    13.7992    38.4249    28.8803     4.5142    195.944 0.0000e+00
     60.748   1687.479    13.8081   4.540709     2.9082     0.6345  1.6568987  13.793677    13.7992    38.4251    28.8804     4.5161    196.028 0.0000e+00
     60.725   1688.479    13.8081   4.540714     2.9086     0.6432  1.6570513  13.791627    13.7992    38.4251    28.8804     4.5183    196.124 0.0000e+00
     60.417   1689.479    13.8079   4.540607     2.9087     0.6572  1.6570004  13.790943    13.7990    38.4245    28.8800     4.5199    196.194 0.0000e+00
     60.398   1690.479    13.8078   4.540604     2.9099     0.6407  1.6566952  13.791627    13.7989    38.4246    28.8801     4.5252    196.424 0.0000e+00
     60.735   1691.479    13.8081   4.540682     2.9116     0.6303  1.6570513  13.790943    13.7992    38.4249    28.8802     4.5229    196.324 0.0000e+00
     60.805   1692.479    13.8083   4.540713     2.9093     0.6341  1.6571022  13.792994    13.7994    38.4249    28.8802     4.5128    195.886 0.0000e+00
     60.545   1693.479    13.8080   4.540632     2.9081     0.6404  1.6571022  13.792310    13.7991    38.4245    28.8800     4.5159    196.020 0.0000e+00
     60.514   1694.479    13.8080   4.540634     2.9092     0.6448  1.6573057  13.792310    13.7991    38.4246    28.8800     4.5225    196.307 0.0000e+00
     60.603   1695.479    13.8082   4.540669     2.9095     0.6453  1.6568987  13.795727    13.7993    38.4247    28.8801     4.5178    196.102 0.0000e+00
     60.600   1696.479    13.8082   4.540655     2.9090     0.6622  1.6573566  13.790943    13.7993    38.4246    28.8800     4.5154    195.999 0.0000e+00
     60.687   1697.479    13.8083   4.540691     2.9068     0.6694  1.6571531  13.793677    13.7994    38.4248    28.8801     4.5039    195.498 0.0000e+00
     60.680   1698.479    13.8083   4.540672     2.9040     0.6598  1.6576618  13.795044    13.7994    38.4246    28.8799     4.5070    195.635 0.0000e+00
     60.506   1699.479    13.8078   4.540584     2.9054     0.6516  1.6574074  13.792310    13.7988    38.4244    28.8799     4.5162    196.033 0.0000e+00
     60.465   1700.479    13.8079   4.540610     2.9067     0.6390  1.6572039  13.792994    13.7990    38.4245    28.8800     4.5165    196.044 0.0000e+00
     60.675   1701.479    13.8082   4.540664     2.9074     0.6295  1.6572039  13.794360    13.7993    38.4246    28.8800     4.5153    195.994 0.0000e+00
     60.748   1702.479    13.8085   4.540704     2.9063     0.6412  1.6574074  13.793677    13.7996    38.4246    28.8799     4.5091    195.723 0.0000e+00
     60.622   1703.479    13.8079   4.540611     2.9055     0.6482  1.6576109  13.792310    13.7990    38.4244    28.8799     4.5123    195.863 0.0000e+00
     60.577   1704.479    13.8079   4.540605     2.9065     0.6435  1.6573566  13.794360    13.7990    38.4244    28.8799     4.5173    196.079 0.0000e+00
     60.547   1705.479    13.8083   4.540652     2.9076     0.6390  1.6573057  13.792994    13.7994    38.4244    28.8798     4.5181    196.114 0.0000e+00
     60.515   1706.479    13.8083   4.540652     2.9083     0.6468  1.6573566  13.794360    13.7994    38.4245    28.8799     4.5203    196.209 0.0000e+00
     60.678   1707.479    13.8087   4.540720     2.9098     0.6489  1.6574583  13.795727    13.7998    38.4246    28.8799     4.5268    196.494 0.0000e+00
     60.752   1708.479    13.8089   4.540736     2.9120     0.6425  1.6574583  13.792310    13.8000    38.4245    28.8798     4.5287    196.575 0.0000e+00
     60.533   1709.479    13.8089   4.540734     2.9123     0.6436  1.6571022  13.794360    13.8000    38.4246    28.8798     4.5224    196.299 0.0000e+00
     60.493   1710.479    13.8090   4.540721     2.9106     0.6514  1.6570513  13.794360    13.8001    38.4245    28.8797     4.5188    196.143 0.0000e+00
     60.695   1711.479    13.8090   4.540747     2.9112     0.6607  1.6572039  13.795044    13.8001    38.4246    28.8798     4.5250    196.413 0.0000e+00
     60.667   1712.479    13.8090   4.540735     2.9110     0.6606  1.6570005  13.795727    13.8001    38.4245    28.8798     4.5200    196.197 0.0000e+00
     60.472   1713.479    13.8088   4.540715     2.9105     0.6610  1.6568987  13.792994    13.7999    38.4246    28.8798     4.5182    196.119 0.0000e+00
     60.590   1714.479    13.8090   4.540738     2.9086     0.6694  1.6566952  13.795044    13.8001    38.4245    28.8797     4.5155    196.000 0.0000e+00
     60.789   1715.479    13.8091   4.540773     2.9099     0.6684  1.6565426  13.792310    13.8002    38.4247    28.8798     4.5251    196.418 0.0000e+00
     60.639   1716.479    13.8092   4.540761     2.9104     0.6461  1.6567969  13.793677    13.8003    38.4246    28.8798     4.5179    196.105 0.0000e+00
     60.430   1717.479    13.8090   4.540713     2.9087     0.6571  1.6564917  13.793677    13.8001    38.4244    28.8797     4.5167    196.052 0.0000e+00
     60.563   1718.479    13.8094   4.540779     2.9099     0.6627  1.6564917  13.794360    13.8005    38.4246    28.8797     4.5225    196.305 0.0000e+00
     60.723   1719.479    13.8094   4.540804     2.9098     0.6606  1.6565426  13.795727    13.8005    38.4247    28.8798     4.5188    196.143 0.0000e+00
     60.635   1720.479    13.8091   4.540749     2.9093     0.6437  1.6565934  13.794360    13.8002    38.4245    28.8797     4.5179    196.104 0.0000e+00
     60.538   1721.479    13.8086   4.540684     2.9094     0.6510  1.6566952  13.793677    13.7997    38.4245    28.8798     4.5205    196.220 0.0000e+00
     60.581   1722.479    13.8088   4.540691     2.9100     0.6462  1.6564917  13.795044    13.7999    38.4243    28.8797     4.5205    196.220 0.0000e+00
     60.667   1723.479    13.8091   4.540755     2.9093     0.6429  1.6566952  13.795044    13.8002    38.4246    28.8798     4.5173    196.080 0.0000e+00
     60.636   1724.479    13.8092   4.540760     2.9093     0.6542  1.6568478  13.795044    13.8003    38.4245    28.8797     4.5210    196.239 0.0000e+00
     60.573   1725.479    13.8093   4.540775     2.9106     0.6580  1.6568987  13.795727    13.8004    38.4246    28.8797     4.5265    196.481 0.0000e+00
     60.633   1726.479    13.8093   4.540792     2.9123     0.6599  1.6570004  13.795044    13.8005    38.4247    28.8798     4.5296    196.615 0.0000e+00
     60.668   1727.479    13.8095   4.540795     2.9131     0.6565  1.6571531  13.793677    13.8006    38.4246    28.8797     4.5246    196.396 0.0000e+00
     60.561   1728.479    13.8096   4.540797     2.9107     0.6532  1.6568478  13.795727    13.8007    38.4245    28.8796     4.5123    195.864 0.0000e+00
     60.476   1729.479    13.8093   4.540773     2.9083     0.6451  1.6565934  13.795044    13.8004    38.4246    28.8797     4.5128    195.884 0.0000e+00
     60.631   1730.479    13.8094   4.540770     2.9079     0.6427  1.6590354  13.797094    13.8005    38.4244    28.8796     4.5153    195.993 0.0000e+00
     60.724   1731.479    13.8095   4.540798     2.9079     0.6405  1.6564917  13.795727    13.8006    38.4246    28.8797     4.5172    196.073 0.0000e+00
     60.654   1732.479    13.8096   4.540807     2.9083     0.6443  1.6561864  13.795044    13.8007    38.4246    28.8797     4.5171    196.071 0.0000e+00
     60.600   1733.479    13.8096   4.540804     2.9084     0.6637  1.6566952  13.795727    13.8007    38.4246    28.8796     4.5242    196.381 0.0000e+00
     60.485   1734.479    13.8095   4.540773     2.9121     0.6499  1.6565426  13.794360    13.8006    38.4245    28.8796     4.5279    196.540 0.0000e+00
     60.505   1735.479    13.8096   4.540801     2.9106     0.6406  1.6565426  13.795727    13.8007    38.4246    28.8796     4.5207    196.227 0.0000e+00
     60.506   1736.479    13.8096   4.540783     2.9121     0.6426  1.6564917  13.795044    13.8007    38.4244    28.8795     4.5293    196.601 0.0000e+00
     60.091   1737.479    13.8107   4.540786     2.9128     0.6477  1.6563391  13.795044    13.8019    38.4235    28.8786     4.5278    196.537 0.0000e+00
     59.337   1738.479    13.8148   4.540893     2.9147     0.6518  1.6558812  13.795727    13.8061    38.4208    28.8755     4.5436    197.223 0.0000e+00
     58.372   1739.479    13.8188   4.540754     2.9210     0.6544  1.6558303  13.797777    13.8103    38.4158    28.8708     4.5568    197.798 0.0000e+00
     57.691   1740.479    13.8316   4.541797     2.9245     0.6584  1.6548128  13.809394    13.8231    38.4133    28.8661     4.5545    197.696 0.0000e+00
     57.315   1741.479    13.8312   4.541724     2.9270     0.6575  1.6526252  13.815544    13.8227    38.4131    28.8660     4.5656    198.178 0.0000e+00
     56.950   1742.479    13.8182   4.540992     2.9334     0.6509  1.6506411  13.816228    13.8098    38.4194    28.8737     4.5845    198.999 0.0000e+00
     56.421   1743.479    13.8405   4.542508     2.9391     0.6413  1.6491147  13.821011    13.8322    38.4116    28.8629     4.5957    199.484 0.0000e+00
     55.586   1744.479    13.8451   4.542846     2.9480     0.6319  1.6476393  13.816911    13.8369    38.4106    28.8611     4.6258    200.794 0.0000e+00
     54.761   1745.479    13.8518   4.543505     2.9598     0.6315  1.6467745  13.827160    13.8437    38.4105    28.8595     4.6712    202.763 0.0000e+00
     54.223   1746.479    13.8606   4.544376     2.9872     0.6336  1.6418905  13.883185    13.8526    38.4102    28.8574     4.7849    207.700 0.0000e+00
     53.753   1747.479    13.9115   4.549183     3.0289     0.6120  1.6324786  13.911193    13.9036    38.4050    28.8423     4.8608    210.997 0.0000e+00
     53.149   1748.479    13.9661   4.553910     3.0568     0.6205  1.6231685  13.931684    13.9582    38.3953    28.8230     4.8671    211.276 0.0000e+00
     52.627   1749.479    13.9822   4.555362     3.0758     0.6003  1.6150285  13.933050    13.9744    38.3932    28.8179     4.8901    212.275 0.0000e+00
     52.203   1750.479    13.9797   4.555303     3.0931     0.5870  1.6090761  13.953540    13.9720    38.3953    28.8200     4.9176    213.467 0.0000e+00
     51.799   1751.479    14.0003   4.557345     3.1074     0.5815  1.6038869  13.967882    13.9926    38.3942    28.8146     4.9279    213.918 0.0000e+00
     51.446   1752.479    14.0065   4.557957     3.1161     0.5783  1.5983415  13.977443    13.9989    38.3939    28.8131     4.9312    214.062 0.0000e+00
     51.202   1753.479    14.0105   4.558361     3.1219     0.5896  1.5938136  13.985637    14.0029    38.3938    28.8122     4.9344    214.200 0.0000e+00
