Boussole/Data/SBEMOOSE/Work/cnv/bous230_02.cnv
* Sea-Bird SBE 9 Data File:
* FileName = C:\boussole\202105\bous230_02.hdr
* Software Version Seasave V 7.23.2
* Temperature SN = 2473
* Conductivity SN = 2929
* Number of Bytes Per Scan = 37
* Number of Voltage Words = 4
* Number of Scans Averaged by the Deck Unit = 1
* NMEA Latitude = 43 22.47 N
* NMEA Longitude = 007 54.61 E
* NMEA UTC (Time) = May 14 2021  17:26:34
* NMEA baud rate = 4800
** Navire
** Station:
** Date
** Heure debut [TU]
** Heure fin [TU]
** Heure locale / TU = +0
** Latitude
** Longitude
** Heure meteo [TU]
** T air sec [deg C]
** T mer [deg C]
** Vent [noeuds, degres]
# nquan = 14
# nvalues = 589                         
# units = specified
# name 0 = prDM: Pressure, Digiquartz [db]
# name 1 = timeS: Time, Elapsed [seconds]
# name 2 = t090C: Temperature [ITS-90, deg C]
# name 3 = c0S/m: Conductivity [S/m]
# name 4 = sbeox0V: Oxygen raw, SBE 43 [V]
# name 5 = flC: Fluorescence, Chelsea Aqua 3 Chl Con [ug/l]
# name 6 = upoly0: Upoly 0, RINKOIII_DO
# name 7 = upoly1: Upoly 1, RINKOIII_Temp
# name 8 = potemp090C: Potential Temperature [ITS-90, deg C]
# name 9 = sal00: Salinity, Practical [PSU]
# name 10 = sigma-é00: Density [sigma-theta, kg/m^3]
# name 11 = sbeox0ML/L: Oxygen, SBE 43 [ml/l], WS = 2
# name 12 = sbox0Mm/Kg: Oxygen, SBE 43 [umol/kg], WS = 2
# name 13 = flag: flag
# span 0 =      0.072,    107.156       
# span 1 =      0.479,    588.104       
# span 2 =    13.4838,    16.1851       
# span 3 =   0.550869,   4.767804       
# span 4 =     2.3810,     3.1506       
# span 5 =     0.1879,     1.9003       
# span 6 =  1.4762923,  1.7703501       
# span 7 =  13.476381,  16.149669       
# span 8 =    13.4764,    16.1846       
# span 9 =     3.6733,    38.5964       
# span 10 =     1.7907,    29.0232      
# span 11 =     3.5146,     5.0185      
# span 12 =    152.536,    217.865      
# span 13 = 0.0000e+00, 0.0000e+00      
# interval = seconds: 1                 
# start_time = May 14 2021 17:26:34 [NMEA time, header]
# bad_flag = -9.990e-29
*END*
[from data line 310]
     59.585    310.479    13.5050   4.513089     2.6241     0.2811  1.6730261  13.484592    13.4964    38.4676    28.9780     4.0218    174.555 0.0000e+00
     60.916    311.479    13.5091   4.513764     2.6246     0.2851  1.6734331  13.485276    13.5002    38.4694    28.9786     4.0255    174.716 0.0000e+00
     60.207    312.479    13.5056   4.513124     2.6254     0.2842  1.6737892  13.483908    13.4968    38.4671    28.9776     4.0236    174.635 0.0000e+00
     59.146    313.479    13.5046   4.512931     2.6240     0.2764  1.6734839  13.485276    13.4960    38.4667    28.9774     4.0171    174.350 0.0000e+00
     59.371    314.479    13.5052   4.513031     2.6232     0.2842  1.6735348  13.485276    13.4966    38.4670    28.9775     4.0185    174.411 0.0000e+00
     60.219    315.479    13.5052   4.513104     2.6230     0.2826  1.6733822  13.483908    13.4965    38.4673    28.9778     4.0206    174.505 0.0000e+00
     60.035    316.479    13.5052   4.513042     2.6237     0.2848  1.6736366  13.486645    13.4965    38.4668    28.9774     4.0212    174.532 0.0000e+00
     59.511    317.479    13.5050   4.512965     2.6232     0.2907  1.6737383  13.486645    13.4963    38.4666    28.9772     4.0177    174.377 0.0000e+00
     59.497    318.479    13.5045   4.512931     2.6224     0.2978  1.6734331  13.485961    13.4959    38.4667    28.9774     4.0168    174.339 0.0000e+00
     59.581    319.479    13.5043   4.512924     2.6227     0.2825  1.6734331  13.485961    13.4957    38.4668    28.9776     4.0191    174.440 0.0000e+00
     59.222    320.479    13.5022   4.512633     2.6222     0.2882  1.6731787  13.487329    13.4936    38.4663    28.9776     4.0175    174.367 0.0000e+00
     58.801    321.479    13.5047   4.512901     2.6235     0.3038  1.6733313  13.488013    13.4962    38.4665    28.9772     4.0275    174.804 0.0000e+00
     58.156    322.479    13.5061   4.512930     2.6265     0.2960  1.6732296  13.485276    13.4977    38.4657    28.9763     4.0362    175.183 0.0000e+00
     57.144    323.479    13.5044   4.512491     2.6298     0.2859  1.6731278  13.486645    13.4962    38.4636    28.9750     4.0392    175.310 0.0000e+00
     56.193    324.479    13.5039   4.512342     2.6310     0.2948  1.6729752  13.485961    13.4957    38.4632    28.9748     4.0380    175.258 0.0000e+00
     55.926    325.479    13.5046   4.512444     2.6324     0.2909  1.6724156  13.486645    13.4965    38.4636    28.9749     4.0424    175.452 0.0000e+00
     55.499    326.479    13.5051   4.512355     2.6344     0.2963  1.6720594  13.485276    13.4970    38.4624    28.9739     4.0479    175.689 0.0000e+00
     54.551    327.479    13.5039   4.511913     2.6370     0.3074  1.6715507  13.485276    13.4960    38.4598    28.9721     4.0539    175.951 0.0000e+00
     53.815    328.479    13.5021   4.511565     2.6396     0.3148  1.6711946  13.488013    13.4943    38.4587    28.9716     4.0645    176.408 0.0000e+00
     53.368    329.479    13.5011   4.511469     2.6454     0.3311  1.6703297  13.488698    13.4933    38.4590    28.9720     4.0830    177.212 0.0000e+00
     52.809    330.479    13.4923   4.509808     2.6525     0.3209  1.6702788  13.485961    13.4847    38.4522    28.9686     4.0988    177.900 0.0000e+00
     52.109    331.479    13.4857   4.508722     2.6577     0.3331  1.6700244  13.484592    13.4781    38.4488    28.9673     4.1024    178.053 0.0000e+00
     51.264    332.479    13.4838   4.508216     2.6618     0.3407  1.6687526  13.481855    13.4764    38.4463    28.9657     4.1123    178.487 0.0000e+00
     50.305    333.479    13.4885   4.508493     2.6668     0.3429  1.6666158  13.483908    13.4813    38.4445    28.9634     4.1201    178.822 0.0000e+00
     49.481    334.479    13.4887   4.508412     2.6697     0.3875  1.6658018  13.483908    13.4816    38.4439    28.9628     4.1190    178.777 0.0000e+00
     49.048    335.479    13.4909   4.508615     2.6717     0.4330  1.6642247  13.480487    13.4838    38.4439    28.9623     4.1257    179.066 0.0000e+00
     48.934    336.479    13.4928   4.508790     2.6751     0.4417  1.6630037  13.478434    13.4857    38.4437    28.9618     4.1312    179.305 0.0000e+00
     48.405    337.479    13.4960   4.508921     2.6772     0.4233  1.6617318  13.477750    13.4890    38.4420    28.9597     4.1360    179.514 0.0000e+00
     47.330    338.479    13.4955   4.508661     2.6807     0.4661  1.6594425  13.477065    13.4886    38.4405    28.9587     4.1425    179.797 0.0000e+00
     46.354    339.479    13.4960   4.508662     2.6827     0.5224  1.6563899  13.481855    13.4893    38.4404    28.9585     4.1429    179.817 0.0000e+00
     45.886    340.479    13.4967   4.508701     2.6844     0.5684  1.6547619  13.476381    13.4901    38.4403    28.9582     4.1467    179.978 0.0000e+00
     45.391    341.479    13.4990   4.508847     2.6872     0.5984  1.6539988  13.479802    13.4925    38.4396    28.9571     4.1578    180.463 0.0000e+00
     44.535    342.479    13.5027   4.508983     2.6915     0.6094  1.6529305  13.483908    13.4962    38.4376    28.9548     4.1666    180.843 0.0000e+00
     43.751    343.479    13.5055   4.509029     2.6955     0.6563  1.6513533  13.481171    13.4991    38.4356    28.9526     4.1754    181.226 0.0000e+00
     43.220    344.479    13.5069   4.509081     2.7002     0.6850  1.6504884  13.482539    13.5006    38.4349    28.9518     4.1864    181.703 0.0000e+00
     42.718    345.479    13.5113   4.509332     2.7056     0.7641  1.6499288  13.483224    13.5051    38.4331    28.9494     4.2012    182.347 0.0000e+00
     42.098    346.479    13.5190   4.509844     2.7128     0.8291  1.6493691  13.483908    13.5129    38.4304    28.9457     4.2180    183.077 0.0000e+00
     41.442    347.479    13.5240   4.510266     2.7198     0.9318  1.6488603  13.488013    13.5180    38.4297    28.9441     4.2267    183.455 0.0000e+00
     40.924    348.479    13.5281   4.510578     2.7242     0.9444  1.6473850  13.492803    13.5222    38.4288    28.9425     4.2320    183.686 0.0000e+00
     40.438    349.479    13.5306   4.510782     2.7298     0.9659  1.6460114  13.496225    13.5247    38.4285    28.9417     4.2509    184.506 0.0000e+00
     39.528    350.479    13.5458   4.512373     2.7379     1.0042  1.6435185  13.500330    13.5401    38.4288    28.9386     4.2660    185.162 0.0000e+00
     38.741    351.479    13.5670   4.514617     2.7443     1.0648  1.6461640  13.499646    13.5614    38.4292    28.9344     4.2732    185.474 0.0000e+00
     38.586    352.479    13.5669   4.514513     2.7502     1.1503  1.6420940  13.503067    13.5613    38.4284    28.9338     4.2846    185.972 0.0000e+00
     38.626    353.479    13.5730   4.515567     2.7565     1.2713  1.6381257  13.503067    13.5674    38.4323    28.9356     4.3017    186.713 0.0000e+00
     37.924    354.479    13.6183   4.520876     2.7649     1.3850  1.6353276  13.524276    13.6128    38.4376    28.9300     4.3172    187.383 0.0000e+00
     36.727    355.479    13.6629   4.525992     2.7728     1.4719  1.6313085  13.542747    13.6576    38.4420    28.9238     4.3232    187.648 0.0000e+00
     35.984    356.479    13.6667   4.526001     2.7787     1.5100  1.6284086  13.550272    13.6615    38.4386    28.9204     4.3366    188.228 0.0000e+00
     35.838    357.479    13.6579   4.525160     2.7875     1.5603  1.6270859  13.553008    13.6527    38.4395    28.9230     4.3705    189.701 0.0000e+00
     35.353    358.479    13.6947   4.529600     2.8037     1.6222  1.6255596  13.558481    13.6895    38.4450    28.9194     4.4176    191.746 0.0000e+00
     34.578    359.479    13.7274   4.532277     2.8219     1.6177  1.6215914  13.612513    13.7224    38.4379    28.9068     4.4493    193.123 0.0000e+00
     34.161    360.479    13.7200   4.531147     2.8385     1.6867  1.6158933  13.635081    13.7150    38.4348    28.9060     4.4874    194.778 0.0000e+00
     33.835    361.479    13.7239   4.531382     2.8595     1.6635  1.6112637  13.643286    13.7190    38.4333    28.9040     4.5441    197.239 0.0000e+00
     33.004    362.479    13.7470   4.533662     2.8833     1.7101  1.6071428  13.663800    13.7422    38.4321    28.8980     4.5889    199.184 0.0000e+00
     32.095    363.479    13.7680   4.535098     2.9046     1.7020  1.6021571  13.654911    13.7633    38.4251    28.8881     4.6218    200.615 0.0000e+00
     31.669    364.479    13.7739   4.535482     2.9222     1.6529  1.6003765  13.659014    13.7693    38.4230    28.8852     4.6423    201.503 0.0000e+00
     31.457    365.479    13.7812   4.535995     2.9356     1.6205  1.5991555  13.664484    13.7766    38.4206    28.8818     4.6641    202.452 0.0000e+00
     31.021    366.479    13.7911   4.536626     2.9485     1.6407  1.5939153  13.701403    13.7865    38.4169    28.8768     4.6843    203.331 0.0000e+00
     30.465    367.479    13.7933   4.536484     2.9599     1.7082  1.5846561  13.727379    13.7889    38.4135    28.8736     4.7120    204.532 0.0000e+00
     29.817    368.479    13.7908   4.536169     2.9755     1.7600  1.5738197  13.741734    13.7864    38.4134    28.8741     4.7571    206.490 0.0000e+00
     29.091    369.479    13.8159   4.538348     2.9944     1.8021  1.5654253  13.731481    13.8116    38.4093    28.8654     4.7911    207.966 0.0000e+00
     28.330    370.479    13.8441   4.540958     3.0089     1.7800  1.5605922  13.739000    13.8399    38.4061    28.8569     4.8024    208.459 0.0000e+00
     28.071    371.479    13.8485   4.541204     3.0190     1.7695  1.5574380  13.738316    13.8443    38.4041    28.8544     4.8088    208.737 0.0000e+00
     28.374    372.479    13.8473   4.541112     3.0244     1.8034  1.5556065  13.730797    13.8431    38.4043    28.8548     4.8111    208.837 0.0000e+00
     28.828    373.479    13.8424   4.540658     3.0288     1.7840  1.5581502  13.713024    13.8381    38.4047    28.8562     4.8236    209.382 0.0000e+00
     28.797    374.479    13.8417   4.540569     3.0358     1.7615  1.5601344  13.725329    13.8375    38.4046    28.8562     4.8427    210.208 0.0000e+00
     28.345    375.479    13.8565   4.542082     3.0420     1.7321  1.5554030  13.760872    13.8523    38.4042    28.8528     4.8452    210.318 0.0000e+00
     28.123    376.479    13.8651   4.542847     3.0451     1.6875  1.5462963  13.780009    13.8610    38.4030    28.8500     4.8446    210.294 0.0000e+00
     28.450    377.479    13.8603   4.542356     3.0465     1.6481  1.5404965  13.794360    13.8561    38.4030    28.8511     4.8436    210.250 0.0000e+00
     28.803    378.479    13.8474   4.541079     3.0473     1.5664  1.5362739  13.806661    13.8432    38.4037    28.8543     4.8489    210.480 0.0000e+00
     28.809    379.479    13.8414   4.540499     3.0498     1.4783  1.5323565  13.812128    13.8372    38.4042    28.8560     4.8600    210.959 0.0000e+00
     28.460    380.479    13.8531   4.541707     3.0540     1.4797  1.5283883  13.817594    13.8489    38.4040    28.8533     4.8680    211.310 0.0000e+00
     28.027    381.479    13.8664   4.542984     3.0563     1.4697  1.5242165  13.822377    13.8623    38.4030    28.8497     4.8614    211.021 0.0000e+00
     28.037    382.479    13.8662   4.542932     3.0554     1.4501  1.5218254  13.821011    13.8621    38.4027    28.8495     4.8551    210.748 0.0000e+00
     28.669    383.479    13.8523   4.541481     3.0543     1.4265  1.5207061  13.828527    13.8481    38.4026    28.8524     4.8546    210.728 0.0000e+00
     28.979    384.479    13.8393   4.540294     3.0536     1.4357  1.5197395  13.828527    13.8350    38.4043    28.8566     4.8581    210.879 0.0000e+00
     28.548    385.479    13.8457   4.540931     3.0541     1.4298  1.5187220  13.828527    13.8415    38.4041    28.8550     4.8578    210.864 0.0000e+00
     28.236    386.479    13.8571   4.542020     3.0532     1.4290  1.5181624  13.828527    13.8529    38.4031    28.8518     4.8498    210.519 0.0000e+00
     28.505    387.479    13.8478   4.541089     3.0511     1.4221  1.5184168  13.828527    13.8436    38.4035    28.8541     4.8449    210.304 0.0000e+00
     28.810    388.479    13.8411   4.540442     3.0489     1.4353  1.5181624  13.827844    13.8369    38.4040    28.8559     4.8456    210.335 0.0000e+00
     28.676    389.479    13.8398   4.540314     3.0499     1.4748  1.5182641  13.825794    13.8356    38.4041    28.8563     4.8567    210.817 0.0000e+00
     28.177    390.479    13.8516   4.541546     3.0525     1.4634  1.5210114  13.829894    13.8474    38.4042    28.8538     4.8567    210.817 0.0000e+00
     27.958    391.479    13.8596   4.542236     3.0515     1.4361  1.5175519  13.828527    13.8555    38.4028    28.8510     4.8439    210.263 0.0000e+00
     28.406    392.479    13.8468   4.540951     3.0483     1.4903  1.5173484  13.827844    13.8427    38.4032    28.8541     4.8373    209.974 0.0000e+00
     29.094    393.479    13.8327   4.539601     3.0463     1.5015  1.5180098  13.825794    13.8284    38.4043    28.8580     4.8424    210.197 0.0000e+00
     28.951    394.479    13.8340   4.539765     3.0473     1.4899  1.5187729  13.823744    13.8297    38.4046    28.8579     4.8472    210.405 0.0000e+00
     28.154    395.479    13.8444   4.540829     3.0469     1.4643  1.5184168  13.831260    13.8403    38.4046    28.8557     4.8396    210.073 0.0000e+00
     28.039    396.479    13.8447   4.540761     3.0453     1.4610  1.5180606  13.828527    13.8406    38.4037    28.8549     4.8357    209.905 0.0000e+00
     28.689    397.479    13.8370   4.540039     3.0444     1.4608  1.5182641  13.822377    13.8328    38.4043    28.8570     4.8391    210.054 0.0000e+00
     28.845    398.479    13.8342   4.539790     3.0453     1.4844  1.5196377  13.819644    13.8299    38.4047    28.8580     4.8435    210.243 0.0000e+00
     28.399    399.479    13.8395   4.540282     3.0454     1.4892  1.5196377  13.827844    13.8353    38.4042    28.8564     4.8385    210.027 0.0000e+00
     28.265    400.479    13.8401   4.540336     3.0440     1.4712  1.5192308  13.829210    13.8359    38.4042    28.8563     4.8335    209.810 0.0000e+00
     28.512    401.479    13.8370   4.540050     3.0432     1.4735  1.5189764  13.828527    13.8328    38.4045    28.8572     4.8379    210.001 0.0000e+00
     28.608    402.479    13.8343   4.539793     3.0445     1.4662  1.5194343  13.821694    13.8301    38.4046    28.8579     4.8416    210.160 0.0000e+00
     28.432    403.479    13.8361   4.539965     3.0443     1.4637  1.5195869  13.820327    13.8319    38.4046    28.8575     4.8351    209.878 0.0000e+00
     28.425    404.479    13.8364   4.539992     3.0423     1.4846  1.5200956  13.821011    13.8322    38.4045    28.8574     4.8316    209.726 0.0000e+00
     28.776    405.479    13.8326   4.539604     3.0426     1.4581  1.5199939  13.822377    13.8284    38.4045    28.8582     4.8400    210.090 0.0000e+00
     28.879    406.479    13.8304   4.539409     3.0451     1.4647  1.5205535  13.815544    13.8261    38.4049    28.8589     4.8497    210.515 0.0000e+00
     28.416    407.479    13.8363   4.540007     3.0473     1.4675  1.5209096  13.816911    13.8321    38.4048    28.8576     4.8467    210.383 0.0000e+00
     28.004    408.479    13.8426   4.540610     3.0468     1.4278  1.5212149  13.814861    13.8385    38.4044    28.8559     4.8422    210.189 0.0000e+00
     28.116    409.479    13.8415   4.540470     3.0466     1.4662  1.5212658  13.821694    13.8373    38.4042    28.8560     4.8410    210.135 0.0000e+00
     28.792    410.479    13.8349   4.539834     3.0452     1.4826  1.5210623  13.814861    13.8307    38.4044    28.8575     4.8332    209.797 0.0000e+00
     29.148    411.479    13.8292   4.539308     3.0422     1.5576  1.5216219  13.812128    13.8249    38.4050    28.8593     4.8335    209.810 0.0000e+00
