Boussole/Data/SBEMOOSE/Work/cnv/bous229_03.cnv
* Sea-Bird SBE 9 Data File:
* FileName = C:\boussole\202104\bous229_03.hdr
* Software Version Seasave V 7.23.2
* Temperature SN = 2473
* Conductivity SN = 2929
* Number of Bytes Per Scan = 37
* Number of Voltage Words = 4
* Number of Scans Averaged by the Deck Unit = 1
* NMEA Latitude = 43 22.01 N
* NMEA Longitude = 007 54.15 E
* NMEA UTC (Time) = Apr 09 2021  13:26:50
* NMEA baud rate = 4800
** Campagne = BOUSSOLE 229
** Navire = Tethys II
** Station = BOUS229_03
** Date = 09/04/2021
** Heure debut [TU] = 13:29
** Heure fin [TU] = 13:56
** Heure locale / TU = +0
** Latitude = 43 22.009 N
** Longitude = 007 54.154 E
** Heure meteo [TU] = 13:30
** T air sec [deg C] = 13.7
** T mer [deg C] = 14.45
** Vent [noeuds, degres] = 0.7, 90
** Pression atm [hpa] = 1025.2
** Humidite [%] = 48.7
** Nebulosite [octas] = 2
** Etat de la mer [code S] = 1
# nquan = 14
# nvalues = 1755                        
# units = specified
# name 0 = prDM: Pressure, Digiquartz [db]
# name 1 = timeS: Time, Elapsed [seconds]
# name 2 = t090C: Temperature [ITS-90, deg C]
# name 3 = c0S/m: Conductivity [S/m]
# name 4 = sbeox0V: Oxygen raw, SBE 43 [V]
# name 5 = flC: Fluorescence, Chelsea Aqua 3 Chl Con [ug/l]
# name 6 = upoly0: Upoly 0, RINKOIII_DO
# name 7 = upoly1: Upoly 1, RINKOIII_Temp
# name 8 = potemp090C: Potential Temperature [ITS-90, deg C]
# name 9 = sal00: Salinity, Practical [PSU]
# name 10 = sigma-é00: Density [sigma-theta, kg/m^3]
# name 11 = sbeox0ML/L: Oxygen, SBE 43 [ml/l], WS = 2
# name 12 = sbox0Mm/Kg: Oxygen, SBE 43 [umol/kg], WS = 2
# name 13 = flag: flag
# span 0 =      0.214,    401.070       
# span 1 =      0.479,   1754.417       
# span 2 =    13.4707,    14.6616       
# span 3 =   4.502495,   4.622867       
# span 4 =     2.1873,     3.0493       
# span 5 =     0.1503,     3.0511       
# span 6 =  1.5170431,  1.8378103       
# span 7 =  13.467486,  14.450297       
# span 8 =    13.4632,    14.6613       
# span 9 =    38.3630,    38.6890       
# span 10 =    28.6515,    29.0887      
# span 11 =     3.2042,     4.7779      
# span 12 =    139.056,    207.424      
# span 13 = 0.0000e+00, 0.0000e+00      
# interval = seconds: 1                 
# start_time = Apr 09 2021 13:26:50 [NMEA time, header]
# bad_flag = -9.990e-29
*END*
[from data line 1446]
     39.772   1446.479    13.8900   4.543712     2.9557     0.5840  1.5458893  13.845609    13.8841    38.3809    28.8279     4.6626    202.398 0.0000e+00
     39.963   1447.479    13.8897   4.543696     2.9569     0.5842  1.5453805  13.857908    13.8838    38.3810    28.8280     4.6638    202.449 0.0000e+00
     40.130   1448.479    13.8899   4.543719     2.9565     0.5798  1.5449226  13.858591    13.8840    38.3809    28.8279     4.6608    202.321 0.0000e+00
     40.096   1449.479    13.8902   4.543750     2.9570     0.5649  1.5449226  13.853808    13.8843    38.3810    28.8279     4.6656    202.528 0.0000e+00
     40.040   1450.479    13.8900   4.543730     2.9580     0.5546  1.5450244  13.853808    13.8841    38.3810    28.8279     4.6656    202.526 0.0000e+00
     39.922   1451.479    13.8901   4.543734     2.9573     0.5776  1.5452279  13.849709    13.8842    38.3810    28.8279     4.6613    202.342 0.0000e+00
     39.834   1452.479    13.8902   4.543724     2.9580     0.5900  1.5446683  13.848342    13.8843    38.3808    28.8277     4.6701    202.721 0.0000e+00
     40.042   1453.479    13.8898   4.543730     2.9601     0.5865  1.5445665  13.859958    13.8839    38.3812    28.8281     4.6732    202.857 0.0000e+00
     40.228   1454.479    13.8898   4.543725     2.9609     0.5892  1.5445156  13.862007    13.8839    38.3811    28.8281     4.6694    202.691 0.0000e+00
     40.040   1455.479    13.8899   4.543728     2.9593     0.5853  1.5445665  13.861324    13.8840    38.3811    28.8280     4.6629    202.411 0.0000e+00
     39.884   1456.479    13.8899   4.543723     2.9586     0.5744  1.5446174  13.853808    13.8840    38.3811    28.8281     4.6663    202.559 0.0000e+00
     40.008   1457.479    13.8899   4.543732     2.9590     0.5753  1.5442104  13.862007    13.8840    38.3811    28.8280     4.6677    202.618 0.0000e+00
     40.091   1458.479    13.8900   4.543747     2.9598     0.5790  1.5442612  13.861324    13.8841    38.3811    28.8280     4.6719    202.800 0.0000e+00
     39.999   1459.479    13.8902   4.543756     2.9610     0.5705  1.5442612  13.859958    13.8843    38.3811    28.8279     4.6737    202.881 0.0000e+00
     39.949   1460.479    13.8902   4.543755     2.9620     0.5706  1.5443121  13.860641    13.8843    38.3811    28.8280     4.6757    202.964 0.0000e+00
     40.079   1461.479    13.8902   4.543770     2.9628     0.5797  1.5442613  13.862007    13.8843    38.3812    28.8280     4.6765    203.002 0.0000e+00
     40.153   1462.479    13.8901   4.543755     2.9633     0.5875  1.5441595  13.862690    13.8842    38.3811    28.8280     4.6733    202.862 0.0000e+00
     40.044   1463.479    13.8898   4.543741     2.9613     0.5720  1.5438543  13.861324    13.8839    38.3813    28.8282     4.6679    202.628 0.0000e+00
     40.010   1464.479    13.8902   4.543763     2.9612     0.5764  1.5442612  13.861324    13.8843    38.3811    28.8280     4.6684    202.647 0.0000e+00
     40.079   1465.479    13.8899   4.543742     2.9592     0.5788  1.5439051  13.862007    13.8840    38.3812    28.8281     4.6607    202.315 0.0000e+00
     40.064   1466.479    13.8892   4.543685     2.9578     0.5848  1.5441086  13.861324    13.8833    38.3813    28.8284     4.6626    202.398 0.0000e+00
     40.018   1467.479    13.8897   4.543727     2.9575     0.5764  1.5440069  13.862007    13.8838    38.3813    28.8282     4.6621    202.376 0.0000e+00
     40.018   1468.479    13.8899   4.543751     2.9568     0.5764  1.5443121  13.862690    13.8840    38.3813    28.8282     4.6605    202.306 0.0000e+00
     40.025   1469.479    13.8899   4.543747     2.9571     0.5776  1.5439560  13.861324    13.8840    38.3813    28.8282     4.6659    202.538 0.0000e+00
     40.130   1470.479    13.8897   4.543746     2.9581     0.5943  1.5441086  13.863374    13.8838    38.3814    28.8283     4.6647    202.490 0.0000e+00
     40.178   1471.479    13.8894   4.543712     2.9573     0.5914  1.5440069  13.862007    13.8835    38.3814    28.8284     4.6635    202.436 0.0000e+00
     40.089   1472.479    13.8894   4.543677     2.9587     0.5871  1.5440069  13.862007    13.8835    38.3811    28.8281     4.6706    202.742 0.0000e+00
     40.031   1473.479    13.8888   4.543654     2.9595     0.5848  1.5438543  13.862007    13.8829    38.3814    28.8285     4.6683    202.646 0.0000e+00
     40.043   1474.479    13.8885   4.543616     2.9595     0.5849  1.5437016  13.863374    13.8826    38.3814    28.8286     4.6687    202.663 0.0000e+00
     40.061   1475.479    13.8869   4.543463     2.9601     0.5768  1.5437525  13.863374    13.8811    38.3815    28.8290     4.6697    202.703 0.0000e+00
     40.018   1476.479    13.8867   4.543445     2.9597     0.5749  1.5440578  13.862690    13.8808    38.3816    28.8292     4.6665    202.565 0.0000e+00
     39.987   1477.479    13.8868   4.543460     2.9590     0.5728  1.5438543  13.861324    13.8809    38.3817    28.8292     4.6648    202.491 0.0000e+00
     40.152   1478.479    13.8874   4.543530     2.9583     0.5796  1.5441086  13.864057    13.8815    38.3816    28.8290     4.6649    202.496 0.0000e+00
     40.291   1479.479    13.8882   4.543605     2.9586     0.5925  1.5441086  13.862690    13.8823    38.3815    28.8288     4.6665    202.564 0.0000e+00
     40.118   1480.479    13.8883   4.543617     2.9585     0.5993  1.5439560  13.862007    13.8824    38.3816    28.8288     4.6661    202.549 0.0000e+00
     39.946   1481.479    13.8885   4.543619     2.9587     0.5798  1.5439051  13.862007    13.8826    38.3815    28.8287     4.6686    202.658 0.0000e+00
     39.977   1482.479    13.8887   4.543635     2.9603     0.5667  1.5438034  13.863374    13.8828    38.3815    28.8286     4.6739    202.889 0.0000e+00
     40.004   1483.479    13.8886   4.543637     2.9614     0.5702  1.5440069  13.863374    13.8827    38.3815    28.8286     4.6732    202.858 0.0000e+00
     40.073   1484.479    13.8891   4.543684     2.9614     0.5709  1.5440578  13.863374    13.8832    38.3814    28.8285     4.6709    202.756 0.0000e+00
     40.192   1485.479    13.8885   4.543641     2.9611     0.5871  1.5438034  13.862690    13.8826    38.3815    28.8287     4.6700    202.716 0.0000e+00
     40.146   1486.479    13.8885   4.543631     2.9605     0.5755  1.5441086  13.863374    13.8826    38.3815    28.8287     4.6678    202.622 0.0000e+00
     39.880   1487.479    13.8891   4.543688     2.9598     0.5716  1.5438543  13.862690    13.8832    38.3815    28.8285     4.6647    202.489 0.0000e+00
     39.488   1488.479    13.8900   4.543733     2.9581     0.5752  1.5436508  13.862690    13.8842    38.3813    28.8282     4.6604    202.303 0.0000e+00
     38.880   1489.479    13.8904   4.543753     2.9576     0.5867  1.5439560  13.863374    13.8847    38.3813    28.8280     4.6639    202.455 0.0000e+00
     38.105   1490.479    13.8910   4.543776     2.9582     0.5944  1.5441595  13.862007    13.8853    38.3813    28.8279     4.6644    202.473 0.0000e+00
     37.202   1491.479    13.8932   4.543936     2.9585     0.5991  1.5440069  13.861324    13.8877    38.3811    28.8272     4.6665    202.568 0.0000e+00
     36.356   1492.479    13.8952   4.544073     2.9597     0.5916  1.5440578  13.862007    13.8898    38.3807    28.8265     4.6704    202.736 0.0000e+00
     35.752   1493.479    13.8968   4.544195     2.9622     0.5927  1.5441086  13.862690    13.8915    38.3806    28.8260     4.6807    203.181 0.0000e+00
     35.059   1494.479    13.9000   4.544499     2.9663     0.5945  1.5441086  13.863374    13.8948    38.3805    28.8253     4.6891    203.548 0.0000e+00
     33.937   1495.479    13.9044   4.544873     2.9697     0.5904  1.5435490  13.870205    13.8994    38.3802    28.8240     4.6934    203.735 0.0000e+00
     32.801   1496.479    13.9086   4.545201     2.9728     0.5788  1.5432946  13.866106    13.9037    38.3796    28.8226     4.6977    203.922 0.0000e+00
     31.942   1497.479    13.9108   4.545355     2.9757     0.5880  1.5428368  13.877720    13.9061    38.3792    28.8218     4.7009    204.062 0.0000e+00
     31.303   1498.479    13.9118   4.545452     2.9773     0.5943  1.5419719  13.879086    13.9072    38.3794    28.8217     4.7006    204.046 0.0000e+00
     30.876   1499.479    13.9113   4.545375     2.9781     0.5941  1.5412596  13.877720    13.9068    38.3794    28.8218     4.6989    203.975 0.0000e+00
     30.658   1500.479    13.9131   4.545527     2.9780     0.5936  1.5412087  13.877720    13.9086    38.3791    28.8212     4.6990    203.979 0.0000e+00
     30.420   1501.479    13.9132   4.545545     2.9787     0.5810  1.5411579  13.878403    13.9087    38.3793    28.8213     4.6997    204.009 0.0000e+00
     30.188   1502.479    13.9149   4.545699     2.9788     0.5832  1.5410052  13.877720    13.9104    38.3792    28.8208     4.6988    203.971 0.0000e+00
     29.984   1503.479    13.9144   4.545583     2.9785     0.5831  1.5408018  13.878403    13.9100    38.3786    28.8205     4.6970    203.893 0.0000e+00
     30.166   1504.479    13.9147   4.545657     2.9781     0.5981  1.5409035  13.880453    13.9102    38.3790    28.8208     4.6994    203.997 0.0000e+00
     30.365   1505.479    13.9143   4.545624     2.9797     0.5953  1.5405474  13.884551    13.9098    38.3790    28.8208     4.7041    204.199 0.0000e+00
     30.149   1506.479    13.9153   4.545715     2.9802     0.5897  1.5399877  13.887967    13.9108    38.3790    28.8206     4.7036    204.179 0.0000e+00
     30.086   1507.479    13.9156   4.545755     2.9809     0.5865  1.5393264  13.885918    13.9112    38.3791    28.8206     4.7020    204.111 0.0000e+00
     30.341   1508.479    13.9150   4.545690     2.9796     0.5894  1.5392755  13.892749    13.9105    38.3789    28.8206     4.6989    203.973 0.0000e+00
     30.431   1509.479    13.9146   4.545658     2.9801     0.5834  1.5392755  13.890016    13.9101    38.3790    28.8208     4.7034    204.171 0.0000e+00
     30.195   1510.479    13.9145   4.545648     2.9806     0.5828  1.5388176  13.889333    13.9101    38.3790    28.8208     4.7048    204.230 0.0000e+00
     29.981   1511.479    13.9155   4.545757     2.9815     0.5784  1.5385632  13.892749    13.9111    38.3793    28.8208     4.7050    204.241 0.0000e+00
     30.131   1512.479    13.9151   4.545711     2.9809     0.5760  1.5380545  13.892749    13.9107    38.3791    28.8207     4.6990    203.979 0.0000e+00
     30.413   1513.479    13.9139   4.545588     2.9790     0.5708  1.5379527  13.893432    13.9094    38.3790    28.8209     4.6939    203.756 0.0000e+00
     30.377   1514.479    13.9135   4.545534     2.9774     0.5699  1.5381054  13.894115    13.9090    38.3789    28.8209     4.6938    203.754 0.0000e+00
     30.101   1515.479    13.9136   4.545534     2.9773     0.5797  1.5373931  13.894115    13.9092    38.3790    28.8210     4.6984    203.951 0.0000e+00
     30.151   1516.479    13.9135   4.545522     2.9787     0.5829  1.5376475  13.894798    13.9091    38.3789    28.8209     4.7010    204.067 0.0000e+00
     30.365   1517.479    13.9139   4.545598     2.9789     0.5782  1.5374949  13.894115    13.9094    38.3791    28.8210     4.7021    204.112 0.0000e+00
     30.169   1518.479    13.9140   4.545591     2.9804     0.5684  1.5373931  13.892749    13.9096    38.3790    28.8209     4.7039    204.192 0.0000e+00
     30.083   1519.479    13.9141   4.545608     2.9798     0.5655  1.5379019  13.894115    13.9097    38.3792    28.8210     4.6993    203.990 0.0000e+00
     30.372   1520.479    13.9142   4.545638     2.9795     0.5696  1.5373422  13.894115    13.9097    38.3792    28.8210     4.7008    204.059 0.0000e+00
     30.423   1521.479    13.9142   4.545634     2.9803     0.5742  1.5373422  13.894115    13.9097    38.3791    28.8210     4.7047    204.227 0.0000e+00
     30.174   1522.479    13.9142   4.545625     2.9809     0.5754  1.5372914  13.894115    13.9098    38.3792    28.8210     4.7052    204.248 0.0000e+00
     30.093   1523.479    13.9143   4.545621     2.9816     0.5687  1.5372405  13.894115    13.9099    38.3791    28.8209     4.7066    204.310 0.0000e+00
     30.277   1524.479    13.9143   4.545651     2.9819     0.5783  1.5374949  13.892749    13.9098    38.3793    28.8210     4.7045    204.218 0.0000e+00
     30.307   1525.479    13.9143   4.545642     2.9813     0.5720  1.5377492  13.894115    13.9098    38.3792    28.8210     4.7033    204.163 0.0000e+00
     30.113   1526.479    13.9145   4.545656     2.9809     0.5615  1.5372405  13.893432    13.9101    38.3792    28.8209     4.6996    204.005 0.0000e+00
     30.229   1527.479    13.9145   4.545674     2.9794     0.5561  1.5374440  13.893432    13.9100    38.3793    28.8210     4.6992    203.986 0.0000e+00
     30.470   1528.479    13.9143   4.545661     2.9800     0.5615  1.5374440  13.894115    13.9098    38.3792    28.8210     4.6996    204.006 0.0000e+00
     30.286   1529.479    13.9145   4.545648     2.9785     0.5748  1.5375457  13.894798    13.9100    38.3791    28.8209     4.6978    203.925 0.0000e+00
     30.077   1530.479    13.9145   4.545653     2.9792     0.5888  1.5374949  13.894115    13.9101    38.3792    28.8209     4.7008    204.056 0.0000e+00
     30.188   1531.479    13.9145   4.545660     2.9795     0.5968  1.5372914  13.894115    13.9101    38.3792    28.8209     4.7048    204.230 0.0000e+00
     30.254   1532.479    13.9145   4.545652     2.9821     0.5938  1.5373931  13.894798    13.9100    38.3791    28.8209     4.7129    204.584 0.0000e+00
     30.283   1533.479    13.9144   4.545640     2.9834     0.5871  1.5372405  13.894798    13.9099    38.3791    28.8209     4.7062    204.289 0.0000e+00
     30.475   1534.479    13.9142   4.545614     2.9813     0.5812  1.5374949  13.893432    13.9097    38.3789    28.8208     4.7008    204.055 0.0000e+00
     30.353   1535.479    13.9143   4.545617     2.9810     0.5749  1.5374440  13.894115    13.9098    38.3790    28.8208     4.7021    204.115 0.0000e+00
     29.995   1536.479    13.9142   4.545596     2.9802     0.5609  1.5375457  13.894798    13.9098    38.3790    28.8209     4.6985    203.957 0.0000e+00
     29.933   1537.479    13.9141   4.545586     2.9793     0.5756  1.5371387  13.894115    13.9097    38.3790    28.8208     4.6998    204.012 0.0000e+00
     30.195   1538.479    13.9142   4.545619     2.9801     0.5897  1.5371896  13.893432    13.9097    38.3791    28.8210     4.7050    204.238 0.0000e+00
     30.691   1539.479    13.9146   4.545679     2.9815     0.6005  1.5374440  13.894115    13.9101    38.3791    28.8208     4.7090    204.411 0.0000e+00
     30.691   1540.479    13.9148   4.545693     2.9825     0.5922  1.5374440  13.894115    13.9102    38.3790    28.8208     4.7077    204.355 0.0000e+00
     29.967   1541.479    13.9147   4.545659     2.9823     0.5851  1.5374949  13.894115    13.9103    38.3791    28.8208     4.7054    204.257 0.0000e+00
     29.498   1542.479    13.9146   4.545629     2.9817     0.5830  1.5373931  13.894115    13.9102    38.3792    28.8209     4.7019    204.105 0.0000e+00
     29.991   1543.479    13.9147   4.545679     2.9811     0.5875  1.5373931  13.893432    13.9103    38.3793    28.8209     4.7035    204.175 0.0000e+00
     30.787   1544.479    13.9139   4.545641     2.9818     0.5853  1.5374949  13.894798    13.9094    38.3793    28.8212     4.7095    204.433 0.0000e+00
     30.544   1545.479    13.9143   4.545642     2.9832     0.5941  1.5375458  13.894115    13.9098    38.3791    28.8209     4.7074    204.341 0.0000e+00
     30.071   1546.479    13.9145   4.545647     2.9815     0.5855  1.5374949  13.894115    13.9101    38.3791    28.8209     4.7017    204.095 0.0000e+00
     30.038   1547.479    13.9142   4.545623     2.9814     0.5764  1.5374949  13.893432    13.9098    38.3792    28.8210     4.7033    204.167 0.0000e+00
