Boussole/Data/SBEMOOSE/Work/cnv/bousrade_02.cnv
* Sea-Bird SBE 9 Data File:
* FileName = C:\MOOSE\CTD\Work\raw\test02.hdr
* Software Version Seasave V 7.23.2
* Temperature SN = 2473
* Conductivity SN = 2929
* Number of Bytes Per Scan = 30
* Number of Voltage Words = 4
* Number of Scans Averaged by the Deck Unit = 1
* NMEA baud rate = 4800
** Ship:
** Station:
** Operator:
# nquan = 14
# nvalues = 1550                        
# units = specified
# name 0 = prDM: Pressure, Digiquartz [db]
# name 1 = timeS: Time, Elapsed [seconds]
# name 2 = t090C: Temperature [ITS-90, deg C]
# name 3 = c0S/m: Conductivity [S/m]
# name 4 = sbeox0V: Oxygen raw, SBE 43 [V]
# name 5 = flC: Fluorescence, Chelsea Aqua 3 Chl Con [ug/l]
# name 6 = upoly0: Upoly 0, RINKOIII_DO
# name 7 = upoly1: Upoly 1, RINKOIII_Temp
# name 8 = potemp090C: Potential Temperature [ITS-90, deg C]
# name 9 = sal00: Salinity, Practical [PSU]
# name 10 = sigma-é00: Density [sigma-theta, kg/m^3]
# name 11 = sbeox0ML/L: Oxygen, SBE 43 [ml/l], WS = 2
# name 12 = sbox0Mm/Kg: Oxygen, SBE 43 [umol/kg], WS = 2
# name 13 = flag: flag
# span 0 =      0.658,    499.397       
# span 1 =      0.479,   1549.021       
# span 2 =    13.7907,    14.3069       
# span 3 =   4.521198,   4.618268       
# span 4 =     2.2106,     2.9561       
# span 5 =     0.1208,     0.4620       
# span 6 =  1.5659850,  1.8367928       
# span 7 =  13.773858,  14.287990       
# span 8 =    13.7163,    14.2958       
# span 9 =    37.9951,    38.7023       
# span 10 =    28.4828,    29.0745      
# span 11 =     3.3168,     4.6256      
# span 12 =    143.944,    200.858      
# span 13 = 0.0000e+00, 0.0000e+00      
# interval = seconds: 1                 
# start_time = Jan 28 2021 10:30:46 [System UTC, header]
# bad_flag = -9.990e-29
*END*
[from data line 620]
    326.116    620.479    14.1134   4.613178     2.2961     0.1693  1.8013329  14.095559    14.0643    38.6853    29.0245     3.4024    147.664 0.0000e+00
    326.780    621.479    14.1128   4.613203     2.2937     0.1551  1.8028592  14.094194    14.0636    38.6859    29.0251     3.3984    147.493 0.0000e+00
    327.511    622.479    14.1124   4.613210     2.2925     0.1437  1.8040293  14.092829    14.0631    38.6860    29.0253     3.3989    147.514 0.0000e+00
    327.851    623.479    14.1124   4.613217     2.2919     0.1742  1.8049959  14.092146    14.0630    38.6859    29.0253     3.3990    147.519 0.0000e+00
    328.393    624.479    14.1120   4.613185     2.2913     0.1732  1.8053520  14.094877    14.0625    38.6858    29.0253     3.3988    147.511 0.0000e+00
    329.188    625.479    14.1103   4.613078     2.2916     0.1732  1.8054538  14.091464    14.0607    38.6861    29.0259     3.4023    147.662 0.0000e+00
    329.979    626.479    14.1102   4.613148     2.2918     0.1674  1.8060643  14.092829    14.0604    38.6866    29.0263     3.3996    147.545 0.0000e+00
    330.884    627.479    14.1118   4.613529     2.2905     0.1597  1.8064204  14.092146    14.0620    38.6881    29.0272     3.3957    147.376 0.0000e+00
    331.585    628.479    14.1124   4.613659     2.2897     0.1587  1.8070309  14.092146    14.0624    38.6885    29.0274     3.3958    147.379 0.0000e+00
    332.323    629.479    14.1139   4.613927     2.2893     0.1456  1.8069800  14.092146    14.0639    38.6891    29.0275     3.3962    147.395 0.0000e+00
    332.724    630.479    14.1149   4.614082     2.2891     0.1549  1.8072344  14.096925    14.0648    38.6894    29.0276     3.3952    147.351 0.0000e+00
    333.408    631.479    14.1153   4.614177     2.2883     0.1645  1.8074379  14.095559    14.0650    38.6896    29.0277     3.3919    147.208 0.0000e+00
    334.218    632.479    14.1165   4.614437     2.2871     0.1589  1.8075905  14.096242    14.0661    38.6904    29.0281     3.3897    147.112 0.0000e+00
    334.668    633.479    14.1168   4.614490     2.2866     0.1597  1.8075397  14.095559    14.0664    38.6905    29.0281     3.3906    147.152 0.0000e+00
    335.434    634.479    14.1170   4.614547     2.2859     0.1540  1.8077432  14.099655    14.0664    38.6905    29.0281     3.3900    147.126 0.0000e+00
    336.226    635.479    14.1171   4.614615     2.2859     0.1560  1.8080484  14.100338    14.0664    38.6907    29.0282     3.3911    147.176 0.0000e+00
    337.054    636.479    14.1172   4.614657     2.2857     0.1511  1.8081502  14.100338    14.0664    38.6906    29.0282     3.3897    147.115 0.0000e+00
    337.606    637.479    14.1141   4.614301     2.2851     0.1511  1.8085063  14.101020    14.0632    38.6901    29.0285     3.3881    147.046 0.0000e+00
    338.177    638.479    14.1187   4.615185     2.2841     0.1550  1.8084554  14.100338    14.0678    38.6935    29.0301     3.3845    146.890 0.0000e+00
    338.842    639.479    14.1242   4.616001     2.2831     0.1460  1.8084554  14.101020    14.0731    38.6955    29.0305     3.3833    146.835 0.0000e+00
    339.381    640.479    14.1256   4.616193     2.2827     0.1420  1.8090151  14.106481    14.0744    38.6956    29.0303     3.3849    146.906 0.0000e+00
    340.034    641.479    14.1260   4.616300     2.2826     0.1433  1.8084554  14.108529    14.0747    38.6959    29.0305     3.3839    146.863 0.0000e+00
    340.920    642.479    14.1288   4.616742     2.2820     0.1421  1.8090659  14.107164    14.0773    38.6969    29.0306     3.3817    146.767 0.0000e+00
    341.560    643.479    14.1294   4.616884     2.2813     0.1641  1.8093712  14.111259    14.0778    38.6974    29.0309     3.3817    146.767 0.0000e+00
    342.291    644.479    14.1294   4.616941     2.2812     0.1545  1.8095238  14.108529    14.0777    38.6976    29.0311     3.3836    146.847 0.0000e+00
    342.699    645.479    14.1289   4.616897     2.2814     0.1582  1.8097273  14.109212    14.0772    38.6974    29.0311     3.3833    146.834 0.0000e+00
    343.184    646.479    14.1289   4.616945     2.2812     0.1596  1.8098799  14.109894    14.0772    38.6977    29.0313     3.3816    146.761 0.0000e+00
    344.203    647.479    14.1337   4.617732     2.2801     0.1644  1.8101343  14.112624    14.0817    38.6998    29.0320     3.3771    146.568 0.0000e+00
    345.110    648.479    14.1357   4.618084     2.2791     0.1694  1.8099308  14.116720    14.0836    38.7008    29.0323     3.3781    146.611 0.0000e+00
    345.272    649.479    14.1347   4.617910     2.2795     0.1611  1.8099817  14.113989    14.0826    38.7000    29.0319     3.3816    146.762 0.0000e+00
    345.864    650.479    14.1359   4.618187     2.2797     0.1577  1.8104396  14.113989    14.0837    38.7012    29.0326     3.3790    146.649 0.0000e+00
    346.787    651.479    14.1357   4.618268     2.2785     0.1603  1.8105922  14.119450    14.0834    38.7017    29.0330     3.3757    146.507 0.0000e+00
    347.501    652.479    14.1328   4.618022     2.2780     0.1628  1.8108974  14.120815    14.0803    38.7020    29.0340     3.3759    146.514 0.0000e+00
    348.094    653.479    14.1321   4.617992     2.2769     0.1584  1.8105413  14.118085    14.0795    38.7022    29.0343     3.3714    146.318 0.0000e+00
    348.691    654.479    14.1320   4.618022     2.2755     0.1578  1.8114571  14.116037    14.0794    38.7023    29.0344     3.3705    146.281 0.0000e+00
    349.342    655.479    14.1313   4.617957     2.2753     0.1659  1.8116606  14.113989    14.0786    38.7020    29.0344     3.3724    146.364 0.0000e+00
    349.995    656.479    14.1298   4.617800     2.2748     0.1585  1.8119149  14.114672    14.0770    38.7018    29.0345     3.3709    146.296 0.0000e+00
    350.743    657.479    14.1288   4.617712     2.2742     0.1553  1.8120676  14.110577    14.0759    38.7017    29.0347     3.3701    146.260 0.0000e+00
    351.259    658.479    14.1290   4.617768     2.2739     0.1626  1.8123728  14.109212    14.0760    38.7018    29.0348     3.3711    146.307 0.0000e+00
    351.758    659.479    14.1295   4.617881     2.2739     0.1633  1.8126781  14.111942    14.0764    38.7021    29.0349     3.3707    146.289 0.0000e+00
    352.417    660.479    14.1302   4.617992     2.2735     0.1583  1.8126272  14.110577    14.0770    38.7022    29.0348     3.3699    146.255 0.0000e+00
    353.457    661.479    14.1298   4.618005     2.2734     0.1700  1.8127798  14.110577    14.0765    38.7022    29.0349     3.3715    146.323 0.0000e+00
    354.266    662.479    14.1295   4.617974     2.2738     0.1692  1.8127289  14.110577    14.0760    38.7019    29.0348     3.3730    146.389 0.0000e+00
    354.044    663.479    14.1299   4.618009     2.2737     0.1700  1.8123728  14.113989    14.0765    38.7019    29.0347     3.3715    146.324 0.0000e+00
    354.528    664.479    14.1299   4.618051     2.2735     0.1718  1.8127798  14.112624    14.0764    38.7021    29.0349     3.3704    146.274 0.0000e+00
    355.734    665.479    14.1293   4.618017     2.2731     0.1769  1.8127798  14.113989    14.0756    38.7019    29.0349     3.3701    146.260 0.0000e+00
    356.701    666.479    14.1283   4.617933     2.2725     0.1714  1.8130851  14.107164    14.0745    38.7016    29.0349     3.3689    146.209 0.0000e+00
    356.676    667.479    14.1284   4.617937     2.2721     0.1631  1.8129324  14.109212    14.0746    38.7015    29.0348     3.3672    146.135 0.0000e+00
    357.580    668.479    14.1193   4.616746     2.2710     0.1615  1.8132377  14.109211    14.0654    38.6991    29.0349     3.3671    146.132 0.0000e+00
    358.740    669.479    14.1107   4.615699     2.2713     0.1500  1.8133903  14.098973    14.0566    38.6974    29.0355     3.3707    146.288 0.0000e+00
    358.554    670.479    14.1135   4.616048     2.2707     0.1607  1.8133903  14.107164    14.0594    38.6979    29.0353     3.3653    146.054 0.0000e+00
    358.986    671.479    14.1119   4.615866     2.2696     0.1746  1.8132377  14.105799    14.0578    38.6976    29.0354     3.3648    146.030 0.0000e+00
    360.219    672.479    14.1075   4.615374     2.2694     0.1680  1.8136956  14.092146    14.0532    38.6968    29.0358     3.3680    146.171 0.0000e+00
    361.105    673.479    14.1048   4.615078     2.2700     0.1593  1.8140008  14.090098    14.0503    38.6963    29.0361     3.3695    146.237 0.0000e+00
    361.592    674.479    14.1048   4.615108     2.2699     0.1510  1.8141025  14.091464    14.0503    38.6964    29.0361     3.3697    146.245 0.0000e+00
    362.695    675.479    14.1013   4.614760     2.2703     0.1577  1.8143569  14.089416    14.0466    38.6962    29.0368     3.3726    146.369 0.0000e+00
    363.145    676.479    14.1008   4.614724     2.2708     0.1560  1.8147130  14.090781    14.0461    38.6961    29.0369     3.3711    146.305 0.0000e+00
    363.649    677.479    14.1005   4.614711     2.2700     0.1683  1.8143569  14.089416    14.0457    38.6961    29.0369     3.3690    146.213 0.0000e+00
    364.455    678.479    14.1002   4.614710     2.2698     0.1696  1.8148148  14.086003    14.0453    38.6960    29.0370     3.3691    146.218 0.0000e+00
    365.053    679.479    14.0995   4.614664     2.2694     0.1630  1.8149165  14.084637    14.0445    38.6960    29.0371     3.3686    146.195 0.0000e+00
    365.668    680.479    14.0997   4.614721     2.2692     0.1598  1.8148657  14.081224    14.0445    38.6961    29.0372     3.3697    146.245 0.0000e+00
    366.514    681.479    14.0991   4.614697     2.2691     0.1534  1.8152727  14.082589    14.0438    38.6961    29.0373     3.3683    146.183 0.0000e+00
    367.187    682.479    14.0988   4.614685     2.2685     0.1461  1.8153744  14.079176    14.0434    38.6960    29.0374     3.3670    146.127 0.0000e+00
    367.596    683.479    14.0989   4.614705     2.2680     0.1496  1.8149165  14.083272    14.0434    38.6959    29.0373     3.3658    146.073 0.0000e+00
    368.351    684.479    14.0985   4.614708     2.2673     0.1507  1.8153744  14.081907    14.0430    38.6960    29.0374     3.3658    146.077 0.0000e+00
    369.107    685.479    14.0972   4.614594     2.2674     0.1619  1.8156797  14.081224    14.0416    38.6958    29.0376     3.3665    146.107 0.0000e+00
    369.880    686.479    14.0972   4.614631     2.2667     0.1601  1.8151709  14.079176    14.0414    38.6959    29.0377     3.3632    145.963 0.0000e+00
    370.564    687.479    14.0972   4.614686     2.2654     0.1522  1.8154253  14.079859    14.0413    38.6961    29.0379     3.3604    145.842 0.0000e+00
    370.852    688.479    14.0973   4.614698     2.2649     0.1666  1.8154762  14.079859    14.0414    38.6960    29.0378     3.3617    145.896 0.0000e+00
    371.463    689.479    14.0971   4.614706     2.2647     0.1643  1.8152727  14.080542    14.0411    38.6960    29.0378     3.3616    145.895 0.0000e+00
    372.517    690.479    14.0969   4.614746     2.2641     0.1691  1.8154762  14.076446    14.0407    38.6961    29.0380     3.3609    145.863 0.0000e+00
    372.908    691.479    14.0969   4.614760     2.2643     0.1644  1.8157305  14.079859    14.0406    38.6961    29.0380     3.3640    145.996 0.0000e+00
    373.551    692.479    14.0964   4.614749     2.2650     0.1700  1.8159849  14.079176    14.0400    38.6962    29.0382     3.3658    146.075 0.0000e+00
    374.402    693.479    14.0962   4.614789     2.2652     0.1707  1.8160358  14.077128    14.0397    38.6964    29.0384     3.3646    146.021 0.0000e+00
    375.099    694.479    14.0965   4.614851     2.2647     0.1735  1.8163410  14.075081    14.0399    38.6964    29.0384     3.3621    145.913 0.0000e+00
    375.876    695.479    14.0962   4.614838     2.2639     0.1833  1.8164428  14.077811    14.0395    38.6962    29.0383     3.3603    145.835 0.0000e+00
    376.335    696.479    14.0951   4.614737     2.2632     0.1725  1.8162902  14.078494    14.0383    38.6962    29.0386     3.3599    145.821 0.0000e+00
    376.670    697.479    14.0951   4.614751     2.2629     0.1630  1.8163919  14.077811    14.0383    38.6961    29.0386     3.3613    145.881 0.0000e+00
    377.575    698.479    14.0936   4.614605     2.2632     0.1594  1.8162393  14.077128    14.0366    38.6959    29.0387     3.3630    145.955 0.0000e+00
    378.238    699.479    14.0926   4.614529     2.2631     0.1538  1.8165445  14.075763    14.0356    38.6959    29.0390     3.3624    145.929 0.0000e+00
    378.851    700.479    14.0928   4.614572     2.2632     0.1651  1.8168498  14.075081    14.0357    38.6957    29.0388     3.3631    145.956 0.0000e+00
    379.888    701.479    14.0925   4.614588     2.2631     0.1626  1.8166463  14.074398    14.0352    38.6958    29.0390     3.3635    145.974 0.0000e+00
    380.551    702.479    14.0911   4.614449     2.2635     0.1570  1.8167989  14.075081    14.0337    38.6956    29.0392     3.3643    146.007 0.0000e+00
    380.931    703.479    14.0905   4.614431     2.2630     0.1657  1.8165445  14.074398    14.0331    38.6958    29.0394     3.3610    145.868 0.0000e+00
    381.118    704.479    14.0913   4.614504     2.2620     0.1699  1.8165954  14.074398    14.0338    38.6956    29.0391     3.3591    145.785 0.0000e+00
    381.931    705.479    14.0890   4.614306     2.2619     0.1587  1.8169516  14.074398    14.0314    38.6957    29.0397     3.3607    145.854 0.0000e+00
    383.107    706.479    14.0861   4.614057     2.2611     0.1654  1.8170533  14.073715    14.0283    38.6958    29.0405     3.3584    145.753 0.0000e+00
    383.507    707.479    14.0855   4.613996     2.2606     0.1493  1.8175112  14.074398    14.0277    38.6956    29.0404     3.3584    145.753 0.0000e+00
    384.381    708.479    14.0831   4.613762     2.2601     0.1577  1.8176129  14.073033    14.0251    38.6954    29.0409     3.3579    145.730 0.0000e+00
    385.017    709.479    14.0810   4.613570     2.2595     0.1583  1.8180199  14.068254    14.0230    38.6954    29.0413     3.3554    145.625 0.0000e+00
    385.181    710.479    14.0817   4.613595     2.2585     0.1451  1.8178164  14.073033    14.0237    38.6949    29.0408     3.3530    145.518 0.0000e+00
    386.053    711.479    14.0705   4.612261     2.2574     0.1477  1.8181726  14.063475    14.0123    38.6932    29.0419     3.3508    145.424 0.0000e+00
    386.804    712.479    14.0653   4.611613     2.2560     0.1556  1.8181217  14.057331    14.0070    38.6919    29.0422     3.3504    145.406 0.0000e+00
    387.706    713.479    14.0518   4.609901     2.2556     0.1535  1.8188848  14.052552    13.9935    38.6889    29.0427     3.3522    145.486 0.0000e+00
    388.503    714.479    14.0435   4.608874     2.2550     0.1611  1.8190374  14.040945    13.9850    38.6873    29.0433     3.3497    145.374 0.0000e+00
    388.800    715.479    14.0361   4.607852     2.2540     0.1588  1.8194444  14.045725    13.9776    38.6849    29.0431     3.3507    145.417 0.0000e+00
    389.473    716.479    14.0261   4.606836     2.2543     0.1463  1.8199532  14.029338    13.9675    38.6851    29.0454     3.3550    145.604 0.0000e+00
    390.018    717.479    14.0257   4.606825     2.2543     0.1429  1.8206654  14.012269    13.9670    38.6851    29.0456     3.3513    145.445 0.0000e+00
    390.589    718.479    14.0251   4.606775     2.2531     0.1414  1.8211233  14.010903    13.9664    38.6850    29.0456     3.3478    145.291 0.0000e+00
    391.509    719.479    14.0248   4.606779     2.2524     0.1421  1.8213777  14.009538    13.9659    38.6850    29.0456     3.3488    145.335 0.0000e+00
    392.543    720.479    14.0189   4.606127     2.2521     0.1616  1.8217847  14.008855    13.9598    38.6843    29.0465     3.3497    145.376 0.0000e+00
    393.174    721.479    14.0198   4.606345     2.2518     0.1750  1.8216829  14.005441    13.9607    38.6851    29.0469     3.3484    145.320 0.0000e+00
