Boussole/Data/SBEMOOSE/Work/cnv/bous230_02.cnv
* Sea-Bird SBE 9 Data File:
* FileName = C:\boussole\202105\bous230_02.hdr
* Software Version Seasave V 7.23.2
* Temperature SN = 2473
* Conductivity SN = 2929
* Number of Bytes Per Scan = 37
* Number of Voltage Words = 4
* Number of Scans Averaged by the Deck Unit = 1
* NMEA Latitude = 43 22.47 N
* NMEA Longitude = 007 54.61 E
* NMEA UTC (Time) = May 14 2021  17:26:34
* NMEA baud rate = 4800
** Navire
** Station:
** Date
** Heure debut [TU]
** Heure fin [TU]
** Heure locale / TU = +0
** Latitude
** Longitude
** Heure meteo [TU]
** T air sec [deg C]
** T mer [deg C]
** Vent [noeuds, degres]
# nquan = 14
# nvalues = 589                         
# units = specified
# name 0 = prDM: Pressure, Digiquartz [db]
# name 1 = timeS: Time, Elapsed [seconds]
# name 2 = t090C: Temperature [ITS-90, deg C]
# name 3 = c0S/m: Conductivity [S/m]
# name 4 = sbeox0V: Oxygen raw, SBE 43 [V]
# name 5 = flC: Fluorescence, Chelsea Aqua 3 Chl Con [ug/l]
# name 6 = upoly0: Upoly 0, RINKOIII_DO
# name 7 = upoly1: Upoly 1, RINKOIII_Temp
# name 8 = potemp090C: Potential Temperature [ITS-90, deg C]
# name 9 = sal00: Salinity, Practical [PSU]
# name 10 = sigma-é00: Density [sigma-theta, kg/m^3]
# name 11 = sbeox0ML/L: Oxygen, SBE 43 [ml/l], WS = 2
# name 12 = sbox0Mm/Kg: Oxygen, SBE 43 [umol/kg], WS = 2
# name 13 = flag: flag
# span 0 =      0.072,    107.156       
# span 1 =      0.479,    588.104       
# span 2 =    13.4838,    16.1851       
# span 3 =   0.550869,   4.767804       
# span 4 =     2.3810,     3.1506       
# span 5 =     0.1879,     1.9003       
# span 6 =  1.4762923,  1.7703501       
# span 7 =  13.476381,  16.149669       
# span 8 =    13.4764,    16.1846       
# span 9 =     3.6733,    38.5964       
# span 10 =     1.7907,    29.0232      
# span 11 =     3.5146,     5.0185      
# span 12 =    152.536,    217.865      
# span 13 = 0.0000e+00, 0.0000e+00      
# interval = seconds: 1                 
# start_time = May 14 2021 17:26:34 [NMEA time, header]
# bad_flag = -9.990e-29
*END*
      2.067      0.479    16.1784   4.767128     3.1057     0.4361  1.4812271  16.121823    16.1781    38.2132    28.1799     4.7221    205.108 0.0000e+00
      2.180      1.479    16.1809   4.767357     3.1061     0.4353  1.4808201  16.128615    16.1805    38.2128    28.1791     4.7254    205.254 0.0000e+00
      1.815      2.479    16.1827   4.767492     3.1069     0.4276  1.4809728  16.137444    16.1824    38.2124    28.1783     4.7225    205.126 0.0000e+00
      1.442      3.479    16.1804   4.767287     3.1055     0.4129  1.4808201  16.136765    16.1802    38.2129    28.1792     4.7206    205.042 0.0000e+00
      1.923      4.479    16.1807   4.767345     3.1064     0.4084  1.4810745  16.144915    16.1804    38.2130    28.1792     4.7242    205.202 0.0000e+00
      2.496      5.479    16.1851   4.767804     3.1059     0.4205  1.4808710  16.148311    16.1846    38.2127    28.1780     4.7179    204.926 0.0000e+00
      2.388      6.479    16.1805   4.767336     3.1038     0.4231  1.4811254  16.140840    16.1801    38.2128    28.1792     4.7169    204.885 0.0000e+00
      2.234      7.479    16.1809   4.767379     3.1045     0.4353  1.4810745  16.138803    16.1805    38.2130    28.1792     4.7221    205.110 0.0000e+00
      2.800      8.479    16.1800   4.767255     3.1058     0.4404  1.4808201  16.146273    16.1795    38.2125    28.1790     4.7266    205.302 0.0000e+00
      3.920      9.479    16.1431   4.763472     3.1069     0.4236  1.4810745  16.149669    16.1425    38.2134    28.1885     4.7250    205.235 0.0000e+00
      4.634     10.479    16.1373   4.763209     3.1027     0.4259  1.4808201  16.147632    16.1365    38.2164    28.1922     4.7125    204.689 0.0000e+00
      5.011     11.479    16.1603   4.765381     3.1013     0.4333  1.4810745  16.144236    16.1595    38.2136    28.1847     4.7168    204.876 0.0000e+00
      5.686     12.479    16.1270   4.761971     3.1011     0.4471  1.4816341  16.140161    16.1261    38.2147    28.1933     4.7155    204.822 0.0000e+00
      6.526     13.479    16.1022   4.759501     3.0985     0.4412  1.4816341  16.105522    16.1011    38.2160    28.2003     4.7129    204.707 0.0000e+00
      7.211     14.479    16.0898   4.758345     3.0972     0.4306  1.4813289  16.098050    16.0886    38.2172    28.2041     4.7141    204.756 0.0000e+00
      7.759     15.479    16.0826   4.757676     3.0963     0.4331  1.4813797  16.088541    16.0814    38.2178    28.2063     4.7137    204.738 0.0000e+00
      8.359     16.479    16.0750   4.756848     3.0951     0.4432  1.4817867  16.069523    16.0737    38.2175    28.2078     4.7115    204.643 0.0000e+00
      9.183     17.479    16.0386   4.752988     3.0944     0.4464  1.4820920  16.063409    16.0371    38.2175    28.2164     4.7184    204.942 0.0000e+00
     10.092     18.479    16.0107   4.750181     3.0952     0.4389  1.4820920  16.032842    16.0091    38.2186    28.2239     4.7216    205.080 0.0000e+00
     10.884     19.479    15.9911   4.748283     3.0940     0.4269  1.4815832  16.018577    15.9893    38.2201    28.2296     4.7186    204.948 0.0000e+00
     11.267     20.479    15.9881   4.748101     3.0931     0.4282  1.4812271  16.015180    15.9863    38.2211    28.2312     4.7205    205.031 0.0000e+00
     11.647     21.479    15.9833   4.747514     3.0938     0.4238  1.4801079  16.051182    15.9814    38.2204    28.2317     4.7267    205.297 0.0000e+00
     12.390     22.479    15.9451   4.743443     3.0957     0.4199  1.4812271  16.039634    15.9431    38.2201    28.2405     4.7344    205.631 0.0000e+00
     13.269     23.479    15.9236   4.741276     3.0967     0.4120  1.4830077  15.948605    15.9215    38.2209    28.2461     4.7370    205.743 0.0000e+00
     14.192     24.479    15.8853   4.737344     3.0971     0.4217  1.4826516  15.912598    15.8831    38.2219    28.2559     4.7405    205.895 0.0000e+00
     14.816     25.479    15.8593   4.734878     3.0967     0.4339  1.4818376  15.910560    15.8569    38.2245    28.2640     4.7396    205.853 0.0000e+00
     15.103     26.479    15.8814   4.736779     3.0962     0.4325  1.4803114  15.951323    15.8790    38.2202    28.2556     4.7421    205.963 0.0000e+00
     15.809     27.479    15.8386   4.732674     3.0986     0.4265  1.4813289  15.946567    15.8361    38.2241    28.2686     4.7557    206.552 0.0000e+00
     16.907     28.479    15.8013   4.729059     3.1016     0.4248  1.4826516  15.873870    15.7986    38.2270    28.2795     4.7614    206.797 0.0000e+00
     17.580     29.479    15.7869   4.727713     3.0996     0.4229  1.4826516  15.833102    15.7841    38.2284    28.2840     4.7422    205.960 0.0000e+00
     17.834     30.479    15.8158   4.730899     3.0931     0.4089  1.4811762  15.882703    15.8130    38.2292    28.2779     4.7335    205.586 0.0000e+00
     18.391     31.479    15.7522   4.723710     3.0946     0.4163  1.4809219  15.905124    15.7492    38.2254    28.2897     4.7623    206.831 0.0000e+00
     19.378     32.479    15.5641   4.705657     3.1008     0.4379  1.4837709  15.819510    15.5610    38.2433    28.3471     4.7920    208.111 0.0000e+00
     20.185     33.479    15.4797   4.697690     3.1025     0.4747  1.4844831  15.695829    15.4765    38.2523    28.3736     4.7940    208.195 0.0000e+00
     20.700     34.479    15.4088   4.690657     3.1036     0.4883  1.4838217  15.642813    15.4055    38.2569    28.3933     4.8135    209.034 0.0000e+00
     21.330     35.479    15.2095   4.670359     3.1119     0.4904  1.4846358  15.599309    15.2062    38.2650    28.4451     4.8662    211.315 0.0000e+00
     22.111     36.479    14.9149   4.642146     3.1210     0.5291  1.4877900  15.325279    14.9115    38.2934    28.5338     4.8971    212.635 0.0000e+00
     22.659     37.479    14.5964   4.612081     3.1231     0.6066  1.4844831  15.255222    14.5930    38.3281    28.6318     4.9316    214.114 0.0000e+00
     23.118     38.479    14.4496   4.596111     3.1278     0.6334  1.4813797  15.255222    14.4461    38.3241    28.6611     4.9536    215.063 0.0000e+00
     24.036     39.479    14.1093   4.565016     3.1299     0.6921  1.4879935  14.983636    14.1057    38.3702    28.7715     4.9893    216.588 0.0000e+00
     25.014     40.479    13.9817   4.553066     3.1292     0.8503  1.4952178  14.423693    13.9780    38.3844    28.8103     4.9775    216.069 0.0000e+00
     25.432     41.479    14.0103   4.557611     3.1194     0.9560  1.4906899  14.401178    14.0066    38.3985    28.8150     4.9424    214.545 0.0000e+00
     25.748     42.479    14.1189   4.565085     3.1091     0.8567  1.4772589  14.876125    14.1151    38.3605    28.7619     4.9107    213.181 0.0000e+00
     26.641     43.479    13.8964   4.545188     3.0992     0.8751  1.4841779  14.761008    13.8925    38.3945    28.8365     4.9161    213.400 0.0000e+00
     27.663     44.479    13.8672   4.542514     3.0904     1.2212  1.4992877  14.171996    13.8631    38.3980    28.8456     4.9030    212.829 0.0000e+00
     27.942     45.479    13.8894   4.544756     3.0817     1.2454  1.4963879  14.280459    13.8853    38.3968    28.8399     4.8825    211.941 0.0000e+00
     27.988     46.479    13.8592   4.541965     3.0719     1.1414  1.4923688  14.431888    13.8551    38.4006    28.8494     4.8594    210.936 0.0000e+00
     28.933     47.479    13.8419   4.540237     3.0602     1.1720  1.4949125  14.285228    13.8376    38.4011    28.8535     4.8389    210.046 0.0000e+00
     30.308     48.479    13.8101   4.537632     3.0514     1.4058  1.5052401  13.953539    13.8057    38.4077    28.8655     4.8352    209.883 0.0000e+00
     30.750     49.479    13.8219   4.538988     3.0450     1.7039  1.5080891  14.012943    13.8174    38.4085    28.8636     4.8162    209.059 0.0000e+00
     30.750     50.479    13.8321   4.539952     3.0333     1.6158  1.5048331  14.164494    13.8276    38.4074    28.8606     4.7756    207.297 0.0000e+00
     31.310     51.479    13.8018   4.537512     3.0172     1.4846  1.5030016  14.191787    13.7972    38.4145    28.8726     4.7316    205.382 0.0000e+00
     32.353     52.479    13.7862   4.536570     2.9960     1.5682  1.5109381  13.945341    13.7814    38.4207    28.8808     4.6759    202.963 0.0000e+00
     33.308     53.479    13.7581   4.534351     2.9712     1.6593  1.5184168  13.868838    13.7533    38.4274    28.8920     4.6241    200.713 0.0000e+00
     33.904     54.479    13.7404   4.533063     2.9477     1.5777  1.5268620  13.846292    13.7354    38.4327    28.8999     4.5848    199.007 0.0000e+00
     34.286     55.479    13.7262   4.531788     2.9259     1.6399  1.5322039  13.881817    13.7212    38.4346    28.9045     4.5401    197.066 0.0000e+00
     34.982     56.479    13.7226   4.531977     2.9021     1.7226  1.5353073  13.876350    13.7175    38.4397    28.9093     4.4893    194.858 0.0000e+00
     35.822     57.479    13.7078   4.530547     2.8797     1.9003  1.5433964  13.799827    13.7026    38.4406    28.9132     4.4548    193.360 0.0000e+00
     36.390     58.479    13.6929   4.528804     2.8610     1.8233  1.5525539  13.781376    13.6876    38.4388    28.9149     4.4273    192.166 0.0000e+00
     37.159     59.479    13.6489   4.523546     2.8449     1.6577  1.5613045  13.784793    13.6434    38.4327    28.9196     4.4094    191.389 0.0000e+00
     38.112     60.479    13.6106   4.519438     2.8332     1.6554  1.5718356  13.727379    13.6051    38.4316    28.9270     4.4014    191.041 0.0000e+00
     38.452     61.479    13.6202   4.520747     2.8238     1.6912  1.5817562  13.720543    13.6146    38.4343    28.9270     4.3808    190.148 0.0000e+00
     38.678     62.479    13.6135   4.519887     2.8126     1.6825  1.5836386  13.776592    13.6079    38.4327    28.9272     4.3557    189.057 0.0000e+00
     39.676     63.479    13.5822   4.516085     2.8018     1.6800  1.5850631  13.713706    13.5765    38.4275    28.9299     4.3428    188.495 0.0000e+00
     40.934     64.479    13.5510   4.512786     2.7942     1.6167  1.5936101  13.641235    13.5450    38.4269    28.9361     4.3424    188.476 0.0000e+00
     41.495     65.479    13.5498   4.513188     2.7901     1.6036  1.6010887  13.633029    13.5438    38.4316    28.9401     4.3350    188.155 0.0000e+00
     41.691     66.479    13.5853   4.516523     2.7826     1.6883  1.6020045  13.693883    13.5792    38.4276    28.9294     4.3026    186.751 0.0000e+00
     42.125     67.479    13.5384   4.511691     2.7711     1.7278  1.6012414  13.689097    13.5323    38.4286    28.9402     4.2763    185.608 0.0000e+00
     42.921     68.479    13.5255   4.510595     2.7588     1.7785  1.6026150  13.658328    13.5192    38.4308    28.9446     4.2548    184.672 0.0000e+00
     43.798     69.479    13.5155   4.509859     2.7487     1.5833  1.6077534  13.592680    13.5091    38.4334    28.9488     4.2414    184.090 0.0000e+00
     44.532     70.479    13.5093   4.509492     2.7400     1.3702  1.6135022  13.574897    13.5029    38.4357    28.9520     4.2271    183.469 0.0000e+00
     45.230     71.479    13.5063   4.509367     2.7314     1.2383  1.6198616  13.568057    13.4998    38.4373    28.9538     4.2087    182.670 0.0000e+00
     45.819     72.479    13.5038   4.509347     2.7229     1.1279  1.6247965  13.571477    13.4971    38.4394    28.9560     4.1973    182.177 0.0000e+00
     46.328     73.479    13.5030   4.509335     2.7172     1.0260  1.6275946  13.615933    13.4963    38.4399    28.9565     4.1910    181.902 0.0000e+00
     47.157     74.479    13.4995   4.509118     2.7121     0.9338  1.6304436  13.566004    13.4927    38.4409    28.9581     4.1859    181.680 0.0000e+00
     48.127     75.479    13.4968   4.509001     2.7096     0.8232  1.6347171  13.537959    13.4898    38.4421    28.9596     4.1865    181.708 0.0000e+00
     48.753     76.479    13.4960   4.508977     2.7072     0.7764  1.6382783  13.533854    13.4889    38.4424    28.9601     4.1799    181.420 0.0000e+00
     48.962     77.479    13.4967   4.509101     2.7036     0.8075  1.6405169  13.548220    13.4896    38.4427    28.9602     4.1707    181.021 0.0000e+00
     49.350     78.479    13.4953   4.509028     2.7005     0.8634  1.6402625  13.556428    13.4881    38.4433    28.9610     4.1657    180.803 0.0000e+00
     50.302     79.479    13.4917   4.508849     2.6973     0.7676  1.6406695  13.530433    13.4844    38.4448    28.9629     4.1620    180.643 0.0000e+00
     51.408     80.479    13.4891   4.508814     2.6957     0.6282  1.6427045  13.516751    13.4817    38.4465    28.9648     4.1611    180.602 0.0000e+00
     52.029     81.479    13.4873   4.508828     2.6931     0.5650  1.6444342  13.522908    13.4798    38.4482    28.9665     4.1514    180.184 0.0000e+00
     52.416     82.479    13.4884   4.508878     2.6889     0.5835  1.6455026  13.540011    13.4808    38.4474    28.9657     4.1409    179.728 0.0000e+00
     53.011     83.479    13.4884   4.509222     2.6850     0.5845  1.6452482  13.541379    13.4807    38.4504    28.9681     4.1337    179.413 0.0000e+00
     53.813     84.479    13.4869   4.509315     2.6808     0.5233  1.6458587  13.516751    13.4791    38.4524    28.9699     4.1209    178.859 0.0000e+00
     54.597     85.479    13.4898   4.509933     2.6746     0.4296  1.6479955  13.511962    13.4819    38.4551    28.9714     4.1082    178.307 0.0000e+00
     55.350     86.479    13.4931   4.510506     2.6708     0.3935  1.6496235  13.514698    13.4850    38.4569    28.9722     4.1069    178.250 0.0000e+00
     55.996     87.479    13.4857   4.509799     2.6674     0.3688  1.6508446  13.516751    13.4776    38.4573    28.9740     4.1005    177.970 0.0000e+00
     56.549     88.479    13.4867   4.510095     2.6643     0.3627  1.6523708  13.524276    13.4785    38.4589    28.9751     4.0953    177.745 0.0000e+00
     57.193     89.479    13.4875   4.510333     2.6609     0.3448  1.6545076  13.522908    13.4792    38.4601    28.9758     4.0844    177.272 0.0000e+00
     57.880     90.479    13.4898   4.510757     2.6557     0.3293  1.6559321  13.516751    13.4815    38.4614    28.9764     4.0730    176.778 0.0000e+00
     58.597     91.479    13.4928   4.511302     2.6515     0.3210  1.6573057  13.515383    13.4843    38.4633    28.9773     4.0631    176.350 0.0000e+00
     59.457     92.479    13.4955   4.511783     2.6460     0.3085  1.6590863  13.503067    13.4868    38.4648    28.9779     4.0532    175.920 0.0000e+00
     60.060     93.479    13.4988   4.512319     2.6425     0.2920  1.6609178  13.516067    13.4901    38.4663    28.9784     4.0488    175.729 0.0000e+00
     60.507     94.479    13.5005   4.512608     2.6380     0.2907  1.6618336  13.515383    13.4917    38.4672    28.9787     4.0342    175.091 0.0000e+00
     61.162     95.479    13.5059   4.513528     2.6317     0.2948  1.6632072  13.517435    13.4970    38.4703    28.9800     4.0135    174.193 0.0000e+00
     61.854     96.479    13.5157   4.515094     2.6222     0.2948  1.6642247  13.515382    13.5068    38.4750    28.9815     3.9846    172.941 0.0000e+00
     62.658     97.479    13.5358   4.518171     2.6113     0.2835  1.6660053  13.514698    13.5267    38.4838    28.9842     3.9629    172.000 0.0000e+00
     63.500     98.479    13.5461   4.519623     2.6028     0.2594  1.6690578  13.522908    13.5368    38.4869    28.9844     3.9525    171.545 0.0000e+00
     64.106     99.479    13.5493   4.520142     2.5964     0.2650  1.6732804  13.542063    13.5400    38.4883    28.9848     3.9422    171.101 0.0000e+00
     64.625    100.479    13.5513   4.520482     2.5896     0.2801  1.6760786  13.555744    13.5419    38.4893    28.9852     3.9255    170.375 0.0000e+00
     65.431    101.479    13.5572   4.521459     2.5819     0.2856  1.6791311  13.551640    13.5477    38.4923    28.9863     3.9092    169.667 0.0000e+00
     66.351    102.479    13.5627   4.522415     2.5752     0.2801  1.6833028  13.553692    13.5530    38.4955    28.9876     3.9005    169.291 0.0000e+00
