Boussole/Data/SBEMOOSE/Work/cnv/bous228_01.cnv
* Sea-Bird SBE 9 Data File:
* FileName = C:\boussole\202103\bous228_01.hdr
* Software Version Seasave V 7.23.2
* Temperature SN = 2473
* Conductivity SN = 2929
* Number of Bytes Per Scan = 37
* Number of Voltage Words = 4
* Number of Scans Averaged by the Deck Unit = 1
* NMEA Latitude = 43 22.22 N
* NMEA Longitude = 007 53.75 E
* NMEA UTC (Time) = Mar 03 2021  10:55:29
* NMEA baud rate = 4800
** Navire
** Station:
** Date
** Heure debut [TU]
** Heure fin [TU]
** Heure locale / TU = +0
** Latitude
** Longitude
** Heure meteo [TU]
** T air sec [deg C]
** T mer [deg C]
** Vent [noeuds, degres]
# nquan = 14
# nvalues = 533                         
# units = specified
# name 0 = prDM: Pressure, Digiquartz [db]
# name 1 = timeS: Time, Elapsed [seconds]
# name 2 = t090C: Temperature [ITS-90, deg C]
# name 3 = c0S/m: Conductivity [S/m]
# name 4 = sbeox0V: Oxygen raw, SBE 43 [V]
# name 5 = flC: Fluorescence, Chelsea Aqua 3 Chl Con [ug/l]
# name 6 = upoly0: Upoly 0, RINKOIII_DO
# name 7 = upoly1: Upoly 1, RINKOIII_Temp
# name 8 = potemp090C: Potential Temperature [ITS-90, deg C]
# name 9 = sal00: Salinity, Practical [PSU]
# name 10 = sigma-é00: Density [sigma-theta, kg/m^3]
# name 11 = sbeox0ML/L: Oxygen, SBE 43 [ml/l], WS = 2
# name 12 = sbox0Mm/Kg: Oxygen, SBE 43 [umol/kg], WS = 2
# name 13 = flag: flag
# span 0 =      0.875,     50.450       
# span 1 =      0.479,    532.438       
# span 2 =    13.3966,    13.6044       
# span 3 =   4.489958,   4.510629       
# span 4 =     2.9319,     3.0150       
# span 5 =     0.8319,     2.2813       
# span 6 =  1.5258445,  1.5482295       
# span 7 =  13.377824,  13.505804       
# span 8 =    13.3922,    13.6040       
# span 9 =    38.3646,    38.4018       
# span 10 =    28.8779,    28.9457      
# span 11 =     4.6601,     4.8053      
# span 12 =    202.265,    208.575      
# span 13 = 0.0000e+00, 0.0000e+00      
# interval = seconds: 1                 
# start_time = Mar 03 2021 10:55:29 [NMEA time, header]
# bad_flag = -9.990e-29
*END*
      2.429      0.479    13.5149   4.500779     3.0113     0.8760  1.5258954  13.500330    13.5145    38.3661    28.8954     4.7891    207.875 0.0000e+00
      2.707      1.479    13.5089   4.500145     3.0125     0.8949  1.5262006  13.501014    13.5085    38.3659    28.8966     4.7966    208.202 0.0000e+00
      2.709      2.479    13.5100   4.500272     3.0140     0.8774  1.5263024  13.499646    13.5096    38.3660    28.8965     4.8009    208.386 0.0000e+00
      2.410      3.479    13.5170   4.501015     3.0150     0.8634  1.5262006  13.500330    13.5167    38.3662    28.8951     4.7913    207.969 0.0000e+00
      2.432      4.479    13.5155   4.500831     3.0114     0.8487  1.5259971  13.501014    13.5152    38.3659    28.8952     4.7830    207.609 0.0000e+00
      2.691      5.479    13.5095   4.500184     3.0112     0.8795  1.5260480  13.498962    13.5091    38.3657    28.8963     4.7892    207.879 0.0000e+00
      2.647      6.479    13.5109   4.500339     3.0107     0.9424  1.5258445  13.499646    13.5105    38.3658    28.8961     4.7888    207.860 0.0000e+00
      2.495      7.479    13.5119   4.500510     3.0117     0.8865  1.5262006  13.501014    13.5115    38.3664    28.8964     4.7918    207.990 0.0000e+00
      2.510      8.479    13.5187   4.501119     3.0108     0.8731  1.5263533  13.500330    13.5183    38.3654    28.8941     4.7814    207.541 0.0000e+00
      2.635      9.479    13.5103   4.500262     3.0088     0.8819  1.5262515  13.500330    13.5099    38.3656    28.8961     4.7828    207.601 0.0000e+00
      2.693     10.479    13.5096   4.500176     3.0087     0.8544  1.5265059  13.498277    13.5092    38.3655    28.8962     4.7862    207.751 0.0000e+00
      2.478     11.479    13.5103   4.500292     3.0102     0.8453  1.5259971  13.496909    13.5099    38.3660    28.8964     4.7919    207.997 0.0000e+00
      2.377     12.479    13.5126   4.500487     3.0116     0.8540  1.5259463  13.500330    13.5123    38.3656    28.8956     4.7886    207.852 0.0000e+00
      2.652     13.479    13.5087   4.500092     3.0087     0.8520  1.5262006  13.500330    13.5083    38.3656    28.8964     4.7794    207.452 0.0000e+00
      2.804     14.479    13.5058   4.499869     3.0089     0.8768  1.5262006  13.498277    13.5054    38.3663    28.8976     4.7878    207.817 0.0000e+00
      2.547     15.479    13.5092   4.500198     3.0099     0.8796  1.5260480  13.498962    13.5088    38.3662    28.8968     4.7894    207.887 0.0000e+00
      2.353     16.479    13.5136   4.500613     3.0101     0.8720  1.5261498  13.500330    13.5133    38.3658    28.8955     4.7849    207.694 0.0000e+00
      2.564     17.479    13.5096   4.500190     3.0094     0.8400  1.5260480  13.500330    13.5093    38.3656    28.8962     4.7883    207.838 0.0000e+00
      2.736     18.479    13.5067   4.499948     3.0112     0.8319  1.5263024  13.498962    13.5063    38.3662    28.8973     4.7946    208.113 0.0000e+00
      2.602     19.479    13.5068   4.499934     3.0126     0.8527  1.5263533  13.501014    13.5064    38.3660    28.8971     4.7958    208.166 0.0000e+00
      2.481     20.479    13.5158   4.500913     3.0128     0.8656  1.5263024  13.500330    13.5154    38.3664    28.8955     4.7917    207.987 0.0000e+00
      2.443     21.479    13.5144   4.500704     3.0126     0.8801  1.5263533  13.501014    13.5140    38.3658    28.8954     4.7909    207.954 0.0000e+00
      2.635     22.479    13.5132   4.500603     3.0123     0.8596  1.5262515  13.501014    13.5128    38.3660    28.8958     4.7928    208.036 0.0000e+00
      2.756     23.479    13.5093   4.500246     3.0130     0.8608  1.5264550  13.499646    13.5089    38.3664    28.8969     4.7956    208.156 0.0000e+00
      2.526     24.479    13.5132   4.500663     3.0141     0.8857  1.5265059  13.501698    13.5128    38.3666    28.8963     4.7964    208.190 0.0000e+00
      2.394     25.479    13.5183   4.501080     3.0132     0.8769  1.5263024  13.505804    13.5179    38.3656    28.8944     4.7832    207.619 0.0000e+00
      2.682     26.479    13.5116   4.500431     3.0082     0.8623  1.5263533  13.501698    13.5112    38.3659    28.8960     4.7728    207.168 0.0000e+00
      3.056     27.479    13.5042   4.499699     3.0072     0.8683  1.5264041  13.501014    13.5038    38.3662    28.8979     4.7833    207.620 0.0000e+00
      3.132     28.479    13.5064   4.499922     3.0084     0.8644  1.5262515  13.498961    13.5060    38.3660    28.8973     4.7861    207.744 0.0000e+00
      3.117     29.479    13.5027   4.499536     3.0078     0.8877  1.5263533  13.500330    13.5022    38.3661    28.8981     4.7825    207.586 0.0000e+00
      3.534     30.479    13.5035   4.499659     3.0078     0.8816  1.5263533  13.501014    13.5030    38.3663    28.8981     4.7826    207.590 0.0000e+00
      4.196     31.479    13.4871   4.497890     3.0072     0.8719  1.5267094  13.486645    13.4865    38.3656    28.9011     4.7836    207.634 0.0000e+00
      4.665     32.479    13.4824   4.497606     3.0072     0.8812  1.5265059  13.483908    13.4817    38.3674    28.9034     4.7861    207.742 0.0000e+00
      5.019     33.479    13.4866   4.497961     3.0076     0.9092  1.5265568  13.483908    13.4859    38.3664    28.9018     4.7883    207.836 0.0000e+00
      5.541     34.479    13.4665   4.495757     3.0086     0.9223  1.5269638  13.468170    13.4657    38.3653    28.9052     4.7948    208.122 0.0000e+00
      6.213     35.479    13.4433   4.493358     3.0102     0.9725  1.5273708  13.444903    13.4424    38.3655    28.9103     4.7993    208.316 0.0000e+00
      6.810     36.479    13.4354   4.492598     3.0110     1.0258  1.5279304  13.430530    13.4344    38.3659    28.9124     4.8053    208.575 0.0000e+00
      7.356     37.479    13.4325   4.492313     3.0136     1.0695  1.5275743  13.419579    13.4315    38.3658    28.9129     4.8044    208.536 0.0000e+00
      7.967     38.479    13.4264   4.491760     3.0102     1.1369  1.5273708  13.417526    13.4253    38.3664    28.9146     4.7884    207.841 0.0000e+00
      8.608     39.479    13.4238   4.491549     3.0078     1.2574  1.5274216  13.412734    13.4225    38.3667    28.9155     4.7913    207.965 0.0000e+00
      9.158     40.479    13.4217   4.491388     3.0072     1.3361  1.5272181  13.412734    13.4204    38.3670    28.9161     4.7925    208.018 0.0000e+00
      9.552     41.479    13.4234   4.491559     3.0068     1.3417  1.5269638  13.408628    13.4220    38.3667    28.9156     4.7930    208.041 0.0000e+00
     10.039     42.479    13.4222   4.491474     3.0069     1.3653  1.5271673  13.405890    13.4207    38.3670    28.9160     4.7925    208.017 0.0000e+00
     10.821     43.479    13.4148   4.490782     3.0057     1.4265  1.5273199  13.401098    13.4132    38.3674    28.9180     4.7889    207.861 0.0000e+00
     11.616     44.479    13.4127   4.490599     3.0047     1.5418  1.5276760  13.401783    13.4111    38.3674    28.9184     4.7879    207.820 0.0000e+00
     12.104     45.479    13.4150   4.490868     3.0030     1.5956  1.5282865  13.402467    13.4133    38.3674    28.9180     4.7813    207.530 0.0000e+00
     12.480     46.479    13.4138   4.490754     3.0004     1.5612  1.5282356  13.402467    13.4120    38.3674    28.9182     4.7761    207.306 0.0000e+00
     13.006     47.479    13.4109   4.490492     2.9992     1.6266  1.5286426  13.401783    13.4090    38.3676    28.9190     4.7805    207.495 0.0000e+00
     13.652     48.479    13.4082   4.490268     2.9998     1.8356  1.5286426  13.396307    13.4063    38.3678    28.9198     4.7846    207.675 0.0000e+00
     14.290     49.479    13.4076   4.490241     2.9997     2.0775  1.5292022  13.397676    13.4055    38.3679    28.9200     4.7804    207.491 0.0000e+00
     14.945     50.479    13.4067   4.490205     2.9984     2.2813  1.5300163  13.393569    13.4046    38.3681    28.9203     4.7762    207.309 0.0000e+00
     15.603     51.479    13.4060   4.490174     2.9961     2.0072  1.5298127  13.393569    13.4038    38.3682    28.9206     4.7686    206.978 0.0000e+00
     16.107     52.479    13.4064   4.490242     2.9935     1.8869  1.5302706  13.389461    13.4041    38.3683    28.9206     4.7660    206.867 0.0000e+00
     16.475     53.479    13.4070   4.490322     2.9928     1.8728  1.5306776  13.393569    13.4046    38.3683    28.9204     4.7713    207.098 0.0000e+00
     16.958     54.479    13.4061   4.490255     2.9938     1.9630  1.5305250  13.394938    13.4037    38.3683    28.9207     4.7760    207.300 0.0000e+00
     17.697     55.479    13.4049   4.490237     2.9945     1.9752  1.5310846  13.392884    13.4024    38.3690    28.9215     4.7752    207.265 0.0000e+00
     18.440     56.479    13.4048   4.490297     2.9940     1.9455  1.5313390  13.390830    13.4022    38.3693    28.9218     4.7722    207.135 0.0000e+00
     18.954     57.479    13.4050   4.490346     2.9932     1.8730  1.5314407  13.389461    13.4023    38.3693    28.9218     4.7686    206.981 0.0000e+00
     19.370     58.479    13.4052   4.490364     2.9913     1.8453  1.5311864  13.389461    13.4024    38.3692    28.9216     4.7651    206.827 0.0000e+00
     19.864     59.479    13.4046   4.490358     2.9915     1.8330  1.5311355  13.390146    13.4017    38.3695    28.9220     4.7739    207.208 0.0000e+00
     20.428     60.479    13.4041   4.490374     2.9923     1.9342  1.5315425  13.388092    13.4011    38.3699    28.9225     4.7675    206.930 0.0000e+00
     21.063     61.479    13.4039   4.490411     2.9894     2.0233  1.5317969  13.386723    13.4008    38.3702    28.9228     4.7594    206.580 0.0000e+00
     21.657     62.479    13.4038   4.490451     2.9880     1.9672  1.5317460  13.386723    13.4007    38.3703    28.9229     4.7626    206.719 0.0000e+00
     22.142     63.479    13.4037   4.490457     2.9877     1.8847  1.5324074  13.388777    13.4005    38.3703    28.9229     4.7592    206.572 0.0000e+00
     22.730     64.479    13.4033   4.490498     2.9860     1.8242  1.5322039  13.388777    13.4000    38.3708    28.9234     4.7585    206.539 0.0000e+00
     23.407     65.479    13.4030   4.490521     2.9861     1.8658  1.5326617  13.386723    13.3997    38.3710    28.9236     4.7606    206.633 0.0000e+00
     23.860     66.479    13.4028   4.490538     2.9854     1.8657  1.5325600  13.386039    13.3994    38.3712    28.9238     4.7555    206.412 0.0000e+00
     24.181     67.479    13.4029   4.490561     2.9838     1.7957  1.5330179  13.388777    13.3994    38.3712    28.9238     4.7529    206.295 0.0000e+00
     24.639     68.479    13.4021   4.490530     2.9827     1.7746  1.5329670  13.386039    13.3986    38.3714    28.9242     4.7530    206.303 0.0000e+00
     25.242     69.479    13.4001   4.490419     2.9829     1.8294  1.5333740  13.386039    13.3965    38.3722    28.9252     4.7550    206.389 0.0000e+00
     26.002     70.479    13.3987   4.490380     2.9821     1.8398  1.5337301  13.383300    13.3950    38.3728    28.9260     4.7536    206.326 0.0000e+00
     26.700     71.479    13.3985   4.490406     2.9824     1.7698  1.5340354  13.385354    13.3947    38.3730    28.9262     4.7578    206.511 0.0000e+00
     26.937     72.479    13.3994   4.490495     2.9827     1.7530  1.5344424  13.385354    13.3955    38.3728    28.9259     4.7555    206.410 0.0000e+00
     27.217     73.479    13.3992   4.490495     2.9819     1.7520  1.5342898  13.386723    13.3953    38.3728    28.9260     4.7520    206.260 0.0000e+00
     27.867     74.479    13.3983   4.490509     2.9836     1.7830  1.5344933  13.383985    13.3943    38.3736    28.9268     4.7710    207.081 0.0000e+00
     28.406     75.479    13.3968   4.490499     2.9842     1.7202  1.5346459  13.382616    13.3927    38.3748    28.9280     4.7475    206.060 0.0000e+00
     28.789     76.479    13.3973   4.490538     2.9796     1.7305  1.5346459  13.385354    13.3931    38.3745    28.9277     4.7475    206.061 0.0000e+00
     29.530     77.479    13.3967   4.490640     2.9803     1.7653  1.5344424  13.380562    13.3925    38.3757    28.9288     4.7586    206.543 0.0000e+00
     30.368     78.479    13.3966   4.490732     2.9835     1.7558  1.5344424  13.378509    13.3922    38.3763    28.9293     4.7683    206.967 0.0000e+00
     30.628     79.479    13.3968   4.490683     2.9833     1.7933  1.5343406  13.383985    13.3924    38.3755    28.9287     4.7557    206.418 0.0000e+00
     30.847     80.479    13.3977   4.490815     2.9827     1.8381  1.5343915  13.384669    13.3933    38.3757    28.9286     4.7598    206.598 0.0000e+00
     31.530     81.479    13.3971   4.490934     2.9833     1.8639  1.5342898  13.380562    13.3925    38.3773    28.9300     4.7601    206.609 0.0000e+00
     32.118     82.479    13.3969   4.491080     2.9823     1.8962  1.5342898  13.381931    13.3923    38.3785    28.9310     4.7570    206.475 0.0000e+00
     32.545     83.479    13.3972   4.491126     2.9822     1.8153  1.5340354  13.382616    13.3925    38.3785    28.9310     4.7588    206.551 0.0000e+00
     33.229     84.479    13.3974   4.491389     2.9823     1.8255  1.5343406  13.379193    13.3927    38.3805    28.9324     4.7603    206.617 0.0000e+00
     34.012     85.479    13.3979   4.491622     2.9829     1.8332  1.5341371  13.379878    13.3930    38.3819    28.9335     4.7630    206.736 0.0000e+00
     34.371     86.479    13.3980   4.491661     2.9836     1.7854  1.5340863  13.383300    13.3931    38.3820    28.9335     4.7624    206.706 0.0000e+00
     34.607     87.479    13.3983   4.491689     2.9823     1.7990  1.5342389  13.384669    13.3933    38.3818    28.9333     4.7546    206.372 0.0000e+00
     35.178     88.479    13.3986   4.491876     2.9805     1.8133  1.5343915  13.381931    13.3936    38.3830    28.9342     4.7512    206.223 0.0000e+00
     35.930     89.479    13.3993   4.492235     2.9789     1.8297  1.5340863  13.383300    13.3942    38.3854    28.9360     4.7495    206.147 0.0000e+00
     36.457     90.479    13.3998   4.492338     2.9778     1.8411  1.5344933  13.383300    13.3946    38.3857    28.9361     4.7488    206.116 0.0000e+00
     36.864     91.479    13.4003   4.492460     2.9770     1.7423  1.5344933  13.384669    13.3950    38.3862    28.9364     4.7466    206.020 0.0000e+00
     37.387     92.479    13.4014   4.492750     2.9751     1.8762  1.5344424  13.386039    13.3960    38.3876    28.9373     4.7373    205.619 0.0000e+00
     37.972     93.479    13.4019   4.492910     2.9722     1.8499  1.5351546  13.384669    13.3964    38.3884    28.9378     4.7397    205.721 0.0000e+00
     38.133     94.479    13.4018   4.492783     2.9743     1.7116  1.5349511  13.385354    13.3963    38.3872    28.9369     4.7517    206.243 0.0000e+00
     38.045     95.479    13.4005   4.492303     2.9757     1.7473  1.5354599  13.385354    13.3950    38.3839    28.9347     4.7501    206.176 0.0000e+00
     38.178     96.479    13.4010   4.492524     2.9755     1.7514  1.5355616  13.386039    13.3954    38.3855    28.9358     4.7458    205.985 0.0000e+00
     38.364     97.479    13.4021   4.492847     2.9746     1.7480  1.5353581  13.385354    13.3966    38.3874    28.9370     4.7454    205.970 0.0000e+00
     38.153     98.479    13.4018   4.492809     2.9754     1.7264  1.5358669  13.387408    13.3963    38.3874    28.9371     4.7498    206.160 0.0000e+00
     37.908     99.479    13.4019   4.492810     2.9759     1.6893  1.5356634  13.386723    13.3964    38.3874    28.9370     4.7485    206.104 0.0000e+00
     38.041    100.479    13.4026   4.492996     2.9754     1.7031  1.5361721  13.385354    13.3971    38.3885    28.9377     4.7459    205.993 0.0000e+00
     38.291    101.479    13.4024   4.492939     2.9754     1.6420  1.5363248  13.386723    13.3969    38.3880    28.9374     4.7457    205.982 0.0000e+00
     38.348    102.479    13.4028   4.493051     2.9739     1.6723  1.5364265  13.385354    13.3973    38.3887    28.9378     4.7387    205.678 0.0000e+00
