Boussole/Data/SBEMOOSE/Work/cnv/bous226_02.cnv
* Sea-Bird SBE 9 Data File:
* FileName = C:\boussole\202101\bous226_02.hdr
* Software Version Seasave V 7.23.2
* Temperature SN = 2473
* Conductivity SN = 2929
* Number of Bytes Per Scan = 30
* Number of Voltage Words = 4
* Number of Scans Averaged by the Deck Unit = 1
* NMEA baud rate = 4800
** Navire
** Station:
** Date
** Heure debut [TU]
** Heure fin [TU]
** Heure locale / TU = +0
** Latitude
** Longitude
** Heure meteo [TU]
** T air sec [deg C]
** T mer [deg C]
** Vent [noeuds, degres]
# nquan = 14
# nvalues = 1958                        
# units = specified
# name 0 = prDM: Pressure, Digiquartz [db]
# name 1 = timeS: Time, Elapsed [seconds]
# name 2 = t090C: Temperature [ITS-90, deg C]
# name 3 = c0S/m: Conductivity [S/m]
# name 4 = sbeox0V: Oxygen raw, SBE 43 [V]
# name 5 = flC: Fluorescence, Chelsea Aqua 3 Chl Con [ug/l]
# name 6 = upoly0: Upoly 0, RINKOIII_DO
# name 7 = upoly1: Upoly 1, RINKOIII_Temp
# name 8 = potemp090C: Potential Temperature [ITS-90, deg C]
# name 9 = sal00: Salinity, Practical [PSU]
# name 10 = sigma-é00: Density [sigma-theta, kg/m^3]
# name 11 = sbeox0ML/L: Oxygen, SBE 43 [ml/l], WS = 2
# name 12 = sbox0Mm/Kg: Oxygen, SBE 43 [umol/kg], WS = 2
# name 13 = flag: flag
# span 0 =      0.073,    503.529       
# span 1 =      0.479,   1957.042       
# span 2 =    13.1736,    14.3357       
# span 3 =   0.967355,   4.611431       
# span 4 =     2.2129,     2.9711       
# span 5 =     0.1038,     0.7626       
# span 6 =  1.5331705,  1.8446784       
# span 7 =  12.854869,  14.312546       
# span 8 =    13.1736,    14.3230       
# span 9 =     7.2224,    38.6745       
# span 10 =     4.9304,    29.0888      
# span 11 =     3.3186,     5.9121      
# span 12 =    144.022,    262.307      
# span 13 = 0.0000e+00, 0.0000e+00      
# interval = seconds: 1                 
# start_time = Jan 18 2021 13:10:08 [System UTC, header]
# bad_flag = -9.990e-29
*END*
[from data line 104]
     57.441    104.479    14.0745   4.567288     2.5993     0.2004  1.6942918  14.041628    14.0660    38.4114    28.8120     3.9199    170.160 0.0000e+00
     57.972    105.479    14.0838   4.568957     2.5975     0.1896  1.6941901  14.042311    14.0752    38.4176    28.8149     3.9120    169.816 0.0000e+00
     58.795    106.479    14.0975   4.571299     2.5947     0.1923  1.7017196  14.062793    14.0887    38.4257    28.8182     3.9057    169.541 0.0000e+00
     59.625    107.479    14.1020   4.572255     2.5931     0.1872  1.6998372  14.072350    14.0931    38.4298    28.8204     3.9037    169.457 0.0000e+00
     60.128    108.479    14.1075   4.573127     2.5910     0.1916  1.6961233  14.074398    14.0986    38.4323    28.8212     3.8983    169.220 0.0000e+00
     60.814    109.479    14.1129   4.574095     2.5890     0.1789  1.6987180  14.075081    14.1038    38.4358    28.8227     3.8954    169.096 0.0000e+00
     61.600    110.479    14.1173   4.574955     2.5876     0.1851  1.6981075  14.082589    14.1081    38.4391    28.8244     3.8929    168.985 0.0000e+00
     62.179    111.479    14.1191   4.575296     2.5862     0.1979  1.6981583  14.089416    14.1098    38.4403    28.8249     3.8939    169.027 0.0000e+00
     62.478    112.479    14.1192   4.575343     2.5867     0.1902  1.6992267  14.088050    14.1099    38.4405    28.8250     3.8951    169.082 0.0000e+00
     62.988    113.479    14.1199   4.575502     2.5854     0.1829  1.6991249  14.089416    14.1105    38.4411    28.8254     3.8890    168.818 0.0000e+00
     64.056    114.479    14.1230   4.576095     2.5846     0.1873  1.6996337  14.093511    14.1135    38.4430    28.8262     3.8898    168.853 0.0000e+00
     64.704    115.479    14.1239   4.576199     2.5837     0.1772  1.7001425  14.094194    14.1143    38.4428    28.8259     3.8877    168.758 0.0000e+00
     64.949    116.479    14.1239   4.576317     2.5826     0.1743  1.7003968  14.091464    14.1142    38.4438    28.8267     3.8825    168.536 0.0000e+00
     65.870    117.479    14.1361   4.578380     2.5802     0.1816  1.6999898  14.103068    14.1262    38.4507    28.8294     3.8779    168.332 0.0000e+00
     66.918    118.479    14.1472   4.580010     2.5798     0.1764  1.7009565  14.115355    14.1372    38.4545    28.8299     3.8790    168.384 0.0000e+00
     66.902    119.479    14.1392   4.578714     2.5780     0.1757  1.7014652  14.107164    14.1292    38.4503    28.8284     3.8721    168.082 0.0000e+00
     67.531    120.479    14.1526   4.581025     2.5761     0.1676  1.7017705  14.110577    14.1425    38.4584    28.8318     3.8669    167.856 0.0000e+00
     68.404    121.479    14.1693   4.583360     2.5735     0.1727  1.7013635  14.137196    14.1591    38.4633    28.8320     3.8578    167.461 0.0000e+00
     68.719    122.479    14.1675   4.583279     2.5697     0.1887  1.7024827  14.129005    14.1572    38.4642    28.8331     3.8462    166.956 0.0000e+00
     69.653    123.479    14.2113   4.590342     2.5647     0.1887  1.7025845  14.156305    14.2009    38.4865    28.8408     3.8335    166.403 0.0000e+00
     70.794    124.479    14.2304   4.593537     2.5618     0.1772  1.7043651  14.198615    14.2198    38.4970    28.8447     3.8330    166.382 0.0000e+00
     71.139    125.479    14.2176   4.591366     2.5603     0.1736  1.7072649  14.186332    14.2069    38.4892    28.8415     3.8317    166.326 0.0000e+00
     71.512    126.479    14.2209   4.592230     2.5582     0.1804  1.7083333  14.174731    14.2101    38.4939    28.8445     3.8247    166.022 0.0000e+00
     72.257    127.479    14.2174   4.592301     2.5552     0.1811  1.7078754  14.191109    14.2065    38.4978    28.8483     3.8190    165.773 0.0000e+00
     72.968    128.479    14.2205   4.592873     2.5529     0.1780  1.7094017  14.189062    14.2095    38.4997    28.8491     3.8155    165.621 0.0000e+00
     73.521    129.479    14.2168   4.592541     2.5504     0.1762  1.7101140  14.189744    14.2057    38.5001    28.8502     3.8120    165.471 0.0000e+00
     74.382    130.479    14.2210   4.593502     2.5491     0.1727  1.7113350  14.189062    14.2098    38.5045    28.8528     3.8123    165.484 0.0000e+00
     75.025    131.479    14.2264   4.594475     2.5483     0.1613  1.7120981  14.189744    14.2152    38.5080    28.8543     3.8096    165.364 0.0000e+00
     75.427    132.479    14.2375   4.596220     2.5468     0.1542  1.7128103  14.190427    14.2261    38.5131    28.8559     3.8044    165.139 0.0000e+00
     76.155    133.479    14.2809   4.602927     2.5448     0.1573  1.7126577  14.206120    14.2694    38.5325    28.8614     3.7951    164.734 0.0000e+00
     76.794    134.479    14.3058   4.606445     2.5423     0.1507  1.7132173  14.232048    14.2942    38.5404    28.8620     3.7885    164.450 0.0000e+00
     77.495    135.479    14.3088   4.606927     2.5409     0.1558  1.7134208  14.257974    14.2972    38.5416    28.8623     3.7896    164.497 0.0000e+00
     78.235    136.479    14.3090   4.606994     2.5404     0.1583  1.7141331  14.272983    14.2972    38.5417    28.8624     3.7894    164.485 0.0000e+00
     78.671    137.479    14.3081   4.606894     2.5393     0.1696  1.7145401  14.270936    14.2963    38.5414    28.8624     3.7855    164.320 0.0000e+00
     79.588    138.479    14.3098   4.607196     2.5382     0.1694  1.7150997  14.278440    14.2978    38.5421    28.8626     3.7868    164.372 0.0000e+00
     80.067    139.479    14.3059   4.606579     2.5384     0.1731  1.7155067  14.281169    14.2939    38.5400    28.8618     3.7880    164.428 0.0000e+00
     79.905    140.479    14.3038   4.606331     2.5381     0.1713  1.7159646  14.264114    14.2918    38.5399    28.8622     3.7855    164.318 0.0000e+00
     80.632    141.479    14.3094   4.607303     2.5364     0.1666  1.7152015  14.278440    14.2973    38.5431    28.8635     3.7793    164.048 0.0000e+00
     81.787    142.479    14.3245   4.609734     2.5352     0.1610  1.7153541  14.291401    14.3122    38.5504    28.8658     3.7806    164.107 0.0000e+00
     82.944    143.479    14.3355   4.611274     2.5358     0.1591  1.7155067  14.305043    14.3230    38.5533    28.8657     3.7817    164.152 0.0000e+00
     83.071    144.479    14.3238   4.609488     2.5348     0.1647  1.7159646  14.293447    14.3113    38.5481    28.8642     3.7775    163.969 0.0000e+00
     83.692    145.479    14.3337   4.611133     2.5340     0.1650  1.7157611  14.302997    14.3211    38.5535    28.8662     3.7789    164.029 0.0000e+00
     84.618    146.479    14.3357   4.611431     2.5342     0.1572  1.7155576  14.312546    14.3230    38.5538    28.8661     3.7774    163.965 0.0000e+00
     84.763    147.479    14.3309   4.610742     2.5330     0.1561  1.7162189  14.303679    14.3181    38.5521    28.8659     3.7750    163.864 0.0000e+00
     85.400    148.479    14.3305   4.610890     2.5326     0.1583  1.7161681  14.302997    14.3176    38.5536    28.8671     3.7763    163.919 0.0000e+00
     86.542    149.479    14.3247   4.610376     2.5322     0.1555  1.7163716  14.305043    14.3116    38.5541    28.8688     3.7744    163.835 0.0000e+00
     87.488    150.479    14.3240   4.610385     2.5312     0.1545  1.7169821  14.303679    14.3108    38.5544    28.8692     3.7736    163.801 0.0000e+00
     88.128    151.479    14.3247   4.610570     2.5311     0.1495  1.7168803  14.301633    14.3115    38.5551    28.8696     3.7776    163.973 0.0000e+00
     88.395    152.479    14.3246   4.610457     2.5321     0.1565  1.7171347  14.303679    14.3113    38.5541    28.8689     3.7798    164.068 0.0000e+00
     88.621    153.479    14.3245   4.610540     2.5324     0.1594  1.7167786  14.302315    14.3111    38.5549    28.8695     3.7777    163.980 0.0000e+00
     89.605    154.479    14.3212   4.610241     2.5313     0.1505  1.7175926  14.301633    14.3076    38.5550    28.8703     3.7728    163.766 0.0000e+00
     90.252    155.479    14.3198   4.610109     2.5302     0.1565  1.7176435  14.300268    14.3062    38.5548    28.8705     3.7746    163.844 0.0000e+00
     90.710    156.479    14.3182   4.609926     2.5305     0.1551  1.7174400  14.300950    14.3045    38.5545    28.8706     3.7768    163.939 0.0000e+00
     91.733    157.479    14.3150   4.609609     2.5307     0.1569  1.7174400  14.295493    14.3012    38.5542    28.8712     3.7767    163.933 0.0000e+00
     92.470    158.479    14.3144   4.609585     2.5301     0.1591  1.7178978  14.293447    14.3005    38.5543    28.8714     3.7753    163.875 0.0000e+00
     92.610    159.479    14.3158   4.609706     2.5297     0.1641  1.7183557  14.290719    14.3018    38.5540    28.8708     3.7717    163.717 0.0000e+00
     93.458    160.479    14.3108   4.609204     2.5277     0.1653  1.7186101  14.292083    14.2967    38.5538    28.8719     3.7690    163.602 0.0000e+00
     94.204    161.479    14.3059   4.608670     2.5277     0.1661  1.7184575  14.287990    14.2917    38.5534    28.8726     3.7726    163.755 0.0000e+00
     94.709    162.479    14.3023   4.608272     2.5268     0.1702  1.7189153  14.287308    14.2880    38.5530    28.8732     3.7670    163.512 0.0000e+00
     95.695    163.479    14.2984   4.607823     2.5252     0.1700  1.7190171  14.282533    14.2840    38.5522    28.8734     3.7668    163.504 0.0000e+00
     96.375    164.479    14.2960   4.607630     2.5245     0.1547  1.7192714  14.275711    14.2815    38.5526    28.8742     3.7629    163.334 0.0000e+00
     96.310    165.479    14.3009   4.608108     2.5216     0.1596  1.7193732  14.282533    14.2864    38.5521    28.8728     3.7549    162.987 0.0000e+00
     97.109    166.479    14.2832   4.605767     2.5200     0.1672  1.7194749  14.278440    14.2686    38.5475    28.8731     3.7547    162.979 0.0000e+00
     97.819    167.479    14.2270   4.598982     2.5176     0.1612  1.7198819  14.270936    14.2123    38.5395    28.8793     3.7543    162.962 0.0000e+00
     98.343    168.479    14.1723   4.592120     2.5159     0.1582  1.7203398  14.262749    14.1576    38.5294    28.8835     3.7607    163.239 0.0000e+00
     99.406    169.479    14.1414   4.588162     2.5167     0.1620  1.7235958  14.167223    14.1266    38.5226    28.8849     3.7685    163.574 0.0000e+00
    100.295    170.479    14.1260   4.586246     2.5169     0.1542  1.7252747  14.134466    14.1110    38.5195    28.8860     3.7692    163.607 0.0000e+00
    100.876    171.479    14.1203   4.585528     2.5167     0.1553  1.7256308  14.129005    14.1052    38.5182    28.8862     3.7649    163.418 0.0000e+00
    101.246    172.479    14.1298   4.587000     2.5139     0.1498  1.7257326  14.137878    14.1146    38.5225    28.8875     3.7528    162.895 0.0000e+00
    101.363    173.479    14.1389   4.587670     2.5110     0.1535  1.7246133  14.163130    14.1237    38.5195    28.8832     3.7553    163.002 0.0000e+00
    102.120    174.479    14.0436   4.575303     2.5134     0.1552  1.7271571  14.092828    14.0284    38.4980    28.8873     3.7804    164.094 0.0000e+00
    103.277    175.479    13.9567   4.564294     2.5175     0.1586  1.7290903  13.997245    13.9414    38.4804    28.8926     3.7964    164.786 0.0000e+00
    103.947    176.479    13.9440   4.562846     2.5203     0.1535  1.7278184  13.975394    13.9286    38.4792    28.8944     3.8014    165.003 0.0000e+00
    104.609    177.479    13.9395   4.562245     2.5227     0.1655  1.7273097  13.965833    13.9240    38.4777    28.8942     3.8012    164.994 0.0000e+00
    105.430    178.479    13.9325   4.561502     2.5226     0.1583  1.7268518  13.939197    13.9169    38.4773    28.8954     3.8012    164.994 0.0000e+00
    105.524    179.479    13.9636   4.565297     2.5238     0.1656  1.7245624  13.970612    13.9479    38.4820    28.8924     3.8036    165.099 0.0000e+00
    106.323    180.479    13.9351   4.562124     2.5254     0.1603  1.7253256  13.943295    13.9193    38.4802    28.8972     3.8088    165.324 0.0000e+00
    107.230    181.479    13.9419   4.563192     2.5260     0.1605  1.7241046  13.933050    13.9260    38.4830    28.8979     3.8056    165.183 0.0000e+00
    107.711    182.479    13.9491   4.564395     2.5252     0.1636  1.7232906  13.941246    13.9331    38.4870    28.8994     3.8017    165.016 0.0000e+00
    108.303    183.479    13.9605   4.566099     2.5239     0.1646  1.7231888  13.948076    13.9444    38.4915    28.9005     3.7910    164.550 0.0000e+00
    108.958    184.479    13.9690   4.567519     2.5192     0.1577  1.7224766  13.948076    13.9529    38.4960    28.9022     3.7780    163.985 0.0000e+00
    109.992    185.479    13.9886   4.570705     2.5163     0.1571  1.7232397  13.961736    13.9722    38.5061    28.9058     3.7779    163.981 0.0000e+00
    110.511    186.479    13.9908   4.571012     2.5150     0.1562  1.7239011  13.965833    13.9744    38.5066    28.9056     3.7747    163.840 0.0000e+00
    111.149    187.479    13.9962   4.571881     2.5128     0.1456  1.7248168  13.969248    13.9796    38.5091    28.9065     3.7728    163.761 0.0000e+00
    111.715    188.479    13.9949   4.571627     2.5128     0.1486  1.7256817  13.978126    13.9783    38.5077    28.9057     3.7745    163.834 0.0000e+00
    111.888    189.479    13.9934   4.571490     2.5111     0.1536  1.7269536  13.976760    13.9768    38.5079    28.9061     3.7705    163.658 0.0000e+00
    112.762    190.479    13.9919   4.571479     2.5122     0.1511  1.7272079  13.976077    13.9751    38.5089    28.9073     3.7869    164.371 0.0000e+00
    113.902    191.479    13.9202   4.561645     2.5175     0.1608  1.7276150  13.974711    13.9033    38.4872    28.9060     3.8090    165.331 0.0000e+00
    114.467    192.479    13.8680   4.555592     2.5221     0.1614  1.7276150  13.974028    13.8511    38.4819    28.9132     3.8224    165.913 0.0000e+00
    114.946    193.479    13.8522   4.553442     2.5272     0.1522  1.7281237  13.945343    13.8353    38.4771    28.9129     3.8334    166.387 0.0000e+00
    115.802    194.479    13.8409   4.551916     2.5305     0.1702  1.7280219  13.870888    13.8238    38.4737    28.9127     3.8395    166.655 0.0000e+00
    116.411    195.479    13.8313   4.550665     2.5357     0.1716  1.7244098  13.853808    13.8141    38.4712    28.9129     3.8607    167.574 0.0000e+00
    116.845    196.479    13.7684   4.542654     2.5432     0.1643  1.7219169  13.856541    13.7512    38.4581    28.9162     3.8825    168.520 0.0000e+00
    117.472    197.479    13.7249   4.536972     2.5491     0.1754  1.7224257  13.797092    13.7076    38.4475    28.9174     3.8923    168.943 0.0000e+00
    118.195    198.479    13.7247   4.536965     2.5526     0.1721  1.7183557  13.743101    13.7074    38.4473    28.9173     3.8937    169.007 0.0000e+00
    118.949    199.479    13.7259   4.537166     2.5552     0.1735  1.7144892  13.732165    13.7085    38.4477    28.9173     3.8993    169.250 0.0000e+00
    119.747    200.479    13.7210   4.536490     2.5582     0.1810  1.7119963  13.730114    13.7034    38.4458    28.9170     3.9086    169.653 0.0000e+00
    120.538    201.479    13.7145   4.535687     2.5622     0.1899  1.7105210  13.720544    13.6969    38.4443    28.9172     3.9163    169.987 0.0000e+00
    121.194    202.479    13.6810   4.531530     2.5642     0.1865  1.7090456  13.715075    13.6632    38.4382    28.9197     3.9245    170.341 0.0000e+00
    121.319    203.479    13.7166   4.535764     2.5694     0.1836  1.7075702  13.733532    13.6988    38.4426    28.9155     3.9433    171.157 0.0000e+00
    121.829    204.479    13.6405   4.526076     2.5770     0.1749  1.7082825  13.723961    13.6227    38.4266    28.9194     3.9684    172.247 0.0000e+00
    122.730    205.479    13.6167   4.523013     2.5842     0.1935  1.7081298  13.648756    13.5988    38.4210    28.9201     3.9847    172.956 0.0000e+00
