Boussole/Data/SBEMOOSE/Work/cnv/bous229_02.cnv
* Sea-Bird SBE 9 Data File:
* FileName = C:\boussole\202104\bous229_02.hdr
* Software Version Seasave V 7.23.2
* Temperature SN = 2473
* Conductivity SN = 2929
* Number of Bytes Per Scan = 37
* Number of Voltage Words = 4
* Number of Scans Averaged by the Deck Unit = 1
* NMEA Latitude = 43 21.84 N
* NMEA Longitude = 007 54.10 E
* NMEA UTC (Time) = Apr 09 2021  10:21:32
* NMEA baud rate = 4800
** Campagne = BOUSSOLE 229
** Navire = Tethys II
** Station = BOUS229_02
** Date = 09/04/2021
** Heure debut [TU] = 10:21
** Heure fin [TU] = 11:49
** Heure locale / TU = +0
** Latitude = 43 21.842 N
** Longitude = 007 54.109 E
** Heure meteo [TU] = 10:23
** T air sec [deg C] = 13.2
** T mer [deg C] = 14.07
** Vent [noeuds, degres] = 3, 182
** Pression atm [hpa] = 1026.6
** Humidite [%] = 49.8
** Nebulosite [octas] = 1
** Etat de la mer [code S] = 2
# nquan = 14
# nvalues = 5288                        
# units = specified
# name 0 = prDM: Pressure, Digiquartz [db]
# name 1 = timeS: Time, Elapsed [seconds]
# name 2 = t090C: Temperature [ITS-90, deg C]
# name 3 = c0S/m: Conductivity [S/m]
# name 4 = sbeox0V: Oxygen raw, SBE 43 [V]
# name 5 = flC: Fluorescence, Chelsea Aqua 3 Chl Con [ug/l]
# name 6 = upoly0: Upoly 0, RINKOIII_DO
# name 7 = upoly1: Upoly 1, RINKOIII_Temp
# name 8 = potemp090C: Potential Temperature [ITS-90, deg C]
# name 9 = sal00: Salinity, Practical [PSU]
# name 10 = sigma-é00: Density [sigma-theta, kg/m^3]
# name 11 = sbeox0ML/L: Oxygen, SBE 43 [ml/l], WS = 2
# name 12 = sbox0Mm/Kg: Oxygen, SBE 43 [umol/kg], WS = 2
# name 13 = flag: flag
# span 0 =      0.143,    405.497       
# span 1 =      0.479,   5287.333       
# span 2 =    13.4280,    14.3352       
# span 3 =   0.159634,   4.591173       
# span 4 =     2.1799,     3.0234       
# span 5 =    -0.2893,  1887.9148       
# span 6 =  1.5098698,  1.8387260       
# span 7 =  13.418210,  14.158352       
# span 8 =    13.4174,    14.3351       
# span 9 =     1.0411,    38.6807       
# span 10 =     0.0720,    29.0871      
# span 11 =     3.1968,     5.1402      
# span 12 =    138.734,    229.486      
# span 13 = 0.0000e+00, 0.0000e+00      
# interval = seconds: 1                 
# start_time = Apr 09 2021 10:21:32 [NMEA time, header]
# bad_flag = -9.990e-29
*END*
[from data line 2788]
     49.112   2788.479    13.7120   4.528043     2.8118     0.4766  1.5888279  13.717810    13.7048    38.4065    28.8862     4.3954    190.787 0.0000e+00
     48.918   2789.479    13.7162   4.528530     2.8153     0.4700  1.5888787  13.719177    13.7090    38.4070    28.8857     4.4014    191.047 0.0000e+00
     48.601   2790.479    13.7328   4.529926     2.8172     0.4792  1.5881665  13.723962    13.7257    38.4037    28.8796     4.3980    190.903 0.0000e+00
     48.658   2791.479    13.7299   4.529605     2.8169     0.4855  1.5882173  13.719177    13.7228    38.4036    28.8801     4.3910    190.599 0.0000e+00
     49.143   2792.479    13.7118   4.528043     2.8150     0.4951  1.5885226  13.710290    13.7046    38.4067    28.8864     4.3866    190.405 0.0000e+00
     49.440   2793.479    13.7096   4.527861     2.8132     0.4808  1.5901506  13.700719    13.7024    38.4071    28.8872     4.3863    190.393 0.0000e+00
     49.215   2794.479    13.7114   4.528044     2.8133     0.4842  1.5907611  13.710974    13.7042    38.4070    28.8868     4.3931    190.690 0.0000e+00
     48.835   2795.479    13.7190   4.528722     2.8152     0.4887  1.5900488  13.719860    13.7119    38.4060    28.8844     4.3961    190.819 0.0000e+00
     48.660   2796.479    13.7232   4.529081     2.8155     0.4865  1.5890314  13.728063    13.7161    38.4053    28.8829     4.3901    190.556 0.0000e+00
     48.743   2797.479    13.7210   4.528874     2.8140     0.4859  1.5881156  13.721911    13.7139    38.4055    28.8836     4.3837    190.280 0.0000e+00
     49.054   2798.479    13.7123   4.528062     2.8116     0.4885  1.5880647  13.713024    13.7051    38.4064    28.8861     4.3793    190.087 0.0000e+00
     49.215   2799.479    13.7067   4.527573     2.8100     0.4809  1.5889805  13.708923    13.6995    38.4073    28.8880     4.3806    190.145 0.0000e+00
     49.093   2800.479    13.7068   4.527521     2.8102     0.4792  1.5900997  13.711657    13.6996    38.4068    28.8876     4.3808    190.155 0.0000e+00
     48.960   2801.479    13.7122   4.528103     2.8080     0.4786  1.5903032  13.713708    13.7050    38.4070    28.8865     4.3721    189.776 0.0000e+00
     48.875   2802.479    13.7130   4.527984     2.8070     0.4755  1.5902523  13.714392    13.7059    38.4050    28.8849     4.3762    189.953 0.0000e+00
     48.914   2803.479    13.7080   4.527571     2.8077     0.4710  1.5905067  13.714392    13.7008    38.4062    28.8868     4.3824    190.223 0.0000e+00
     49.016   2804.479    13.7087   4.527662     2.8098     0.4753  1.5901506  13.711657    13.7015    38.4062    28.8867     4.3872    190.432 0.0000e+00
     49.029   2805.479    13.7075   4.527536     2.8108     0.4848  1.5903541  13.710974    13.7004    38.4062    28.8869     4.3845    190.314 0.0000e+00
     49.017   2806.479    13.7058   4.527385     2.8100     0.4866  1.5910664  13.702770    13.6986    38.4065    28.8876     4.3805    190.140 0.0000e+00
     48.981   2807.479    13.7046   4.527282     2.8095     0.4882  1.5916769  13.698668    13.6974    38.4068    28.8880     4.3829    190.245 0.0000e+00
     48.936   2808.479    13.7052   4.527327     2.8104     0.4783  1.5918295  13.698668    13.6980    38.4066    28.8878     4.3852    190.346 0.0000e+00
     48.917   2809.479    13.7052   4.527314     2.8103     0.4717  1.5924909  13.698668    13.6980    38.4065    28.8877     4.3811    190.168 0.0000e+00
     49.004   2810.479    13.7042   4.527262     2.8087     0.4770  1.5932031  13.697985    13.6970    38.4070    28.8883     4.3756    189.927 0.0000e+00
     49.157   2811.479    13.7037   4.527253     2.8074     0.4726  1.5942206  13.697301    13.6965    38.4073    28.8886     4.3758    189.935 0.0000e+00
     49.114   2812.479    13.7038   4.527258     2.8079     0.4690  1.5941189  13.693199    13.6966    38.4073    28.8886     4.3848    190.328 0.0000e+00
     48.824   2813.479    13.7056   4.527379     2.8107     0.4713  1.5945767  13.693883    13.6984    38.4068    28.8878     4.3891    190.516 0.0000e+00
     48.712   2814.479    13.7067   4.527419     2.8110     0.4542  1.5948820  13.695934    13.6996    38.4060    28.8870     4.3830    190.249 0.0000e+00
     49.041   2815.479    13.7050   4.527334     2.8097     0.4574  1.5947802  13.691832    13.6978    38.4069    28.8880     4.3782    190.041 0.0000e+00
     49.283   2816.479    13.7035   4.527273     2.8089     0.4638  1.5949329  13.695934    13.6963    38.4076    28.8889     4.3812    190.170 0.0000e+00
     48.966   2817.479    13.7059   4.527416     2.8094     0.4829  1.5952381  13.697301    13.6987    38.4068    28.8878     4.3837    190.280 0.0000e+00
     48.741   2818.479    13.7068   4.527448     2.8102     0.4789  1.5947293  13.697301    13.6997    38.4063    28.8872     4.3825    190.227 0.0000e+00
     48.977   2819.479    13.7057   4.527405     2.8091     0.4816  1.5945767  13.695250    13.6985    38.4069    28.8879     4.3785    190.052 0.0000e+00
     49.054   2820.479    13.7051   4.527367     2.8085     0.4755  1.5946276  13.695934    13.6979    38.4071    28.8881     4.3791    190.078 0.0000e+00
     48.988   2821.479    13.7049   4.527348     2.8086     0.4677  1.5948311  13.695250    13.6977    38.4070    28.8882     4.3800    190.119 0.0000e+00
     48.968   2822.479    13.7043   4.527264     2.8080     0.4744  1.5945259  13.697985    13.6971    38.4069    28.8882     4.3726    189.800 0.0000e+00
     48.967   2823.479    13.7040   4.527259     2.8047     0.4775  1.5948311  13.697301    13.6968    38.4072    28.8885     4.3642    189.435 0.0000e+00
     49.040   2824.479    13.7036   4.527236     2.8034     0.4635  1.5948820  13.696617    13.6964    38.4073    28.8886     4.3696    189.665 0.0000e+00
     49.039   2825.479    13.7034   4.527232     2.8043     0.4763  1.5948820  13.690464    13.6962    38.4075    28.8888     4.3749    189.896 0.0000e+00
     48.971   2826.479    13.7038   4.527255     2.8058     0.4898  1.5947293  13.695250    13.6966    38.4073    28.8886     4.3806    190.144 0.0000e+00
     48.895   2827.479    13.7037   4.527206     2.8077     0.4854  1.5951872  13.691148    13.6966    38.4070    28.8883     4.3792    190.084 0.0000e+00
     48.844   2828.479    13.7036   4.527193     2.8068     0.4808  1.5953907  13.694566    13.6965    38.4070    28.8884     4.3734    189.833 0.0000e+00
     48.878   2829.479    13.7034   4.527208     2.8056     0.4764  1.5952381  13.690464    13.6963    38.4073    28.8886     4.3707    189.716 0.0000e+00
     49.032   2830.479    13.7030   4.527212     2.8048     0.4828  1.5951872  13.686362    13.6958    38.4076    28.8890     4.3716    189.752 0.0000e+00
     49.273   2831.479    13.7021   4.527173     2.8051     0.4892  1.5956451  13.687730    13.6949    38.4081    28.8896     4.3755    189.925 0.0000e+00
     49.082   2832.479    13.7029   4.527197     2.8060     0.4879  1.5956451  13.684311    13.6957    38.4076    28.8891     4.3759    189.940 0.0000e+00
     48.733   2833.479    13.7049   4.527291     2.8057     0.4812  1.5955434  13.691148    13.6978    38.4066    28.8878     4.3736    189.841 0.0000e+00
     48.922   2834.479    13.7042   4.527272     2.8060     0.4777  1.5958486  13.684311    13.6971    38.4071    28.8883     4.3757    189.931 0.0000e+00
     49.159   2835.479    13.7024   4.527175     2.8060     0.4679  1.5958486  13.684995    13.6952    38.4079    28.8894     4.3758    189.936 0.0000e+00
     48.742   2836.479    13.7045   4.527289     2.8067     0.4649  1.5966117  13.689781    13.6974    38.4070    28.8882     4.3756    189.929 0.0000e+00
     48.562   2837.479    13.7058   4.527340     2.8051     0.4773  1.5957977  13.691148    13.6987    38.4063    28.8874     4.3671    189.561 0.0000e+00
     49.156   2838.479    13.7020   4.527105     2.8040     0.4826  1.5957468  13.682944    13.6948    38.4076    28.8892     4.3707    189.714 0.0000e+00
     49.426   2839.479    13.6984   4.526836     2.8043     0.4877  1.5965100  13.684311    13.6912    38.4086    28.8908     4.3713    189.743 0.0000e+00
     48.962   2840.479    13.7044   4.527303     2.8035     0.4724  1.5964082  13.692515    13.6972    38.4072    28.8884     4.3693    189.652 0.0000e+00
     48.614   2841.479    13.7058   4.527337     2.8043     0.4674  1.5951364  13.697301    13.6987    38.4063    28.8874     4.3730    189.816 0.0000e+00
     48.908   2842.479    13.7043   4.527279     2.8043     0.4660  1.5944241  13.692515    13.6971    38.4071    28.8883     4.3700    189.683 0.0000e+00
     49.101   2843.479    13.7030   4.527205     2.8038     0.4769  1.5949837  13.689781    13.6958    38.4075    28.8890     4.3698    189.674 0.0000e+00
     48.896   2844.479    13.7034   4.527198     2.8035     0.4812  1.5949329  13.692515    13.6963    38.4072    28.8886     4.3663    189.526 0.0000e+00
     49.048   2845.479    13.7035   4.527185     2.8016     0.4761  1.5953907  13.694566    13.6963    38.4069    28.8884     4.3611    189.297 0.0000e+00
     49.165   2846.479    13.7021   4.527146     2.8011     0.4720  1.5951364  13.691832    13.6949    38.4079    28.8894     4.3704    189.702 0.0000e+00
     48.757   2847.479    13.7045   4.527237     2.8049     0.4758  1.5950855  13.692515    13.6974    38.4066    28.8879     4.3842    190.299 0.0000e+00
     48.695   2848.479    13.7049   4.527247     2.8078     0.4750  1.5950855  13.693883    13.6978    38.4063    28.8876     4.3809    190.160 0.0000e+00
     49.134   2849.479    13.7022   4.527117     2.8068     0.4644  1.5947293  13.687046    13.6950    38.4075    28.8891     4.3736    189.839 0.0000e+00
     49.236   2850.479    13.7012   4.527068     2.8061     0.4595  1.5952381  13.689097    13.6940    38.4080    28.8897     4.3729    189.810 0.0000e+00
     48.959   2851.479    13.7029   4.527104     2.8051     0.4655  1.5951364  13.693883    13.6957    38.4068    28.8884     4.3729    189.812 0.0000e+00
     48.838   2852.479    13.7031   4.527120     2.8061     0.4790  1.5950346  13.693883    13.6960    38.4067    28.8883     4.3776    190.013 0.0000e+00
     48.888   2853.479    13.7030   4.527103     2.8069     0.4902  1.5947294  13.694566    13.6959    38.4067    28.8883     4.3799    190.113 0.0000e+00
     48.971   2854.479    13.7026   4.527066     2.8079     0.4801  1.5946785  13.689097    13.6954    38.4067    28.8884     4.3810    190.163 0.0000e+00
     48.982   2855.479    13.7017   4.526956     2.8083     0.4863  1.5998169  13.691832    13.6945    38.4066    28.8885     4.3777    190.020 0.0000e+00
     49.034   2856.479    13.7008   4.526930     2.8063     0.4942  1.5989011  13.693883    13.6936    38.4072    28.8892     4.3697    189.671 0.0000e+00
     49.139   2857.479    13.7000   4.526946     2.8047     0.4893  1.5953907  13.691832    13.6928    38.4081    28.8900     4.3700    189.682 0.0000e+00
     49.054   2858.479    13.6997   4.526920     2.8049     0.4813  1.5953907  13.689097    13.6925    38.4082    28.8902     4.3748    189.892 0.0000e+00
     48.880   2859.479    13.7009   4.526912     2.8054     0.4768  1.5959504  13.695250    13.6938    38.4069    28.8889     4.3750    189.902 0.0000e+00
     48.770   2860.479    13.7019   4.526962     2.8060     0.4776  1.5957977  13.695934    13.6948    38.4066    28.8884     4.3774    190.005 0.0000e+00
     48.808   2861.479    13.7013   4.526921     2.8063     0.4840  1.5961030  13.689097    13.6942    38.4067    28.8886     4.3704    189.701 0.0000e+00
     49.036   2862.479    13.6996   4.526842     2.8027     0.4897  1.5961030  13.685679    13.6924    38.4075    28.8897     4.3565    189.098 0.0000e+00
     49.300   2863.479    13.6980   4.526873     2.7994     0.4849  1.5961538  13.682944    13.6908    38.4093    28.8914     4.3572    189.130 0.0000e+00
     49.210   2864.479    13.6979   4.526853     2.7996     0.4764  1.5961030  13.681577    13.6907    38.4093    28.8914     4.3678    189.587 0.0000e+00
     48.784   2865.479    13.7007   4.526887     2.8024     0.4809  1.5965608  13.684311    13.6936    38.4070    28.8890     4.3727    189.799 0.0000e+00
     48.558   2866.479    13.7021   4.526965     2.8024     0.4893  1.5958995  13.687046    13.6950    38.4065    28.8883     4.3638    189.416 0.0000e+00
     48.784   2867.479    13.6996   4.526851     2.8005     0.4821  1.5961538  13.681577    13.6925    38.4077    28.8898     4.3557    189.062 0.0000e+00
     49.292   2868.479    13.6955   4.526498     2.7972     0.4796  1.5961030  13.681577    13.6883    38.4083    28.8912     4.3551    189.036 0.0000e+00
     49.353   2869.479    13.6933   4.526379     2.7994     0.4799  1.5972731  13.680893    13.6861    38.4093    28.8924     4.3711    189.733 0.0000e+00
     48.832   2870.479    13.7001   4.526860     2.8018     0.4709  1.5971714  13.682944    13.6929    38.4074    28.8894     4.3691    189.643 0.0000e+00
     48.586   2871.479    13.7012   4.526882     2.8014     0.4698  1.5964591  13.687730    13.6941    38.4066    28.8886     4.3626    189.364 0.0000e+00
     48.916   2872.479    13.6977   4.526677     2.7999     0.4742  1.5960521  13.682260    13.6905    38.4080    28.8905     4.3597    189.238 0.0000e+00
     49.196   2873.479    13.6958   4.526556     2.8001     0.4719  1.5966117  13.681577    13.6886    38.4086    28.8913     4.3673    189.568 0.0000e+00
     48.982   2874.479    13.6971   4.526587     2.8019     0.4729  1.5971714  13.680209    13.6899    38.4077    28.8903     4.3711    189.731 0.0000e+00
     48.712   2875.479    13.6992   4.526759     2.8026     0.4804  1.5968152  13.682944    13.6921    38.4073    28.8896     4.3688    189.633 0.0000e+00
     48.911   2876.479    13.6980   4.526690     2.8024     0.4839  1.5966626  13.681577    13.6909    38.4078    28.8902     4.3661    189.515 0.0000e+00
     49.206   2877.479    13.6882   4.525658     2.8011     0.4736  1.5965100  13.680893    13.6810    38.4077    28.8923     4.3616    189.321 0.0000e+00
     49.168   2878.479    13.6834   4.525129     2.8000     0.4751  1.5966626  13.681577    13.6762    38.4075    28.8931     4.3638    189.414 0.0000e+00
     48.964   2879.479    13.6912   4.526076     2.8001     0.4798  1.5970187  13.683628    13.6841    38.4087    28.8924     4.3607    189.281 0.0000e+00
     48.729   2880.479    13.6962   4.526542     2.7981     0.4883  1.5969170  13.682944    13.6891    38.4083    28.8910     4.3540    188.990 0.0000e+00
     48.725   2881.479    13.6953   4.526465     2.7972     0.4791  1.5969678  13.684995    13.6882    38.4084    28.8913     4.3568    189.109 0.0000e+00
     48.960   2882.479    13.6880   4.525627     2.7974     0.4768  1.5971205  13.682944    13.6809    38.4077    28.8922     4.3588    189.196 0.0000e+00
     49.130   2883.479    13.6858   4.525361     2.7976     0.4660  1.5969678  13.681577    13.6786    38.4073    28.8924     4.3637    189.410 0.0000e+00
     49.256   2884.479    13.6662   4.523052     2.8000     0.4581  1.5970696  13.681577    13.6590    38.4049    28.8948     4.3731    189.819 0.0000e+00
     49.097   2885.479    13.6735   4.524197     2.8020     0.4513  1.5976801  13.680893    13.6663    38.4086    28.8961     4.3733    189.826 0.0000e+00
     48.688   2886.479    13.6924   4.526133     2.8020     0.4715  1.5978836  13.680893    13.6853    38.4082    28.8917     4.3619    189.333 0.0000e+00
     48.663   2887.479    13.6914   4.525968     2.7989     0.4788  1.5981380  13.680893    13.6843    38.4077    28.8915     4.3569    189.116 0.0000e+00
     49.050   2888.479    13.6746   4.524038     2.7995     0.4823  1.5980871  13.679526    13.6675    38.4059    28.8938     4.3686    189.623 0.0000e+00
     49.223   2889.479    13.6632   4.522777     2.8013     0.4826  1.5985450  13.678158    13.6560    38.4053    28.8958     4.3739    189.853 0.0000e+00
