Boussole/Data/SBEMOOSE/Work/cnv/bous233_01.cnv
* Sea-Bird SBE 9 Data File:
* FileName = C:\boussole\202108\bous233_01.hdr
* Software Version Seasave V 7.23.2
* Temperature SN = 1378
* Conductivity SN = 2929
* Number of Bytes Per Scan = 34
* Number of Voltage Words = 3
* Number of Scans Averaged by the Deck Unit = 1
* NMEA Latitude = 43 22.07 N
* NMEA Longitude = 007 53.85 E
* NMEA UTC (Time) = Aug 18 2021  06:29:59
* NMEA baud rate = 4800
** Campagne = BOUSSOLE 233
** Navire = Tethys II
** Station = BOUS233_01
** Date = 18/08/2021
** Heure debut [TU] = 06:30
** Heure fin [TU] = 07:59
** Heure locale / TU = +2
** Latitude = 43 22.082 N
** Longitude = 007 53.846 E
** Heure meteo [TU] = 06:18
** T air sec [deg C] = 24
** T mer [deg C] = 24.178
** Vent [noeuds, degres] = 3.5, 170
** Pression atm [hpa] = 1011.3
** Humidite [%] = 73
** Nebulosite [octas] = 0
** Etat de la mer [code S] = 3
# nquan = 14
# nvalues = 5376                        
# units = specified
# name 0 = prDM: Pressure, Digiquartz [db]
# name 1 = timeS: Time, Elapsed [seconds]
# name 2 = t090C: Temperature [ITS-90, deg C]
# name 3 = c0S/m: Conductivity [S/m]
# name 4 = sbeox0V: Oxygen raw, SBE 43 [V]
# name 5 = flC: Fluorescence, Chelsea Aqua 3 Chl Con [ug/l]
# name 6 = upoly0: Upoly 0, RINKOIII_DO
# name 7 = upoly1: Upoly 1, RINKOIII_Temp
# name 8 = potemp090C: Potential Temperature [ITS-90, deg C]
# name 9 = sal00: Salinity, Practical [PSU]
# name 10 = sigma-é00: Density [sigma-theta, kg/m^3]
# name 11 = sbeox0ML/L: Oxygen, SBE 43 [ml/l], WS = 2
# name 12 = sbox0Mm/Kg: Oxygen, SBE 43 [umol/kg], WS = 2
# name 13 = flag: flag
# span 0 =      0.107,    404.416       
# span 1 =      0.479,   5375.354       
# span 2 =    13.6152,    24.3118       
# span 3 =   0.279793,   5.688317       
# span 4 =     2.4226,     4.1156       
# span 5 =    -0.1967,     1.3590       
# span 6 =  1.2854090,  1.8055556       
# span 7 =  13.598836,  24.287426       
# span 8 =    13.6006,    24.3116       
# span 9 =     1.4780,    38.6641       
# span 10 =    -1.6052,    29.0855      
# span 11 =     3.6893,     6.5793      
# span 12 =    160.111,    285.729      
# span 13 = 0.0000e+00, 0.0000e+00      
# interval = seconds: 1                 
# start_time = Aug 18 2021 06:29:59 [NMEA time, header]
# bad_flag = -9.990e-29
*END*
[from data line 1136]
    391.533   1136.479    13.6706   4.564143     2.4323     0.1306  1.8048942  13.648757    13.6127    38.6375    29.0850     3.7227    161.558 0.0000e+00
    390.855   1137.479    13.6704   4.564049     2.4324     0.1404  1.8049450  13.654227    13.6126    38.6371    29.0847     3.7210    161.482 0.0000e+00
    390.256   1138.479    13.6738   4.564513     2.4326     0.1287  1.8050468  13.659697    13.6161    38.6384    29.0849     3.7207    161.471 0.0000e+00
    389.539   1139.479    13.6772   4.564897     2.4324     0.1284  1.8046398  13.660381    13.6196    38.6389    29.0846     3.7177    161.341 0.0000e+00
    389.070   1140.479    13.6759   4.564711     2.4321     0.1247  1.8048433  13.656962    13.6183    38.6387    29.0847     3.7181    161.356 0.0000e+00
    388.713   1141.479    13.6742   4.564479     2.4321     0.1254  1.8049959  13.658330    13.6167    38.6384    29.0848     3.7226    161.554 0.0000e+00
    387.999   1142.479    13.6725   4.564211     2.4343     0.1227  1.8045889  13.656279    13.6151    38.6379    29.0847     3.7273    161.756 0.0000e+00
    386.931   1143.479    13.6809   4.565265     2.4344     0.1141  1.8047415  13.662433    13.6236    38.6399    29.0845     3.7253    161.671 0.0000e+00
    385.980   1144.479    13.6832   4.565519     2.4366     0.1242  1.8046398  13.663800    13.6261    38.6403    29.0843     3.7351    162.095 0.0000e+00
    385.541   1145.479    13.6830   4.565497     2.4388     0.1384  1.8041311  13.665851    13.6260    38.6406    29.0845     3.7349    162.088 0.0000e+00
    384.801   1146.479    13.6851   4.565731     2.4394     0.1357  1.8043345  13.664484    13.6281    38.6411    29.0844     3.7308    161.910 0.0000e+00
    383.841   1147.479    13.6879   4.566049     2.4383     0.1402  1.8039784  13.665168    13.6311    38.6416    29.0842     3.7241    161.618 0.0000e+00
    383.439   1148.479    13.6866   4.565859     2.4375     0.1317  1.8041819  13.665168    13.6299    38.6413    29.0842     3.7220    161.527 0.0000e+00
    383.314   1149.479    13.6827   4.565340     2.4363     0.1424  1.8042837  13.665168    13.6260    38.6403    29.0843     3.7205    161.460 0.0000e+00
    382.478   1150.479    13.6860   4.565725     2.4348     0.1402  1.8041819  13.664484    13.6294    38.6411    29.0842     3.7119    161.087 0.0000e+00
    381.402   1151.479    13.6918   4.566433     2.4327     0.1303  1.8038767  13.667903    13.6353    38.6425    29.0840     3.7150    161.224 0.0000e+00
    380.735   1152.479    13.6914   4.566366     2.4345     0.1407  1.8040293  13.672005    13.6350    38.6425    29.0841     3.7249    161.653 0.0000e+00
    380.105   1153.479    13.6942   4.566728     2.4361     0.1388  1.8037749  13.677474    13.6379    38.6434    29.0841     3.7260    161.699 0.0000e+00
    379.233   1154.479    13.6986   4.567227     2.4371     0.1349  1.8033679  13.679526    13.6424    38.6441    29.0837     3.7240    161.616 0.0000e+00
    378.619   1155.479    13.7018   4.567608     2.4367     0.1293  1.8037241  13.680209    13.6457    38.6448    29.0836     3.7221    161.529 0.0000e+00
    378.149   1156.479    13.6968   4.566963     2.4383     0.1293  1.8036223  13.678842    13.6408    38.6439    29.0839     3.7296    161.858 0.0000e+00
    377.452   1157.479    13.6996   4.567289     2.4383     0.1312  1.8034188  13.680209    13.6437    38.6445    29.0838     3.7231    161.573 0.0000e+00
    376.858   1158.479    13.6988   4.567164     2.4387     0.1292  1.8036223  13.681577    13.6430    38.6444    29.0838     3.7290    161.832 0.0000e+00
    376.103   1159.479    13.7014   4.567439     2.4401     0.1269  1.8032662  13.680209    13.6457    38.6447    29.0835     3.7297    161.861 0.0000e+00
    375.281   1160.479    13.7035   4.567716     2.4398     0.1238  1.8032153  13.680893    13.6480    38.6456    29.0837     3.7219    161.521 0.0000e+00
    374.622   1161.479    13.7050   4.567864     2.4385     0.1237  1.8031136  13.680893    13.6496    38.6457    29.0835     3.7233    161.584 0.0000e+00
    373.961   1162.479    13.7052   4.567852     2.4399     0.1220  1.8032153  13.680893    13.6498    38.6457    29.0834     3.7308    161.910 0.0000e+00
    373.503   1163.479    13.7034   4.567588     2.4414     0.1322  1.8030118  13.682260    13.6481    38.6452    29.0834     3.7306    161.900 0.0000e+00
    372.941   1164.479    13.7056   4.567843     2.4410     0.1298  1.8031644  13.682944    13.6503    38.6458    29.0833     3.7240    161.616 0.0000e+00
    372.056   1165.479    13.7062   4.567876     2.4403     0.1373  1.8031136  13.683628    13.6511    38.6458    29.0832     3.7259    161.694 0.0000e+00
    371.328   1166.479    13.7054   4.567733     2.4411     0.1481  1.8031136  13.684311    13.6504    38.6456    29.0832     3.7279    161.780 0.0000e+00
    370.929   1167.479    13.7044   4.567617     2.4411     0.1369  1.8027574  13.684995    13.6495    38.6457    29.0834     3.7266    161.727 0.0000e+00
    370.267   1168.479    13.7089   4.568169     2.4410     0.1320  1.8030118  13.684311    13.6540    38.6467    29.0832     3.7239    161.608 0.0000e+00
    369.328   1169.479    13.7111   4.568394     2.4406     0.1393  1.8028592  13.687046    13.6564    38.6471    29.0830     3.7232    161.581 0.0000e+00
    368.394   1170.479    13.7123   4.568529     2.4399     0.1426  1.8026048  13.689781    13.6578    38.6475    29.0830     3.7194    161.416 0.0000e+00
    367.818   1171.479    13.7137   4.568672     2.4396     0.1430  1.8027574  13.695250    13.6592    38.6478    29.0830     3.7235    161.594 0.0000e+00
    367.539   1172.479    13.7101   4.568204     2.4411     0.1454  1.8026557  13.690464    13.6556    38.6471    29.0832     3.7268    161.736 0.0000e+00
    367.106   1173.479    13.7098   4.568139     2.4406     0.1552  1.8026048  13.694566    13.6554    38.6469    29.0831     3.7244    161.631 0.0000e+00
    366.260   1174.479    13.7132   4.568537     2.4423     0.1494  1.8025539  13.697301    13.6589    38.6476    29.0829     3.7313    161.930 0.0000e+00
    365.344   1175.479    13.7168   4.568975     2.4432     0.1351  1.8022487  13.697301    13.6627    38.6486    29.0829     3.7296    161.857 0.0000e+00
    364.685   1176.479    13.7182   4.569123     2.4434     0.1269  1.8021469  13.700719    13.6642    38.6489    29.0828     3.7276    161.770 0.0000e+00
    364.134   1177.479    13.7232   4.569772     2.4439     0.1329  1.8023504  13.706188    13.6693    38.6502    29.0827     3.7306    161.902 0.0000e+00
    363.348   1178.479    13.7255   4.569964     2.4444     0.1446  1.8023504  13.700719    13.6717    38.6501    29.0821     3.7295    161.851 0.0000e+00
    362.280   1179.479    13.7246   4.569811     2.4450     0.1359  1.8022487  13.699352    13.6709    38.6500    29.0822     3.7295    161.851 0.0000e+00
    361.671   1180.479    13.7225   4.569554     2.4446     0.1339  1.8019943  13.702086    13.6689    38.6499    29.0826     3.7256    161.684 0.0000e+00
    361.555   1181.479    13.7215   4.569394     2.4437     0.1321  1.8024013  13.701403    13.6679    38.6495    29.0825     3.7238    161.605 0.0000e+00
    360.980   1182.479    13.7224   4.569478     2.4434     0.1398  1.8019943  13.703454    13.6689    38.6497    29.0824     3.7259    161.698 0.0000e+00
    360.112   1183.479    13.7235   4.569584     2.4442     0.1430  1.8020961  13.704137    13.6701    38.6500    29.0823     3.7295    161.853 0.0000e+00
    359.255   1184.479    13.7271   4.570016     2.4452     0.1389  1.8018926  13.701403    13.6739    38.6508    29.0822     3.7310    161.918 0.0000e+00
    358.531   1185.479    13.7276   4.570054     2.4457     0.1429  1.8017399  13.707555    13.6745    38.6510    29.0822     3.7238    161.605 0.0000e+00
    357.931   1186.479    13.7278   4.570062     2.4429     0.1440  1.8018926  13.709606    13.6748    38.6511    29.0822     3.7155    161.246 0.0000e+00
    357.147   1187.479    13.7285   4.570122     2.4426     0.1505  1.8016382  13.708239    13.6756    38.6513    29.0822     3.7236    161.597 0.0000e+00
    356.279   1188.479    13.7290   4.570132     2.4438     0.1540  1.8017399  13.708239    13.6763    38.6513    29.0820     3.7285    161.807 0.0000e+00
    355.711   1189.479    13.7282   4.570000     2.4456     0.1454  1.8019434  13.707555    13.6755    38.6511    29.0820     3.7316    161.943 0.0000e+00
    355.446   1190.479    13.7274   4.569897     2.4455     0.1401  1.8019943  13.707555    13.6747    38.6511    29.0822     3.7189    161.390 0.0000e+00
    354.982   1191.479    13.7270   4.569817     2.4427     0.1349  1.8016891  13.709606    13.6744    38.6509    29.0822     3.7172    161.317 0.0000e+00
    354.223   1192.479    13.7297   4.570104     2.4434     0.1263  1.8018926  13.712341    13.6772    38.6513    29.0818     3.7196    161.422 0.0000e+00
    353.316   1193.479    13.7306   4.570162     2.4409     0.1285  1.8019943  13.710974    13.6783    38.6513    29.0816     3.7069    160.870 0.0000e+00
    352.403   1194.479    13.7341   4.570518     2.4397     0.1386  1.8017908  13.711657    13.6819    38.6516    29.0811     3.7144    161.196 0.0000e+00
    351.540   1195.479    13.7362   4.570764     2.4417     0.1336  1.8019943  13.713708    13.6841    38.6522    29.0810     3.7240    161.612 0.0000e+00
    350.954   1196.479    13.7360   4.570699     2.4434     0.1487  1.8021469  13.714392    13.6840    38.6520    29.0809     3.7238    161.606 0.0000e+00
    350.609   1197.479    13.7339   4.570427     2.4444     0.1476  1.8024522  13.713708    13.6819    38.6518    29.0812     3.7240    161.615 0.0000e+00
    350.017   1198.479    13.7348   4.570535     2.4447     0.1457  1.8028592  13.713708    13.6830    38.6521    29.0812     3.7208    161.477 0.0000e+00
    349.372   1199.479    13.7380   4.570899     2.4440     0.1391  1.8029609  13.713708    13.6862    38.6526    29.0809     3.7187    161.386 0.0000e+00
    348.799   1200.479    13.7388   4.570960     2.4442     0.1376  1.8026557  13.716442    13.6872    38.6526    29.0807     3.7198    161.432 0.0000e+00
    348.066   1201.479    13.7373   4.570752     2.4439     0.1316  1.8027066  13.714392    13.6857    38.6525    29.0810     3.7181    161.359 0.0000e+00
    347.228   1202.479    13.7396   4.570988     2.4441     0.1400  1.8025539  13.714392    13.6882    38.6528    29.0807     3.7214    161.503 0.0000e+00
    346.595   1203.479    13.7401   4.571019     2.4449     0.1531  1.8028083  13.717810    13.6888    38.6528    29.0806     3.7211    161.487 0.0000e+00
    345.934   1204.479    13.7405   4.571032     2.4447     0.1475  1.8030627  13.716442    13.6893    38.6528    29.0805     3.7183    161.366 0.0000e+00
    345.089   1205.479    13.7443   4.571463     2.4446     0.1562  1.8032662  13.717810    13.6932    38.6535    29.0802     3.7175    161.333 0.0000e+00
    344.452   1206.479    13.7443   4.571428     2.4440     0.1472  1.8029609  13.722595    13.6933    38.6534    29.0801     3.7158    161.256 0.0000e+00
    344.116   1207.479    13.7432   4.571277     2.4440     0.1492  1.8026557  13.726013    13.6922    38.6533    29.0802     3.7176    161.336 0.0000e+00
    343.620   1208.479    13.7415   4.571056     2.4446     0.1307  1.8031644  13.724645    13.6906    38.6532    29.0804     3.7196    161.424 0.0000e+00
    342.893   1209.479    13.7424   4.571139     2.4443     0.1302  1.8032662  13.721227    13.6916    38.6534    29.0804     3.7095    160.987 0.0000e+00
    341.917   1210.479    13.7448   4.571387     2.4409     0.1384  1.8034188  13.721227    13.6942    38.6537    29.0801     3.7033    160.715 0.0000e+00
    340.923   1211.479    13.7472   4.571617     2.4417     0.1326  1.8033171  13.728063    13.6967    38.6539    29.0797     3.7161    161.270 0.0000e+00
    340.276   1212.479    13.7468   4.571564     2.4434     0.1297  1.8032662  13.730114    13.6964    38.6541    29.0799     3.7184    161.372 0.0000e+00
    340.108   1213.479    13.7446   4.571279     2.4448     0.1394  1.8033171  13.727380    13.6942    38.6537    29.0801     3.7213    161.498 0.0000e+00
    340.069   1214.479    13.7428   4.571064     2.4453     0.1366  1.8035714  13.725329    13.6924    38.6535    29.0803     3.7141    161.185 0.0000e+00
    339.284   1215.479    13.7445   4.571211     2.4436     0.1340  1.8034697  13.728747    13.6942    38.6535    29.0799     3.7125    161.117 0.0000e+00
    337.883   1216.479    13.7490   4.571714     2.4448     0.1369  1.8035206  13.730114    13.6989    38.6544    29.0796     3.7193    161.409 0.0000e+00
    336.772   1217.479    13.7512   4.571931     2.4450     0.1440  1.8035206  13.730798    13.7013    38.6547    29.0794     3.7089    160.959 0.0000e+00
    336.391   1218.479    13.7485   4.571593     2.4423     0.1471  1.8032153  13.730114    13.6987    38.6544    29.0796     3.7041    160.752 0.0000e+00
    336.136   1219.479    13.7469   4.571387     2.4422     0.1358  1.8035714  13.730798    13.6971    38.6542    29.0798     3.7088    160.954 0.0000e+00
    335.650   1220.479    13.7466   4.571338     2.4421     0.1377  1.8033171  13.730798    13.6969    38.6542    29.0799     3.7100    161.005 0.0000e+00
    335.096   1221.479    13.7488   4.571573     2.4432     0.1286  1.8029101  13.730798    13.6991    38.6545    29.0797     3.7153    161.237 0.0000e+00
    334.371   1222.479    13.7510   4.571818     2.4445     0.1327  1.8034697  13.730114    13.7015    38.6549    29.0794     3.7173    161.321 0.0000e+00
    333.474   1223.479    13.7566   4.572475     2.4456     0.1396  1.8033679  13.732848    13.7072    38.6559    29.0790     3.7165    161.287 0.0000e+00
    332.818   1224.479    13.7627   4.573242     2.4466     0.1443  1.8029609  13.746519    13.7134    38.6573    29.0788     3.7170    161.311 0.0000e+00
    332.141   1225.479    13.7645   4.573382     2.4458     0.1321  1.8026557  13.745152    13.7152    38.6572    29.0783     3.7124    161.113 0.0000e+00
    331.575   1226.479    13.7637   4.573288     2.4469     0.1209  1.8027574  13.745835    13.7145    38.6574    29.0786     3.7232    161.580 0.0000e+00
    331.104   1227.479    13.7614   4.573008     2.4495     0.1302  1.8029101  13.745835    13.7123    38.6572    29.0789     3.7258    161.694 0.0000e+00
    330.269   1228.479    13.7620   4.573010     2.4499     0.1345  1.8029101  13.745835    13.7130    38.6570    29.0786     3.7173    161.324 0.0000e+00
    329.495   1229.479    13.7638   4.573200     2.4475     0.1319  1.8029101  13.745152    13.7149    38.6574    29.0785     3.7107    161.039 0.0000e+00
    329.105   1230.479    13.7644   4.573253     2.4476     0.1398  1.8025539  13.747203    13.7156    38.6574    29.0783     3.7187    161.384 0.0000e+00
    328.458   1231.479    13.7647   4.573268     2.4487     0.1363  1.8028083  13.746519    13.7160    38.6575    29.0783     3.7167    161.298 0.0000e+00
    327.541   1232.479    13.7692   4.573794     2.4475     0.1331  1.8030118  13.746519    13.7206    38.6584    29.0781     3.7135    161.158 0.0000e+00
    326.748   1233.479    13.7688   4.573717     2.4482     0.1314  1.8030118  13.746519    13.7204    38.6584    29.0781     3.7133    161.150 0.0000e+00
    326.320   1234.479    13.7706   4.573851     2.4460     0.1415  1.8029101  13.747202    13.7222    38.6581    29.0774     3.7044    160.766 0.0000e+00
    325.933   1235.479    13.7676   4.573502     2.4456     0.1435  1.8027574  13.753354    13.7192    38.6580    29.0780     3.7111    161.054 0.0000e+00
    325.285   1236.479    13.7705   4.573846     2.4464     0.1414  1.8030118  13.747886    13.7223    38.6586    29.0778     3.7147    161.209 0.0000e+00
    324.696   1237.479    13.7727   4.574097     2.4474     0.1408  1.8030627  13.749936    13.7245    38.6591    29.0777     3.7145    161.202 0.0000e+00
