Boussole/Data/SBEMOOSE/Work/cnv/bous228_07.cnv
* Sea-Bird SBE 9 Data File:
* FileName = C:\boussole\202103\bous228_07.hdr
* Software Version Seasave V 7.23.2
* Temperature SN = 2473
* Conductivity SN = 2929
* Number of Bytes Per Scan = 37
* Number of Voltage Words = 4
* Number of Scans Averaged by the Deck Unit = 1
* NMEA Latitude = 43 22.20 N
* NMEA Longitude = 007 53.88 E
* NMEA UTC (Time) = Mar 04 2021  09:22:51
* NMEA baud rate = 4800
** Navire
** Station:
** Date
** Heure debut [TU]
** Heure fin [TU]
** Heure locale / TU = +0
** Latitude
** Longitude
** Heure meteo [TU]
** T air sec [deg C]
** T mer [deg C]
** Vent [noeuds, degres]
# nquan = 14
# nvalues = 1792                        
# units = specified
# name 0 = prDM: Pressure, Digiquartz [db]
# name 1 = timeS: Time, Elapsed [seconds]
# name 2 = t090C: Temperature [ITS-90, deg C]
# name 3 = c0S/m: Conductivity [S/m]
# name 4 = sbeox0V: Oxygen raw, SBE 43 [V]
# name 5 = flC: Fluorescence, Chelsea Aqua 3 Chl Con [ug/l]
# name 6 = upoly0: Upoly 0, RINKOIII_DO
# name 7 = upoly1: Upoly 1, RINKOIII_Temp
# name 8 = potemp090C: Potential Temperature [ITS-90, deg C]
# name 9 = sal00: Salinity, Practical [PSU]
# name 10 = sigma-é00: Density [sigma-theta, kg/m^3]
# name 11 = sbeox0ML/L: Oxygen, SBE 43 [ml/l], WS = 2
# name 12 = sbox0Mm/Kg: Oxygen, SBE 43 [umol/kg], WS = 2
# name 13 = flag: flag
# span 0 =      1.107,    405.408       
# span 1 =      0.479,   1791.250       
# span 2 =    13.4191,    13.7893       
# span 3 =   4.491062,   4.572381       
# span 4 =     2.1605,     3.0592       
# span 5 =     0.1458,     2.8639       
# span 6 =  1.5119048,  1.8410154       
# span 7 =  13.402467,  13.766340       
# span 8 =    13.4125,    13.7515       
# span 9 =    38.3554,    38.6572       
# span 10 =    28.8733,    29.0882      
# span 11 =     3.1778,     4.8922      
# span 12 =    137.910,    212.350      
# span 13 = 0.0000e+00, 0.0000e+00      
# interval = seconds: 1                 
# start_time = Mar 04 2021 09:22:51 [NMEA time, header]
# bad_flag = -9.990e-29
*END*
[from data line 517]
    294.961    517.479    13.7117   4.564264     2.1920     0.1721  1.8324684  13.700035    13.6681    38.6405    29.0754     3.2086    139.246 0.0000e+00
    295.615    518.479    13.7102   4.564088     2.1930     0.1647  1.8326210  13.697301    13.6665    38.6400    29.0754     3.2081    139.224 0.0000e+00
    296.215    519.479    13.7086   4.563941     2.1923     0.1745  1.8326210  13.697301    13.6649    38.6399    29.0756     3.2042    139.055 0.0000e+00
    296.790    520.479    13.7079   4.563876     2.1921     0.1971  1.8324684  13.697985    13.6641    38.6397    29.0757     3.2075    139.200 0.0000e+00
    297.439    521.479    13.7070   4.563792     2.1926     0.2023  1.8328754  13.697301    13.6631    38.6396    29.0758     3.2062    139.144 0.0000e+00
    298.286    522.479    13.7035   4.563376     2.1914     0.2009  1.8327737  13.695934    13.6594    38.6388    29.0760     3.2010    138.917 0.0000e+00
    299.061    523.479    13.7015   4.563175     2.1901     0.2008  1.8328754  13.695250    13.6574    38.6385    29.0762     3.2012    138.926 0.0000e+00
    299.579    524.479    13.7005   4.563090     2.1900     0.1904  1.8326210  13.693883    13.6562    38.6385    29.0764     3.2018    138.954 0.0000e+00
    299.959    525.479    13.7006   4.563112     2.1892     0.1730  1.8327228  13.697985    13.6563    38.6384    29.0764     3.1993    138.843 0.0000e+00
    300.375    526.479    13.7010   4.563177     2.1887     0.1560  1.8325702  13.697301    13.6566    38.6385    29.0763     3.2009    138.914 0.0000e+00
    301.079    527.479    13.7002   4.563111     2.1891     0.1661  1.8328245  13.691832    13.6558    38.6383    29.0764     3.2027    138.991 0.0000e+00
    302.034    528.479    13.6992   4.563021     2.1888     0.1812  1.8329263  13.684995    13.6546    38.6380    29.0764     3.2001    138.877 0.0000e+00
    302.844    529.479    13.6976   4.562838     2.1882     0.1887  1.8329772  13.683628    13.6529    38.6376    29.0764     3.1990    138.831 0.0000e+00
    303.322    530.479    13.6974   4.562851     2.1874     0.1876  1.8331298  13.684311    13.6526    38.6377    29.0765     3.1969    138.740 0.0000e+00
    303.660    531.479    13.6979   4.562924     2.1866     0.1855  1.8330280  13.687730    13.6530    38.6378    29.0766     3.1967    138.730 0.0000e+00
    304.127    532.479    13.6955   4.562594     2.1864     0.1897  1.8331298  13.687046    13.6506    38.6368    29.0763     3.1974    138.763 0.0000e+00
    304.880    533.479    13.6899   4.561937     2.1864     0.1807  1.8333842  13.680209    13.6449    38.6358    29.0768     3.1982    138.796 0.0000e+00
    305.736    534.479    13.6894   4.561912     2.1860     0.1816  1.8335877  13.680893    13.6442    38.6358    29.0769     3.1987    138.819 0.0000e+00
    306.467    535.479    13.6887   4.561871     2.1869     0.1802  1.8335877  13.679526    13.6435    38.6357    29.0770     3.2044    139.064 0.0000e+00
    307.059    536.479    13.6884   4.561870     2.1878     0.1903  1.8339947  13.680209    13.6430    38.6358    29.0772     3.2029    138.999 0.0000e+00
    307.539    537.479    13.6880   4.561825     2.1874     0.1853  1.8341473  13.680893    13.6426    38.6356    29.0771     3.2011    138.922 0.0000e+00
    308.070    538.479    13.6868   4.561689     2.1873     0.1921  1.8339438  13.680209    13.6413    38.6352    29.0771     3.2038    139.039 0.0000e+00
    308.694    539.479    13.6849   4.561472     2.1883     0.1858  1.8339947  13.678158    13.6394    38.6347    29.0771     3.2077    139.210 0.0000e+00
    309.406    540.479    13.6830   4.561252     2.1893     0.1866  1.8340964  13.677474    13.6373    38.6343    29.0772     3.2076    139.204 0.0000e+00
    310.139    541.479    13.6779   4.560643     2.1882     0.1820  1.8339947  13.676107    13.6321    38.6333    29.0776     3.2014    138.937 0.0000e+00
    310.783    542.479    13.6759   4.560445     2.1873     0.1799  1.8343508  13.675423    13.6301    38.6331    29.0779     3.2033    139.016 0.0000e+00
    311.318    543.479    13.6743   4.560259     2.1875     0.1819  1.8341982  13.676107    13.6284    38.6327    29.0779     3.2031    139.010 0.0000e+00
    311.901    544.479    13.6713   4.559887     2.1862     0.1762  1.8344526  13.669270    13.6253    38.6319    29.0780     3.1978    138.778 0.0000e+00
    312.591    545.479    13.6670   4.559392     2.1847     0.1585  1.8348087  13.667219    13.6209    38.6313    29.0785     3.1942    138.621 0.0000e+00
    313.195    546.479    13.6667   4.559393     2.1832     0.1522  1.8349104  13.664484    13.6205    38.6313    29.0785     3.1936    138.597 0.0000e+00
    313.687    547.479    13.6669   4.559442     2.1828     0.1458  1.8353174  13.663116    13.6206    38.6314    29.0785     3.1968    138.733 0.0000e+00
    314.362    548.479    13.6667   4.559427     2.1832     0.1469  1.8355209  13.662433    13.6203    38.6312    29.0784     3.1984    138.803 0.0000e+00
    315.192    549.479    13.6660   4.559380     2.1833     0.1590  1.8362332  13.659014    13.6195    38.6311    29.0785     3.1970    138.742 0.0000e+00
    315.776    550.479    13.6655   4.559344     2.1826     0.1640  1.8360297  13.656279    13.6189    38.6310    29.0786     3.1954    138.674 0.0000e+00
    316.150    551.479    13.6654   4.559361     2.1825     0.1654  1.8360806  13.663800    13.6188    38.6310    29.0786     3.1939    138.608 0.0000e+00
    316.729    552.479    13.6633   4.559103     2.1809     0.1741  1.8359279  13.664484    13.6166    38.6304    29.0787     3.1897    138.426 0.0000e+00
    317.446    553.479    13.6595   4.558671     2.1803     0.1811  1.8361823  13.662433    13.6127    38.6298    29.0790     3.1916    138.507 0.0000e+00
    318.144    554.479    13.6588   4.558621     2.1801     0.1833  1.8361823  13.653543    13.6119    38.6298    29.0791     3.1926    138.554 0.0000e+00
    318.721    555.479    13.6580   4.558543     2.1796     0.1830  1.8368946  13.648073    13.6110    38.6295    29.0792     3.1882    138.361 0.0000e+00
    319.370    556.479    13.6564   4.558367     2.1782     0.1726  1.8365384  13.650808    13.6093    38.6292    29.0792     3.1849    138.219 0.0000e+00
    320.111    557.479    13.6530   4.557954     2.1770     0.1667  1.8369454  13.646022    13.6058    38.6284    29.0794     3.1844    138.198 0.0000e+00
    320.698    558.479    13.6517   4.557833     2.1763     0.1700  1.8371489  13.646705    13.6044    38.6283    29.0796     3.1869    138.304 0.0000e+00
    321.155    559.479    13.6512   4.557795     2.1772     0.1764  1.8375051  13.647389    13.6038    38.6282    29.0797     3.1903    138.451 0.0000e+00
    321.765    560.479    13.6471   4.557313     2.1772     0.1728  1.8373016  13.645338    13.5997    38.6275    29.0800     3.1890    138.396 0.0000e+00
    322.483    561.479    13.6463   4.557269     2.1774     0.1676  1.8376068  13.636449    13.5987    38.6275    29.0802     3.1917    138.512 0.0000e+00
    323.109    562.479    13.6462   4.557279     2.1780     0.1643  1.8380138  13.633713    13.5986    38.6274    29.0802     3.1902    138.448 0.0000e+00
    323.698    563.479    13.6461   4.557289     2.1769     0.1586  1.8380138  13.634397    13.5984    38.6274    29.0802     3.1885    138.373 0.0000e+00
    324.402    564.479    13.6449   4.557163     2.1779     0.1784  1.8381156  13.633713    13.5970    38.6271    29.0803     3.1951    138.663 0.0000e+00
    325.072    565.479    13.6438   4.557080     2.1786     0.1786  1.8379120  13.633713    13.5959    38.6271    29.0805     3.1960    138.700 0.0000e+00
    325.591    566.479    13.6437   4.557094     2.1791     0.1868  1.8379629  13.632346    13.5957    38.6271    29.0805     3.1950    138.658 0.0000e+00
    326.166    567.479    13.6435   4.557085     2.1788     0.2041  1.8383699  13.632346    13.5954    38.6270    29.0805     3.1922    138.532 0.0000e+00
    326.803    568.479    13.6433   4.557107     2.1778     0.1874  1.8385734  13.632346    13.5951    38.6271    29.0806     3.1914    138.501 0.0000e+00
    327.430    569.479    13.6434   4.557132     2.1784     0.1693  1.8387769  13.632346    13.5951    38.6270    29.0806     3.1947    138.643 0.0000e+00
    328.015    570.479    13.6432   4.557148     2.1777     0.1610  1.8383699  13.631662    13.5948    38.6270    29.0807     3.1900    138.438 0.0000e+00
    328.612    571.479    13.6429   4.557141     2.1769     0.1624  1.8386752  13.630978    13.5945    38.6270    29.0807     3.1895    138.419 0.0000e+00
    329.278    572.479    13.6428   4.557146     2.1766     0.1756  1.8387769  13.630978    13.5942    38.6269    29.0807     3.1905    138.459 0.0000e+00
    330.034    573.479    13.6425   4.557148     2.1765     0.1829  1.8386243  13.630294    13.5939    38.6268    29.0807     3.1899    138.438 0.0000e+00
    330.744    574.479    13.6411   4.556994     2.1760     0.1804  1.8387260  13.631662    13.5923    38.6265    29.0808     3.1894    138.414 0.0000e+00
    331.264    575.479    13.6407   4.556997     2.1759     0.1771  1.8389295  13.631662    13.5919    38.6266    29.0810     3.1902    138.450 0.0000e+00
    331.688    576.479    13.6403   4.556953     2.1760     0.1852  1.8390313  13.633713    13.5914    38.6264    29.0810     3.1914    138.501 0.0000e+00
    332.248    577.479    13.6396   4.556887     2.1761     0.1923  1.8391330  13.630978    13.5906    38.6263    29.0810     3.1923    138.539 0.0000e+00
    332.903    578.479    13.6391   4.556866     2.1764     0.1970  1.8388278  13.631662    13.5900    38.6263    29.0811     3.1934    138.585 0.0000e+00
    333.806    579.479    13.6387   4.556864     2.1766     0.1822  1.8390313  13.624823    13.5895    38.6263    29.0812     3.1935    138.590 0.0000e+00
    334.686    580.479    13.6387   4.556891     2.1766     0.1740  1.8393365  13.623456    13.5894    38.6261    29.0811     3.1912    138.490 0.0000e+00
    335.006    581.479    13.6391   4.556977     2.1751     0.1777  1.8393365  13.626875    13.5897    38.6264    29.0813     3.1835    138.156 0.0000e+00
    335.194    582.479    13.6401   4.557084     2.1728     0.1814  1.8393874  13.628243    13.5907    38.6263    29.0810     3.1822    138.102 0.0000e+00
    335.864    583.479    13.6390   4.556985     2.1730     0.1794  1.8391330  13.625507    13.5895    38.6261    29.0811     3.1881    138.358 0.0000e+00
    336.886    584.479    13.6384   4.556962     2.1739     0.1709  1.8392857  13.620036    13.5888    38.6261    29.0812     3.1913    138.494 0.0000e+00
    337.564    585.479    13.6382   4.556970     2.1745     0.1706  1.8393874  13.626191    13.5884    38.6261    29.0814     3.1928    138.559 0.0000e+00
    337.836    586.479    13.6391   4.557085     2.1752     0.1736  1.8393874  13.624139    13.5893    38.6261    29.0812     3.1908    138.476 0.0000e+00
    338.354    587.479    13.6384   4.557018     2.1742     0.1631  1.8394892  13.629610    13.5885    38.6260    29.0812     3.1889    138.392 0.0000e+00
    339.215    588.479    13.6379   4.557005     2.1747     0.1625  1.8395400  13.622088    13.5879    38.6260    29.0813     3.1936    138.597 0.0000e+00
    339.972    589.479    13.6374   4.556966     2.1756     0.1723  1.8393874  13.621404    13.5873    38.6258    29.0814     3.1950    138.657 0.0000e+00
    340.371    590.479    13.6375   4.557010     2.1753     0.1642  1.8395400  13.626875    13.5873    38.6259    29.0814     3.1932    138.578 0.0000e+00
    340.863    591.479    13.6372   4.556984     2.1758     0.1736  1.8391839  13.624823    13.5869    38.6258    29.0814     3.1955    138.678 0.0000e+00
    341.582    592.479    13.6352   4.556778     2.1761     0.1743  1.8396927  13.619352    13.5849    38.6255    29.0816     3.1956    138.683 0.0000e+00
    342.275    593.479    13.6352   4.556809     2.1759     0.1740  1.8394383  13.622772    13.5847    38.6255    29.0817     3.1923    138.539 0.0000e+00
    342.891    594.479    13.6349   4.556795     2.1743     0.1764  1.8394383  13.622088    13.5843    38.6254    29.0817     3.1875    138.333 0.0000e+00
    343.512    595.479    13.6347   4.556797     2.1737     0.1683  1.8392857  13.621404    13.5840    38.6254    29.0817     3.1900    138.440 0.0000e+00
    344.154    596.479    13.6341   4.556751     2.1732     0.1687  1.8392348  13.623456    13.5833    38.6252    29.0817     3.1888    138.390 0.0000e+00
    344.717    597.479    13.6334   4.556692     2.1731     0.1770  1.8392348  13.617985    13.5826    38.6251    29.0818     3.1903    138.452 0.0000e+00
    345.197    598.479    13.6332   4.556706     2.1729     0.1670  1.8390313  13.620720    13.5823    38.6252    29.0819     3.1900    138.441 0.0000e+00
    345.825    599.479    13.6330   4.556700     2.1730     0.1677  1.8392348  13.617301    13.5820    38.6250    29.0819     3.1908    138.475 0.0000e+00
    346.537    600.479    13.6322   4.556630     2.1730     0.1799  1.8389295  13.615933    13.5812    38.6249    29.0819     3.1906    138.463 0.0000e+00
    347.098    601.479    13.6318   4.556615     2.1724     0.1849  1.8388787  13.615933    13.5807    38.6249    29.0820     3.1859    138.259 0.0000e+00
    347.708    602.479    13.6317   4.556614     2.1711     0.1668  1.8390313  13.617301    13.5804    38.6248    29.0820     3.1850    138.223 0.0000e+00
    348.551    603.479    13.6311   4.556578     2.1707     0.1692  1.8389804  13.615249    13.5797    38.6246    29.0821     3.1856    138.248 0.0000e+00
    349.266    604.479    13.6299   4.556482     2.1702     0.1790  1.8393874  13.615933    13.5784    38.6246    29.0823     3.1843    138.193 0.0000e+00
    349.513    605.479    13.6303   4.556553     2.1696     0.1767  1.8392348  13.616617    13.5788    38.6247    29.0823     3.1846    138.206 0.0000e+00
    349.787    606.479    13.6314   4.556669     2.1698     0.1750  1.8391330  13.616617    13.5798    38.6246    29.0820     3.1873    138.320 0.0000e+00
    350.565    607.479    13.6291   4.556431     2.1706     0.1764  1.8392348  13.615249    13.5774    38.6243    29.0823     3.1898    138.429 0.0000e+00
    351.516    608.479    13.6286   4.556411     2.1711     0.1761  1.8395400  13.614565    13.5768    38.6242    29.0823     3.1919    138.522 0.0000e+00
    352.133    609.479    13.6281   4.556379     2.1721     0.1852  1.8395400  13.614565    13.5762    38.6241    29.0824     3.1942    138.623 0.0000e+00
    352.573    610.479    13.6278   4.556352     2.1725     0.1811  1.8395400  13.615933    13.5758    38.6240    29.0824     3.1934    138.586 0.0000e+00
    353.203    611.479    13.6269   4.556276     2.1725     0.1740  1.8392857  13.615249    13.5748    38.6239    29.0825     3.1929    138.564 0.0000e+00
    353.864    612.479    13.6258   4.556182     2.1723     0.1729  1.8393874  13.615249    13.5736    38.6238    29.0827     3.1910    138.484 0.0000e+00
    354.480    613.479    13.6250   4.556094     2.1715     0.1749  1.8397435  13.613881    13.5727    38.6235    29.0827     3.1897    138.426 0.0000e+00
    355.121    614.479    13.6240   4.556007     2.1713     0.1773  1.8394383  13.614565    13.5717    38.6233    29.0828     3.1913    138.493 0.0000e+00
    355.725    615.479    13.6233   4.555951     2.1713     0.1778  1.8397435  13.614565    13.5709    38.6233    29.0829     3.1905    138.461 0.0000e+00
    356.274    616.479    13.6225   4.555887     2.1705     0.1675  1.8398453  13.615249    13.5700    38.6232    29.0830     3.1866    138.292 0.0000e+00
    356.912    617.479    13.6221   4.555859     2.1693     0.1728  1.8399979  13.612514    13.5694    38.6231    29.0831     3.1839    138.176 0.0000e+00
    357.652    618.479    13.6208   4.555721     2.1683     0.1775  1.8399979  13.611830    13.5680    38.6228    29.0831     3.1863    138.280 0.0000e+00
