Boussole/Data/SBEMOOSE/Work/cnv/bous232_03.cnv
* Sea-Bird SBE 9 Data File:
* FileName = C:\boussole\202107\bous232_03.hdr
* Software Version Seasave V 7.23.2
* Temperature SN = 2473
* Conductivity SN = 2929
* Number of Bytes Per Scan = 24
* Number of Voltage Words = 4
* Number of Scans Averaged by the Deck Unit = 1
* NMEA baud rate = 4800
** Campagne = BOUSSOLE 232
** Navire = Tethys II
** Station = BOUS232_03
** Date = 12/07/2021
** Heure debut [TU] = 13:49
** Heure fin [TU] = 14:03
** Heure locale / TU = +2
** Latitude = 43 21.969 N
** Longitude = 007 53.795 E
** Heure meteo [TU] = 13:50
** T air sec [deg C] = 23.6
** T mer [deg C] = 23.23
** Vent [noeuds, degres] = 16.7, 50
** Pression atm [hpa] = 1010.8
** Humidite [%] = 85
** Nebulosite [octas] = 3
** Etat de la mer [code S] = 2-3
# nquan = 14
# nvalues = 827                         
# units = specified
# name 0 = prDM: Pressure, Digiquartz [db]
# name 1 = timeS: Time, Elapsed [seconds]
# name 2 = t090C: Temperature [ITS-90, deg C]
# name 3 = c0S/m: Conductivity [S/m]
# name 4 = sbeox0V: Oxygen raw, SBE 43 [V]
# name 5 = flC: Fluorescence, Chelsea Aqua 3 Chl Con [ug/l]
# name 6 = upoly0: Upoly 0, RINKOIII_DO
# name 7 = upoly1: Upoly 1, RINKOIII_Temp
# name 8 = potemp090C: Potential Temperature [ITS-90, deg C]
# name 9 = sal00: Salinity, Practical [PSU]
# name 10 = sigma-é00: Density [sigma-theta, kg/m^3]
# name 11 = sbeox0ML/L: Oxygen, SBE 43 [ml/l], WS = 2
# name 12 = sbox0Mm/Kg: Oxygen, SBE 43 [umol/kg], WS = 2
# name 13 = flag: flag
# span 0 =      0.136,    101.335       
# span 1 =      0.479,    826.229       
# span 2 =    13.5775,    23.2958       
# span 3 =   4.524254,   5.557733       
# span 4 =     2.8067,     4.0260       
# span 5 =     0.1454,     2.2889       
# span 6 =  1.3328754,  1.7033985       
# span 7 =  13.582421,  23.288631       
# span 8 =    13.5646,    23.2958       
# span 9 =    38.2344,    38.5287       
# span 10 =    26.3566,    28.9930      
# span 11 =     4.3443,     6.3935      
# span 12 =    188.549,    277.715      
# span 13 = 0.0000e+00, 0.0000e+00      
# interval = seconds: 1                 
# start_time = Jul 12 2021 13:48:56 [System UTC, header]
# bad_flag = -9.990e-29
*END*
[from data line 620]
     20.990    620.479    14.8944   4.647555     3.8196     0.3980  1.4218050  14.924478    14.8911    38.3644    28.5932     6.1781    268.242 0.0000e+00
     21.032    621.479    14.8875   4.646973     3.8211     0.3832  1.4225681  14.907456    14.8843    38.3657    28.5958     6.1767    268.183 0.0000e+00
     20.671    622.479    14.9168   4.650093     3.8187     0.3803  1.4212963  14.953071    14.9136    38.3659    28.5893     6.1574    267.348 0.0000e+00
     20.724    623.479    14.9272   4.651095     3.8144     0.3849  1.4209910  14.948306    14.9240    38.3649    28.5862     6.1539    267.196 0.0000e+00
     21.039    624.479    14.8979   4.647956     3.8158     0.4009  1.4217542  14.925840    14.8947    38.3645    28.5925     6.1755    268.134 0.0000e+00
     20.991    625.479    14.8918   4.647411     3.8192     0.3930  1.4221612  14.909499    14.8886    38.3655    28.5947     6.1778    268.230 0.0000e+00
     20.672    626.479    14.9216   4.650596     3.8191     0.3827  1.4211437  14.951029    14.9184    38.3658    28.5881     6.1659    267.717 0.0000e+00
     20.609    627.479    14.9374   4.652235     3.8169     0.3853  1.4208384  14.948306    14.9342    38.3654    28.5843     6.1550    267.244 0.0000e+00
     20.702    628.479    14.9250   4.650762     3.8153     0.3857  1.4208893  14.940136    14.9218    38.3640    28.5860     6.1642    267.643 0.0000e+00
     20.922    629.479    14.8982   4.647893     3.8184     0.3957  1.4215507  14.924478    14.8950    38.3638    28.5918     6.1822    268.421 0.0000e+00
     20.911    630.479    14.8897   4.647174     3.8222     0.3990  1.4222120  14.906775    14.8865    38.3655    28.5951     6.1869    268.625 0.0000e+00
     20.549    631.479    14.9313   4.651671     3.8234     0.4011  1.4206858  14.961921    14.9281    38.3663    28.5864     6.1744    268.087 0.0000e+00
     20.516    632.479    14.9478   4.653378     3.8209     0.3977  1.4205840  14.963964    14.9446    38.3658    28.5823     6.1603    267.476 0.0000e+00
     20.790    633.479    14.9223   4.650535     3.8185     0.3992  1.4208893  14.947625    14.9191    38.3645    28.5870     6.1667    267.753 0.0000e+00
     20.982    634.479    14.8938   4.647468     3.8201     0.3971  1.4217033  14.921073    14.8906    38.3641    28.5931     6.1823    268.425 0.0000e+00
     20.750    635.479    14.9005   4.648373     3.8232     0.3916  1.4216524  14.925839    14.8973    38.3660    28.5930     6.1889    268.711 0.0000e+00
     20.440    636.479    14.9474   4.653400     3.8253     0.4032  1.4206858  14.969410    14.9442    38.3664    28.5828     6.1755    268.135 0.0000e+00
     20.635    637.479    14.9401   4.652483     3.8224     0.3930  1.4205840  14.961241    14.9369    38.3651    28.5834     6.1653    267.691 0.0000e+00
     20.949    638.479    14.8966   4.647721     3.8204     0.3857  1.4209910  14.940136    14.8934    38.3637    28.5922     6.1739    268.060 0.0000e+00
     20.790    639.479    14.8954   4.647735     3.8216     0.3776  1.4214489  14.922435    14.8922    38.3651    28.5935     6.1794    268.301 0.0000e+00
     20.502    640.479    14.9325   4.651806     3.8215     0.3833  1.4212963  14.955114    14.9293    38.3664    28.5861     6.1687    267.838 0.0000e+00
     20.635    641.479    14.9311   4.651415     3.8195     0.3954  1.4207367  14.952391    14.9279    38.3640    28.5847     6.1648    267.667 0.0000e+00
     21.030    642.479    14.8875   4.646830     3.8192     0.3937  1.4212963  14.929925    14.8843    38.3644    28.5947     6.1759    268.149 0.0000e+00
     20.795    643.479    14.8941   4.647668     3.8205     0.3797  1.4219577  14.910180    14.8910    38.3657    28.5943     6.1753    268.123 0.0000e+00
     20.373    644.479    14.9428   4.652912     3.8191     0.3919  1.4205840  14.968048    14.9396    38.3665    28.5839     6.1631    267.594 0.0000e+00
     20.585    645.479    14.9376   4.652161     3.8188     0.3911  1.4205840  14.966006    14.9344    38.3646    28.5836     6.1675    267.786 0.0000e+00
     21.075    646.479    14.8870   4.646787     3.8198     0.3707  1.4213980  14.930605    14.8838    38.3645    28.5949     6.1799    268.324 0.0000e+00
     20.880    647.479    14.8888   4.647053     3.8219     0.3809  1.4223138  14.906094    14.8856    38.3652    28.5951     6.1800    268.324 0.0000e+00
     20.475    648.479    14.9252   4.650992     3.8195     0.3840  1.4209910  14.955794    14.9220    38.3660    28.5875     6.1533    267.169 0.0000e+00
     20.567    649.479    14.9308   4.651379     3.8131     0.3824  1.4209402  14.957156    14.9276    38.3640    28.5847     6.1480    266.937 0.0000e+00
     20.856    650.479    14.8990   4.647978     3.8137     0.3843  1.4213472  14.941498    14.8958    38.3638    28.5917     6.1632    267.596 0.0000e+00
     20.910    651.479    14.8863   4.646703     3.8138     0.3814  1.4223138  14.913584    14.8831    38.3644    28.5951     6.1605    267.478 0.0000e+00
     20.741    652.479    14.9006   4.648359     3.8117     0.3811  1.4224155  14.914946    14.8974    38.3658    28.5929     6.1541    267.204 0.0000e+00
     20.589    653.479    14.9263   4.651052     3.8122     0.4017  1.4216524  14.941498    14.9231    38.3655    28.5868     6.1623    267.561 0.0000e+00
     20.767    654.479    14.9149   4.649594     3.8166     0.4042  1.4212454  14.942179    14.9117    38.3631    28.5876     6.1797    268.315 0.0000e+00
     21.025    655.479    14.8842   4.646472     3.8215     0.3953  1.4218559  14.921755    14.8810    38.3643    28.5954     6.1915    268.826 0.0000e+00
     20.692    656.479    14.9033   4.648694     3.8251     0.3967  1.4223647  14.919030    14.9001    38.3662    28.5926     6.1909    268.802 0.0000e+00
     20.285    657.479    14.9619   4.654983     3.8267     0.3958  1.4207875  14.977579    14.9588    38.3669    28.5799     6.1858    268.581 0.0000e+00
     20.419    658.479    14.9654   4.655407     3.8311     0.4097  1.4199227  14.975537    14.9622    38.3673    28.5795     6.2062    269.469 0.0000e+00
     20.273    659.479    14.9715   4.656285     3.8392     0.4075  1.4198209  14.982344    14.9684    38.3695    28.5797     6.2290    270.456 0.0000e+00
     19.687    660.479    15.0271   4.662199     3.8496     0.3924  1.4187525  15.012975    15.0240    38.3697    28.5674     6.2482    271.294 0.0000e+00
     19.022    661.479    15.0773   4.667444     3.8622     0.3712  1.4182947  15.016378    15.0743    38.3691    28.5555     6.2809    272.718 0.0000e+00
     18.475    662.479    15.2642   4.687835     3.8823     0.3675  1.4144282  15.149757    15.2613    38.3735    28.5163     6.2906    273.149 0.0000e+00
     18.039    663.479    15.4311   4.704746     3.8898     0.3627  1.4080179  15.378332    15.4282    38.3654    28.4719     6.2474    271.286 0.0000e+00
     16.965    664.479    15.6617   4.729673     3.8895     0.3595  1.4085775  15.371530    15.6590    38.3684    28.4209     6.2201    270.114 0.0000e+00
     15.679    665.479    15.8830   4.751418     3.8990     0.3514  1.4028287  15.589777    15.8804    38.3513    28.3563     6.2373    270.874 0.0000e+00
     15.109    666.479    15.9838   4.761529     3.9114     0.3404  1.4019638  15.697186    15.9814    38.3453    28.3280     6.2258    270.383 0.0000e+00
     14.325    667.479    16.1924   4.784928     3.9105     0.3376  1.3975885  15.940444    16.1901    38.3548    28.2862     6.1876    268.737 0.0000e+00
     12.953    668.479    16.5620   4.822436     3.9176     0.3116  1.3995218  15.890850    16.5598    38.3357    28.1835     6.2180    270.083 0.0000e+00
     12.058    669.479    16.6834   4.834150     3.9650     0.3010  1.3909748  16.316045    16.6814    38.3240    28.1452     6.3935    277.715 0.0000e+00
     11.515    670.479    16.9813   4.867441     4.0260     0.2840  1.3817155  16.692156    16.9794    38.3347    28.0814     6.3252    274.767 0.0000e+00
     10.384    671.479    17.9325   4.975414     3.9815     0.2677  1.3793753  17.139463    17.9307    38.3784    27.8788     5.9105    256.803 0.0000e+00
      9.238    672.479    20.1230   5.216111     3.8664     0.2720  1.3666565  18.005670    20.1213    38.3885    27.3153     5.3874    234.204 0.0000e+00
      8.556    673.479    21.4443   5.359311     3.7435     0.2589  1.3328754  20.053556    21.4426    38.3651    26.9342     5.1761    225.102 0.0000e+00
      7.762    674.479    22.3143   5.453438     3.7225     0.2481  1.3388278  21.426280    22.3127    38.3452    26.6723     5.1436    223.743 0.0000e+00
      7.173    675.479    21.9980   5.412902     3.6767     0.2471  1.3547518  22.009549    21.9966    38.3030    26.7300     5.0608    220.131 0.0000e+00
      6.825    676.479    22.8471   5.508179     3.6386     0.2358  1.3654355  22.428002    22.8457    38.3084    26.4902     4.9700    216.232 0.0000e+00
      6.336    677.479    23.0269   5.530675     3.6280     0.2266  1.3771368  22.776920    23.0256    38.3275    26.4523     4.9518    215.449 0.0000e+00
      5.866    678.479    22.9375   5.518955     3.6153     0.2200  1.3882784  22.546533    22.9363    38.3141    26.4681     4.9398    214.924 0.0000e+00
      5.915    679.479    23.1690   5.546589     3.6048     0.2361  1.3843101  22.814896    23.1678    38.3278    26.4108     4.9096    213.622 0.0000e+00
      5.873    680.479    23.1771   5.547106     3.6021     0.2405  1.3864978  22.802473    23.1759    38.3248    26.4061     4.9176    213.970 0.0000e+00
      5.649    681.479    23.1566   5.543742     3.6029     0.2375  1.3877697  22.908146    23.1554    38.3165    26.4059     4.9143    213.827 0.0000e+00
      5.391    682.479    23.1500   5.542721     3.5967     0.2198  1.3894485  22.882581    23.1489    38.3144    26.4061     4.9032    213.343 0.0000e+00
      5.428    683.479    23.1875   5.547368     3.5946     0.2261  1.3883293  22.841146    23.1864    38.3179    26.3978     4.8968    213.065 0.0000e+00
      5.765    684.479    23.1890   5.547046     3.5895     0.2211  1.3893468  22.985551    23.1878    38.3140    26.3944     4.8953    213.003 0.0000e+00
      5.970    685.479    23.2114   5.549434     3.5947     0.2170  1.3896520  22.905383    23.2102    38.3130    26.3870     4.9062    213.478 0.0000e+00
      5.705    686.479    23.2081   5.548699     3.5927     0.2081  1.3890924  22.995922    23.2069    38.3103    26.3859     4.8928    212.895 0.0000e+00
      5.441    687.479    23.2038   5.547937     3.5887     0.2038  1.3922975  22.838378    23.2027    38.3081    26.3855     4.8918    212.851 0.0000e+00
      5.549    688.479    23.2183   5.549570     3.5928     0.2195  1.3880749  22.982096    23.2172    38.3081    26.3813     4.9100    213.644 0.0000e+00
      5.862    689.479    23.2223   5.549858     3.6005     0.2186  1.3889906  23.027725    23.2211    38.3068    26.3791     4.9178    213.985 0.0000e+00
      5.950    690.479    23.2020   5.547430     3.5998     0.2192  1.3889906  22.977259    23.2007    38.3056    26.3842     4.9105    213.666 0.0000e+00
      5.640    691.479    23.2042   5.547614     3.6016     0.2274  1.3890924  23.049856    23.2030    38.3052    26.3832     4.9163    213.920 0.0000e+00
      5.539    692.479    23.2100   5.548121     3.5997     0.2289  1.3903643  22.959291    23.2089    38.3041    26.3806     4.9031    213.345 0.0000e+00
      5.777    693.479    23.2138   5.548623     3.5948     0.2265  1.3889907  23.035333    23.2126    38.3046    26.3799     4.8993    213.180 0.0000e+00
      5.731    694.479    23.2325   5.550643     3.5967     0.2211  1.3878205  23.007677    23.2313    38.3041    26.3741     4.9082    213.566 0.0000e+00
      5.883    695.479    23.2290   5.550240     3.5979     0.2186  1.3880240  23.076830    23.2278    38.3040    26.3750     4.9027    213.329 0.0000e+00
      5.912    696.479    23.2278   5.550084     3.5945     0.2248  1.3892450  23.040866    23.2266    38.3038    26.3752     4.9019    213.295 0.0000e+00
      5.458    697.479    23.2374   5.551252     3.5986     0.2192  1.3894485  23.054698    23.2362    38.3047    26.3730     4.9129    213.772 0.0000e+00
      5.630    698.479    23.2334   5.550652     3.6020     0.2157  1.3884310  23.083746    23.2322    38.3035    26.3733     4.9185    214.018 0.0000e+00
      6.082    699.479    23.2065   5.547558     3.6051     0.2228  1.3887363  23.087897    23.2053    38.3026    26.3805     4.9215    214.143 0.0000e+00
      5.649    700.479    23.2060   5.547685     3.6038     0.2223  1.3882275  23.094122    23.2049    38.3042    26.3819     4.9155    213.885 0.0000e+00
      5.399    701.479    23.2216   5.549419     3.6022     0.2238  1.3881767  23.068530    23.2205    38.3042    26.3773     4.9107    213.676 0.0000e+00
      5.727    702.479    23.2159   5.548812     3.6013     0.2053  1.3877697  23.106573    23.2147    38.3043    26.3790     4.9144    213.836 0.0000e+00
      5.886    703.479    23.1897   5.545653     3.6027     0.2086  1.3883293  23.062303    23.1885    38.3025    26.3854     4.9106    213.669 0.0000e+00
      5.773    704.479    23.1504   5.541772     3.5947     0.2098  1.3881767  23.067836    23.1492    38.3065    26.4001     4.9050    213.423 0.0000e+00
      5.556    705.479    23.1619   5.542669     3.5986     0.2108  1.3877188  23.080286    23.1607    38.3036    26.3944     4.9153    213.874 0.0000e+00
      5.509    706.479    23.1776   5.544541     3.5990     0.2233  1.3880240  23.086512    23.1765    38.3044    26.3904     4.9154    213.878 0.0000e+00
      5.759    707.479    23.2136   5.548526     3.5994     0.2165  1.3879223  23.107957    23.2124    38.3041    26.3796     4.9020    213.296 0.0000e+00
      5.929    708.479    23.2161   5.548903     3.5926     0.2197  1.3877188  23.094813    23.2149    38.3048    26.3794     4.8940    212.948 0.0000e+00
      5.698    709.479    23.2134   5.548660     3.5946     0.2225  1.3869557  23.129406    23.2122    38.3053    26.3806     4.9063    213.483 0.0000e+00
      5.551    710.479    23.2148   5.548691     3.5966     0.2176  1.3877697  23.127329    23.2136    38.3044    26.3794     4.9079    213.553 0.0000e+00
      5.820    711.479    23.1925   5.546348     3.5976     0.2071  1.3875662  23.132865    23.1914    38.3054    26.3868     4.9100    213.645 0.0000e+00
      5.934    712.479    23.1915   5.546283     3.5986     0.2037  1.3880749  23.093430    23.1903    38.3057    26.3874     4.9150    213.860 0.0000e+00
      5.564    713.479    23.2022   5.547450     3.6034     0.2178  1.3879223  23.129405    23.2011    38.3057    26.3841     4.9239    214.247 0.0000e+00
      5.522    714.479    23.1975   5.546886     3.6041     0.2130  1.3873118  23.109340    23.1964    38.3054    26.3853     4.9183    214.004 0.0000e+00
      5.836    715.479    23.1883   5.545947     3.6044     0.2137  1.3877188  23.125254    23.1871    38.3060    26.3885     4.9191    214.039 0.0000e+00
      6.035    716.479    23.1887   5.545994     3.6010     0.2231  1.3878205  23.094813    23.1874    38.3060    26.3884     4.9090    213.600 0.0000e+00
      5.781    717.479    23.1969   5.546990     3.5997     0.2208  1.3876170  23.101041    23.1957    38.3066    26.3865     4.9100    213.645 0.0000e+00
      5.384    718.479    23.1953   5.546761     3.5978     0.2231  1.3872609  23.128713    23.1942    38.3064    26.3867     4.9103    213.657 0.0000e+00
      5.601    719.479    23.1976   5.547087     3.6027     0.2028  1.3873118  23.136324    23.1965    38.3068    26.3864     4.9235    214.230 0.0000e+00
      6.027    720.479    23.1922   5.546469     3.6053     0.2011  1.3876170  23.123178    23.1910    38.3066    26.3878     4.9244    214.268 0.0000e+00
      5.855    721.479    23.1886   5.546112     3.6040     0.2036  1.3869557  23.121103    23.1874    38.3070    26.3892     4.9158    213.893 0.0000e+00
