Boussole/Data/SBEMOOSE/Work/cnv/bous232_01.cnv
* Sea-Bird SBE 9 Data File:
* FileName = C:\boussole\202107\bous232_01.hdr
* Software Version Seasave V 7.23.2
* Temperature SN = 2473
* Conductivity SN = 2929
* Number of Bytes Per Scan = 24
* Number of Voltage Words = 4
* Number of Scans Averaged by the Deck Unit = 1
* NMEA baud rate = 4800
** Campagne = BOUSSOLE 232
** Navire = Tethys II
** Station = BOUS232_01
** Date = 12/07/2021
** Heure debut [TU] = 11:01
** Heure fin [TU] = 11:22
** Heure locale / TU = +2
** Latitude = 43 21.957 N
** Longitude = 007 53.921 E
** Heure meteo [TU] = 11:09
** T air sec [deg C] = 23.4
** T mer [deg C] = 23.50
** Vent [noeuds, degres] = 12.5, 71
** Pression atm [hpa] = 1012.1
** Humidite [%] = 82.3
** Nebulosite [octas] = 6-7
** Etat de la mer [code S] = 3
# nquan = 14
# nvalues = 1256                        
# units = specified
# name 0 = prDM: Pressure, Digiquartz [db]
# name 1 = timeS: Time, Elapsed [seconds]
# name 2 = t090C: Temperature [ITS-90, deg C]
# name 3 = c0S/m: Conductivity [S/m]
# name 4 = sbeox0V: Oxygen raw, SBE 43 [V]
# name 5 = flC: Fluorescence, Chelsea Aqua 3 Chl Con [ug/l]
# name 6 = upoly0: Upoly 0, RINKOIII_DO
# name 7 = upoly1: Upoly 1, RINKOIII_Temp
# name 8 = potemp090C: Potential Temperature [ITS-90, deg C]
# name 9 = sal00: Salinity, Practical [PSU]
# name 10 = sigma-é00: Density [sigma-theta, kg/m^3]
# name 11 = sbeox0ML/L: Oxygen, SBE 43 [ml/l], WS = 2
# name 12 = sbox0Mm/Kg: Oxygen, SBE 43 [umol/kg], WS = 2
# name 13 = flag: flag
# span 0 =      0.055,    301.755       
# span 1 =      0.479,   1255.042       
# span 2 =    13.5820,    23.2054       
# span 3 =   4.524931,   5.547696       
# span 4 =     2.4715,     3.9879       
# span 5 =    -0.2341,     2.4195       
# span 6 =  1.3346561,  1.8145095       
# span 7 =  13.583105,  23.159161       
# span 8 =    13.5685,    23.2051       
# span 9 =    38.2073,    38.6675       
# span 10 =    26.3832,    29.0720      
# span 11 =     3.7479,     6.2575      
# span 12 =    162.651,    271.846      
# span 13 = 0.0000e+00, 0.0000e+00      
# interval = seconds: 1                 
# start_time = Jul 12 2021 11:01:32 [System UTC, header]
# bad_flag = -9.990e-29
*END*
[from data line 723]
    109.940    723.479    13.6847   4.541937     2.7624     0.1426  1.7385531  13.698668    13.6686    38.5388    28.9965     4.2839    185.926 0.0000e+00
    108.700    724.479    13.6756   4.540682     2.7692     0.1475  1.7357550  13.710974    13.6597    38.5365    28.9966     4.2947    186.395 0.0000e+00
    107.503    725.479    13.6766   4.540653     2.7751     0.1484  1.7347883  13.702086    13.6609    38.5357    28.9958     4.3032    186.766 0.0000e+00
    106.630    726.479    13.6758   4.540394     2.7810     0.1482  1.7336182  13.687046    13.6602    38.5345    28.9950     4.3176    187.391 0.0000e+00
    105.703    727.479    13.6691   4.539320     2.7881     0.1484  1.7294465  13.680209    13.6537    38.5314    28.9940     4.3353    188.159 0.0000e+00
    104.707    728.479    13.6575   4.537545     2.7960     0.1466  1.7247659  13.680209    13.6422    38.5267    28.9928     4.3515    188.864 0.0000e+00
    103.764    729.479    13.6501   4.536404     2.8029     0.1467  1.7227818  13.680893    13.6349    38.5237    28.9920     4.3701    189.669 0.0000e+00
    102.730    730.479    13.6360   4.534225     2.8139     0.1348  1.7222222  13.682260    13.6210    38.5176    28.9902     4.4016    191.035 0.0000e+00
    101.683    731.479    13.6201   4.531831     2.8246     0.1544  1.7213573  13.665168    13.6052    38.5113    28.9888     4.4229    191.962 0.0000e+00
    100.656    732.479    13.6098   4.530299     2.8355     0.1619  1.7188136  13.663116    13.5952    38.5075    28.9879     4.4424    192.807 0.0000e+00
     99.673    733.479    13.6033   4.529207     2.8439     0.1629  1.7165751  13.637132    13.5888    38.5041    28.9867     4.4498    193.128 0.0000e+00
     98.817    734.479    13.5970   4.528081     2.8498     0.1692  1.7112332  13.618668    13.5826    38.5001    28.9849     4.4555    193.376 0.0000e+00
     97.800    735.479    13.5968   4.527974     2.8544     0.1817  1.7055352  13.632346    13.5826    38.4997    28.9846     4.4644    193.764 0.0000e+00
     96.825    736.479    13.5968   4.527876     2.8598     0.1839  1.7041616  13.631662    13.5827    38.4992    28.9842     4.4741    194.183 0.0000e+00
     95.953    737.479    13.5921   4.527047     2.8639     0.1844  1.7031950  13.617301    13.5781    38.4965    28.9831     4.4746    194.205 0.0000e+00
     94.700    738.479    13.5893   4.526563     2.8655     0.1706  1.7015161  13.615249    13.5755    38.4953    28.9827     4.4762    194.277 0.0000e+00
     93.519    739.479    13.5875   4.526232     2.8680     0.1758  1.6995319  13.603623    13.5739    38.4945    28.9824     4.4825    194.549 0.0000e+00
     92.971    740.479    13.5893   4.526559     2.8718     0.1742  1.6960216  13.599520    13.5758    38.4960    28.9832     4.4960    195.137 0.0000e+00
     92.206    741.479    13.5867   4.525942     2.8761     0.1670  1.6944445  13.591312    13.5733    38.4931    28.9815     4.5003    195.322 0.0000e+00
     90.824    742.479    13.5825   4.525196     2.8790     0.1663  1.6927147  13.598152    13.5692    38.4909    28.9806     4.5016    195.379 0.0000e+00
     89.530    743.479    13.5850   4.525253     2.8798     0.1736  1.6916463  13.587209    13.5719    38.4895    28.9790     4.4946    195.077 0.0000e+00
     88.809    744.479    13.5849   4.525114     2.8791     0.1835  1.6899674  13.583789    13.5720    38.4886    28.9782     4.4926    194.990 0.0000e+00
     88.039    745.479    13.5868   4.525310     2.8793     0.1814  1.6881868  13.583105    13.5739    38.4889    28.9781     4.4920    194.962 0.0000e+00
     86.868    746.479    13.5871   4.525277     2.8780     0.1920  1.6870167  13.585841    13.5744    38.4888    28.9779     4.4846    194.640 0.0000e+00
     85.789    747.479    13.5911   4.525664     2.8763     0.1925  1.6867115  13.583105    13.5786    38.4889    28.9770     4.4793    194.413 0.0000e+00
     85.002    748.479    13.5994   4.526558     2.8744     0.1947  1.6858975  13.585841    13.5870    38.4895    28.9757     4.4770    194.314 0.0000e+00
     84.128    749.479    13.6087   4.527523     2.8746     0.1866  1.6855922  13.597468    13.5964    38.4897    28.9739     4.4841    194.620 0.0000e+00
     82.883    750.479    13.6119   4.527695     2.8767     0.1999  1.6855413  13.586525    13.5999    38.4886    28.9723     4.4895    194.856 0.0000e+00
     81.610    751.479    13.6139   4.527614     2.8786     0.2047  1.6851343  13.593364    13.6020    38.4865    28.9702     4.4897    194.863 0.0000e+00
     80.888    752.479    13.6131   4.527445     2.8790     0.2223  1.6844730  13.599520    13.6013    38.4860    28.9699     4.4899    194.874 0.0000e+00
     80.392    753.479    13.6137   4.527425     2.8813     0.2221  1.6847782  13.598836    13.6019    38.4854    28.9694     4.5006    195.339 0.0000e+00
     79.044    754.479    13.6151   4.527309     2.8846     0.2185  1.6842186  13.599520    13.6036    38.4835    28.9675     4.5057    195.558 0.0000e+00
     77.582    755.479    13.6149   4.527073     2.8866     0.2111  1.6842695  13.599520    13.6036    38.4821    28.9664     4.5017    195.386 0.0000e+00
     76.945    756.479    13.6151   4.527053     2.8858     0.2252  1.6834555  13.603623    13.6039    38.4820    28.9664     4.4949    195.091 0.0000e+00
     76.275    757.479    13.6171   4.527075     2.8860     0.2213  1.6828449  13.603623    13.6060    38.4805    28.9647     4.5054    195.548 0.0000e+00
     75.015    758.479    13.6198   4.527101     2.8902     0.2276  1.6825906  13.606359    13.6088    38.4787    28.9627     4.5209    196.219 0.0000e+00
     73.727    759.479    13.6216   4.527033     2.8948     0.2269  1.6820309  13.610462    13.6108    38.4767    28.9608     4.5258    196.433 0.0000e+00
     72.812    760.479    13.6232   4.526952     2.8977     0.2229  1.6814713  13.615249    13.6125    38.4748    28.9589     4.5275    196.510 0.0000e+00
     72.184    761.479    13.6243   4.526972     2.9004     0.2303  1.6804538  13.614565    13.6138    38.4741    28.9581     4.5352    196.843 0.0000e+00
     71.212    762.479    13.6224   4.526395     2.9048     0.2288  1.6803521  13.615933    13.6121    38.4709    28.9560     4.5482    197.408 0.0000e+00
     69.778    763.479    13.6176   4.525478     2.9093     0.2360  1.6795890  13.613197    13.6074    38.4677    28.9545     4.5523    197.583 0.0000e+00
     68.903    764.479    13.6175   4.525274     2.9119     0.2380  1.6782153  13.613197    13.6075    38.4662    28.9533     4.5536    197.639 0.0000e+00
     68.319    765.479    13.6189   4.525456     2.9136     0.2303  1.6774013  13.615249    13.6089    38.4669    28.9535     4.5501    197.489 0.0000e+00
     67.197    766.479    13.6212   4.525109     2.9127     0.2476  1.6767400  13.613881    13.6114    38.4618    28.9490     4.5422    197.149 0.0000e+00
     66.287    767.479    13.6215   4.525137     2.9118     0.2503  1.6759260  13.614565    13.6118    38.4621    28.9492     4.5434    197.200 0.0000e+00
     66.047    768.479    13.6219   4.525094     2.9123     0.2552  1.6754172  13.615249    13.6123    38.4614    28.9486     4.5452    197.279 0.0000e+00
     65.752    769.479    13.6226   4.525119     2.9119     0.2504  1.6747050  13.615249    13.6130    38.4611    28.9482     4.5415    197.117 0.0000e+00
     65.068    770.479    13.6259   4.525140     2.9114     0.2575  1.6749085  13.615249    13.6164    38.4583    28.9452     4.5407    197.082 0.0000e+00
     64.506    771.479    13.6269   4.525181     2.9107     0.2707  1.6752646  13.615249    13.6175    38.4579    28.9447     4.5382    196.973 0.0000e+00
     64.378    772.479    13.6276   4.525194     2.9101     0.2855  1.6751120  13.615249    13.6182    38.4574    28.9441     4.5348    196.829 0.0000e+00
     64.129    773.479    13.6280   4.525191     2.9087     0.2878  1.6751628  13.617985    13.6186    38.4571    28.9439     4.5356    196.864 0.0000e+00
     63.365    774.479    13.6289   4.525198     2.9098     0.2989  1.6749593  13.616617    13.6197    38.4565    28.9432     4.5412    197.105 0.0000e+00
     62.723    775.479    13.6299   4.525214     2.9105     0.3043  1.6748067  13.615249    13.6207    38.4561    28.9426     4.5400    197.054 0.0000e+00
     62.452    776.479    13.6306   4.525248     2.9105     0.3058  1.6750102  13.615933    13.6215    38.4558    28.9422     4.5372    196.931 0.0000e+00
     62.174    777.479    13.6312   4.525255     2.9103     0.3029  1.6748067  13.620036    13.6221    38.4553    28.9418     4.5396    197.034 0.0000e+00
     61.793    778.479    13.6324   4.525264     2.9110     0.3026  1.6749085  13.625507    13.6234    38.4544    28.9408     4.5427    197.171 0.0000e+00
     61.108    779.479    13.6336   4.525232     2.9129     0.3078  1.6749085  13.620720    13.6247    38.4532    28.9395     4.5472    197.365 0.0000e+00
     60.582    780.479    13.6349   4.525192     2.9131     0.3240  1.6749593  13.622088    13.6261    38.4518    28.9382     4.5377    196.956 0.0000e+00
     60.367    781.479    13.6351   4.525177     2.9112     0.3270  1.6748067  13.626191    13.6263    38.4515    28.9379     4.5345    196.817 0.0000e+00
     59.953    782.479    13.6361   4.525154     2.9107     0.3216  1.6750611  13.630978    13.6274    38.4505    28.9369     4.5386    196.994 0.0000e+00
     59.305    783.479    13.6359   4.525094     2.9123     0.3202  1.6750102  13.630294    13.6273    38.4504    28.9368     4.5468    197.349 0.0000e+00
     58.595    784.479    13.6363   4.525033     2.9141     0.3125  1.6748067  13.627559    13.6278    38.4497    28.9362     4.5439    197.223 0.0000e+00
     58.292    785.479    13.6363   4.525018     2.9133     0.3285  1.6749593  13.628243    13.6278    38.4497    28.9362     4.5386    196.993 0.0000e+00
     58.166    786.479    13.6363   4.525026     2.9125     0.3449  1.6752137  13.630294    13.6278    38.4498    28.9363     4.5370    196.923 0.0000e+00
     57.430    787.479    13.6379   4.524980     2.9120     0.3488  1.6749085  13.630978    13.6295    38.4481    28.9346     4.5372    196.933 0.0000e+00
     56.423    788.479    13.6412   4.525038     2.9117     0.3590  1.6749085  13.630978    13.6329    38.4459    28.9321     4.5404    197.071 0.0000e+00
     56.177    789.479    13.6410   4.525038     2.9146     0.3815  1.6750102  13.630294    13.6328    38.4462    28.9324     4.5482    197.411 0.0000e+00
     56.369    790.479    13.6378   4.524969     2.9145     0.3974  1.6751628  13.628927    13.6296    38.4486    28.9350     4.5370    196.926 0.0000e+00
     55.727    791.479    13.6417   4.525049     2.9115     0.4057  1.6750611  13.631662    13.6336    38.4457    28.9318     4.5266    196.474 0.0000e+00
     54.808    792.479    13.6440   4.525126     2.9097     0.4137  1.6752137  13.631662    13.6360    38.4446    28.9304     4.5307    196.650 0.0000e+00
     54.719    793.479    13.6437   4.525112     2.9106     0.4455  1.6756207  13.632346    13.6357    38.4447    28.9306     4.5337    196.783 0.0000e+00
     54.680    794.479    13.6428   4.525074     2.9095     0.4566  1.6754681  13.631662    13.6348    38.4454    28.9313     4.5262    196.455 0.0000e+00
     54.155    795.479    13.6443   4.525136     2.9084     0.4679  1.6757225  13.631662    13.6364    38.4447    28.9305     4.5300    196.620 0.0000e+00
     53.896    796.479    13.6466   4.525227     2.9100     0.5030  1.6758242  13.633030    13.6387    38.4433    28.9289     4.5356    196.865 0.0000e+00
     53.737    797.479    13.6471   4.525234     2.9107     0.4952  1.6763838  13.636449    13.6393    38.4429    28.9285     4.5337    196.782 0.0000e+00
     53.149    798.479    13.6481   4.525277     2.9107     0.5201  1.6767908  13.638500    13.6403    38.4427    28.9280     4.5293    196.591 0.0000e+00
     52.701    799.479    13.6497   4.525374     2.9088     0.5658  1.6766891  13.636449    13.6420    38.4421    28.9273     4.5188    196.137 0.0000e+00
     52.717    800.479    13.6503   4.525418     2.9060     0.5852  1.6768417  13.637132    13.6426    38.4420    28.9270     4.5215    196.255 0.0000e+00
     52.606    801.479    13.6510   4.525460     2.9080     0.5973  1.6766891  13.643286    13.6433    38.4417    28.9267     4.5317    196.695 0.0000e+00
     52.021    802.479    13.6544   4.525666     2.9091     0.6592  1.6770452  13.645338    13.6469    38.4405    28.9250     4.5298    196.616 0.0000e+00
     51.340    803.479    13.6563   4.525782     2.9092     0.7920  1.6769435  13.641235    13.6488    38.4400    28.9242     4.5295    196.601 0.0000e+00
     51.295    804.479    13.6556   4.525736     2.9107     0.8894  1.6766891  13.643286    13.6481    38.4403    28.9245     4.5381    196.972 0.0000e+00
     51.729    805.479    13.6554   4.525742     2.9139     0.9978  1.6764347  13.641235    13.6478    38.4404    28.9247     4.5508    197.526 0.0000e+00
     51.382    806.479    13.6572   4.525857     2.9184     1.0302  1.6762312  13.646705    13.6497    38.4399    28.9239     4.5555    197.729 0.0000e+00
     50.899    807.479    13.6609   4.526096     2.9192     1.1996  1.6752646  13.647389    13.6535    38.4386    28.9221     4.5467    197.349 0.0000e+00
     51.357    808.479    13.6594   4.526008     2.9192     1.3013  1.6748067  13.648757    13.6519    38.4391    28.9228     4.5512    197.544 0.0000e+00
     51.637    809.479    13.6588   4.525977     2.9214     1.1849  1.6740944  13.648073    13.6513    38.4392    28.9230     4.5615    197.992 0.0000e+00
     51.171    810.479    13.6613   4.526154     2.9246     1.2153  1.6736366  13.649441    13.6538    38.4386    28.9221     4.5620    198.011 0.0000e+00
     51.131    811.479    13.6620   4.526196     2.9236     1.3147  1.6724156  13.648757    13.6545    38.4383    28.9216     4.5508    197.527 0.0000e+00
     51.535    812.479    13.6604   4.526087     2.9230     1.3741  1.6713472  13.651492    13.6529    38.4387    28.9223     4.5607    197.954 0.0000e+00
     51.412    813.479    13.6605   4.526092     2.9265     1.3779  1.6708893  13.650808    13.6530    38.4387    28.9223     4.5690    198.316 0.0000e+00
     51.173    814.479    13.6620   4.526200     2.9269     1.4068  1.6703297  13.654911    13.6545    38.4383    28.9217     4.5651    198.148 0.0000e+00
     51.300    815.479    13.6624   4.526231     2.9287     1.4423  1.6690070  13.652860    13.6549    38.4382    28.9214     4.5728    198.480 0.0000e+00
     51.476    816.479    13.6611   4.526118     2.9308     1.5333  1.6687017  13.654227    13.6536    38.4383    28.9218     4.5757    198.606 0.0000e+00
     51.418    817.479    13.6614   4.526131     2.9317     1.5075  1.6684982  13.652860    13.6539    38.4382    28.9217     4.5744    198.550 0.0000e+00
     51.319    818.479    13.6622   4.526205     2.9322     1.5581  1.6684982  13.655595    13.6547    38.4381    28.9214     4.5738    198.526 0.0000e+00
     51.346    819.479    13.6620   4.526179     2.9318     1.5797  1.6682947  13.657646    13.6545    38.4381    28.9215     4.5682    198.283 0.0000e+00
     51.328    820.479    13.6618   4.526154     2.9306     1.5880  1.6678368  13.656279    13.6543    38.4380    28.9215     4.5702    198.370 0.0000e+00
     51.350    821.479    13.6620   4.526184     2.9314     1.5379  1.6677351  13.658330    13.6545    38.4381    28.9215     4.5741    198.536 0.0000e+00
     51.485    822.479    13.6615   4.526142     2.9325     1.5061  1.6674807  13.659014    13.6540    38.4381    28.9216     4.5798    198.784 0.0000e+00
     51.455    823.479    13.6616   4.526157     2.9347     1.5249  1.6677860  13.659014    13.6541    38.4382    28.9217     4.5841    198.973 0.0000e+00
     51.347    824.479    13.6626   4.526241     2.9359     1.5581  1.6678877  13.658330    13.6551    38.4381    28.9214     4.5811    198.840 0.0000e+00
