Boussole/Data/SBEMOOSE/Work/cnv/bous235_01.cnv
* Sea-Bird SBE 9 Data File:
* FileName = C:\boussole\202110\bous235_01.hdr
* Software Version Seasave V 7.23.2
* Temperature SN = 1378
* Conductivity SN = 2929
* Number of Bytes Per Scan = 34
* Number of Voltage Words = 3
* Number of Scans Averaged by the Deck Unit = 1
* NMEA Latitude = 43 22.09 N
* NMEA Longitude = 007 53.89 E
* NMEA UTC (Time) = Oct 12 2021  09:37:41
* NMEA baud rate = 4800
** Campagne = BOUSSOLE 235
** Navire = Tethys II
** Station = BOUS235_01
** Date = 12/10/2021
** Heure debut [TU] = 09:37
** Heure fin [TU] = 10:16
** Heure locale / TU = +2
** Latitude = 43 22.019 N
** Longitude = 007 53.900 E
** Heure meteo [TU] = 09:36
** T air sec [deg C] = 19.7
** T mer [deg C] = 19.17
** Vent [noeuds, degres] = 3.8, 170
** Pression atm [hpa] = 1014.6
** Humidite [%] = 68.6
** Nebulosite [octas] = 1
** Etat de la mer [code S] = 2
# nquan = 14
# nvalues = 2350                        
# units = specified
# name 0 = prDM: Pressure, Digiquartz [db]
# name 1 = timeS: Time, Elapsed [seconds]
# name 2 = t090C: Temperature [ITS-90, deg C]
# name 3 = c0S/m: Conductivity [S/m]
# name 4 = sbeox0V: Oxygen raw, SBE 43 [V]
# name 5 = flC: Fluorescence, Chelsea Aqua 3 Chl Con [ug/l]
# name 6 = upoly0: Upoly 0, RINKOIII_DO
# name 7 = upoly1: Upoly 1, RINKOIII_Temp
# name 8 = potemp090C: Potential Temperature [ITS-90, deg C]
# name 9 = sal00: Salinity, Practical [PSU]
# name 10 = sigma-é00: Density [sigma-theta, kg/m^3]
# name 11 = sbeox0ML/L: Oxygen, SBE 43 [ml/l], WS = 2
# name 12 = sbox0Mm/Kg: Oxygen, SBE 43 [umol/kg], WS = 2
# name 13 = flag: flag
# span 0 =      0.079,    405.155       
# span 1 =      0.479,   2349.167       
# span 2 =    13.6924,    19.5523       
# span 3 =   0.070848,   5.147970       
# span 4 =     2.4078,     3.5988       
# span 5 =    -0.2893,     0.6756       
# span 6 =  1.3902116,  1.8201567       
# span 7 =  13.679526,  19.440129       
# span 8 =    13.6324,    19.5522       
# span 9 =     0.4004,    38.6445       
# span 10 =    -1.1532,    29.0821      
# span 11 =     3.6676,     5.6821      
# span 12 =    159.164,    246.722      
# span 13 = 0.0000e+00, 0.0000e+00      
# interval = seconds: 1                 
# start_time = Oct 12 2021 09:37:41 [NMEA time, header]
# bad_flag = -9.990e-29
*END*
[from data line 1755]
     50.632   1755.479    14.0158   4.558817     3.1306     0.5922  1.5881156  13.992466    14.0083    38.3931    28.8105     4.9484    214.808 0.0000e+00
     50.091   1756.479    14.0186   4.559031     3.1337     0.5997  1.5876577  13.972662    14.0112    38.3925    28.8094     4.9470    214.747 0.0000e+00
     50.171   1757.479    14.0182   4.558989     3.1343     0.6011  1.5879630  13.982906    14.0108    38.3925    28.8095     4.9450    214.662 0.0000e+00
     50.559   1758.479    14.0171   4.558923     3.1356     0.5897  1.5875560  13.989052    14.0096    38.3928    28.8099     4.9458    214.695 0.0000e+00
     50.536   1759.479    14.0162   4.558804     3.1342     0.5926  1.5863350  13.992466    14.0087    38.3926    28.8100     4.9408    214.479 0.0000e+00
     50.119   1760.479    14.0207   4.559170     3.1351     0.5863  1.5854701  13.991783    14.0133    38.3918    28.8083     4.9482    214.796 0.0000e+00
     50.169   1761.479    14.0211   4.559202     3.1365     0.5792  1.5848596  13.992466    14.0136    38.3917    28.8082     4.9508    214.910 0.0000e+00
     50.572   1762.479    14.0187   4.559022     3.1376     0.5827  1.5844017  13.992466    14.0112    38.3922    28.8091     4.9504    214.896 0.0000e+00
     50.499   1763.479    14.0192   4.559049     3.1368     0.5883  1.5839439  13.993149    14.0117    38.3920    28.8088     4.9440    214.618 0.0000e+00
     50.225   1764.479    14.0213   4.559224     3.1363     0.5867  1.5840456  13.992466    14.0139    38.3916    28.8081     4.9471    214.752 0.0000e+00
     50.276   1765.479    14.0198   4.559087     3.1367     0.5796  1.5836386  13.992466    14.0123    38.3918    28.8086     4.9487    214.821 0.0000e+00
     50.475   1766.479    14.0188   4.559015     3.1377     0.5801  1.5835369  13.992466    14.0113    38.3920    28.8089     4.9539    215.047 0.0000e+00
     50.328   1767.479    14.0196   4.559076     3.1385     0.5687  1.5836386  13.994515    14.0122    38.3918    28.8086     4.9490    214.834 0.0000e+00
     50.211   1768.479    14.0199   4.559094     3.1373     0.5773  1.5832316  13.995197    14.0125    38.3918    28.8086     4.9468    214.736 0.0000e+00
     50.394   1769.479    14.0190   4.559022     3.1372     0.5884  1.5828246  13.992466    14.0115    38.3920    28.8089     4.9463    214.716 0.0000e+00
     50.550   1770.479    14.0175   4.558902     3.1362     0.5842  1.5828755  13.993149    14.0100    38.3922    28.8094     4.9453    214.671 0.0000e+00
     50.559   1771.479    14.0170   4.558852     3.1365     0.5863  1.5828246  13.992466    14.0095    38.3923    28.8096     4.9512    214.929 0.0000e+00
     50.267   1772.479    14.0192   4.559018     3.1384     0.5932  1.5829264  13.995198    14.0118    38.3918    28.8086     4.9546    215.076 0.0000e+00
     50.019   1773.479    14.0202   4.559100     3.1385     0.5873  1.5831298  13.993832    14.0127    38.3917    28.8084     4.9474    214.762 0.0000e+00
     50.346   1774.479    14.0192   4.559034     3.1370     0.5766  1.5829772  13.993149    14.0117    38.3919    28.8088     4.9449    214.655 0.0000e+00
     50.685   1775.479    14.0163   4.558794     3.1366     0.5651  1.5831298  13.994515    14.0088    38.3923    28.8097     4.9470    214.745 0.0000e+00
     50.459   1776.479    14.0164   4.558789     3.1365     0.5718  1.5832825  13.994515    14.0089    38.3924    28.8097     4.9482    214.799 0.0000e+00
     50.202   1777.479    14.0186   4.558970     3.1373     0.5762  1.5827737  13.993149    14.0112    38.3920    28.8089     4.9522    214.970 0.0000e+00
     50.304   1778.479    14.0175   4.558882     3.1384     0.5805  1.5834351  13.993149    14.0100    38.3922    28.8093     4.9521    214.970 0.0000e+00
     50.431   1779.479    14.0156   4.558752     3.1381     0.5774  1.5832316  13.993832    14.0081    38.3928    28.8102     4.9500    214.874 0.0000e+00
     50.396   1780.479    14.0173   4.558881     3.1385     0.5879  1.5832825  13.992466    14.0098    38.3923    28.8095     4.9548    215.085 0.0000e+00
     50.347   1781.479    14.0192   4.559051     3.1395     0.5929  1.5832316  13.996563    14.0117    38.3921    28.8089     4.9512    214.929 0.0000e+00
     50.370   1782.479    14.0191   4.559044     3.1380     0.5958  1.5833842  13.993149    14.0116    38.3921    28.8089     4.9489    214.830 0.0000e+00
     50.415   1783.479    14.0177   4.558915     3.1391     0.5893  1.5830281  13.993149    14.0102    38.3922    28.8093     4.9548    215.084 0.0000e+00
     50.419   1784.479    14.0167   4.558827     3.1385     0.5871  1.5828755  13.993149    14.0092    38.3925    28.8097     4.9431    214.575 0.0000e+00
     50.383   1785.479    14.0175   4.558883     3.1351     0.5867  1.5831807  13.993832    14.0100    38.3922    28.8094     4.9418    214.520 0.0000e+00
     50.372   1786.479    14.0177   4.558905     3.1369     0.5742  1.5830281  13.995197    14.0102    38.3921    28.8093     4.9526    214.988 0.0000e+00
     50.308   1787.479    14.0199   4.559106     3.1372     0.5834  1.5826720  14.000661    14.0124    38.3918    28.8086     4.9474    214.766 0.0000e+00
     50.371   1788.479    14.0197   4.559094     3.1375     0.5766  1.5828246  13.999295    14.0122    38.3919    28.8086     4.9545    215.074 0.0000e+00
     50.431   1789.479    14.0194   4.559057     3.1397     0.5722  1.5824176  13.998612    14.0119    38.3918    28.8087     4.9561    215.139 0.0000e+00
     50.350   1790.479    14.0213   4.559213     3.1396     0.5745  1.5825702  14.001343    14.0138    38.3915    28.8080     4.9516    214.948 0.0000e+00
     50.413   1791.479    14.0195   4.559082     3.1386     0.5714  1.5823158  13.997929    14.0120    38.3920    28.8088     4.9460    214.704 0.0000e+00
     50.468   1792.479    14.0197   4.559099     3.1369     0.5674  1.5825702  13.997929    14.0122    38.3920    28.8087     4.9472    214.756 0.0000e+00
     50.387   1793.479    14.0217   4.559273     3.1385     0.5629  1.5825193  14.001343    14.0142    38.3916    28.8080     4.9552    215.103 0.0000e+00
     50.346   1794.479    14.0226   4.559347     3.1387     0.5518  1.5825193  14.000660    14.0151    38.3915    28.8077     4.9504    214.896 0.0000e+00
     50.298   1795.479    14.0217   4.559268     3.1389     0.5589  1.5823158  14.002709    14.0142    38.3916    28.8080     4.9527    214.996 0.0000e+00
     50.284   1796.479    14.0199   4.559108     3.1389     0.5721  1.5822650  13.997929    14.0124    38.3919    28.8086     4.9505    214.897 0.0000e+00
     50.432   1797.479    14.0199   4.559115     3.1388     0.5757  1.5824176  13.999978    14.0124    38.3919    28.8086     4.9539    215.044 0.0000e+00
     50.595   1798.479    14.0189   4.559034     3.1398     0.5746  1.5825193  13.997929    14.0114    38.3921    28.8090     4.9558    215.129 0.0000e+00
     50.489   1799.479    14.0195   4.559072     3.1403     0.5830  1.5823667  13.999295    14.0120    38.3919    28.8087     4.9558    215.127 0.0000e+00
     50.170   1800.479    14.0215   4.559235     3.1401     0.5999  1.5824685  14.003392    14.0140    38.3916    28.8080     4.9517    214.948 0.0000e+00
     50.200   1801.479    14.0217   4.559252     3.1397     0.5954  1.5824176  14.002709    14.0143    38.3915    28.8079     4.9543    215.063 0.0000e+00
     50.549   1802.479    14.0203   4.559157     3.1403     0.5968  1.5822650  14.000660    14.0128    38.3918    28.8085     4.9550    215.093 0.0000e+00
     50.490   1803.479    14.0206   4.559179     3.1407     0.5952  1.5823158  13.999978    14.0131    38.3918    28.8084     4.9618    215.388 0.0000e+00
     50.275   1804.479    14.0220   4.559288     3.1437     0.5764  1.5821632  14.004075    14.0145    38.3915    28.8078     4.9664    215.591 0.0000e+00
     50.341   1805.479    14.0218   4.559275     3.1442     0.5703  1.5823158  14.002709    14.0143    38.3916    28.8080     4.9609    215.351 0.0000e+00
     50.422   1806.479    14.0210   4.559222     3.1434     0.5782  1.5825702  14.003392    14.0135    38.3918    28.8083     4.9576    215.205 0.0000e+00
     50.392   1807.479    14.0216   4.559265     3.1419     0.5912  1.5826720  14.004758    14.0141    38.3917    28.8081     4.9539    215.048 0.0000e+00
     50.346   1808.479    14.0219   4.559293     3.1418     0.5876  1.5822650  14.005441    14.0144    38.3916    28.8079     4.9580    215.225 0.0000e+00
     50.432   1809.479    14.0215   4.559260     3.1421     0.5790  1.5823158  14.000661    14.0140    38.3917    28.8081     4.9574    215.197 0.0000e+00
     50.429   1810.479    14.0214   4.559245     3.1415     0.5760  1.5824176  14.004075    14.0139    38.3916    28.8081     4.9546    215.075 0.0000e+00
     50.288   1811.479    14.0224   4.559333     3.1411     0.5724  1.5823158  14.007489    14.0149    38.3915    28.8078     4.9549    215.088 0.0000e+00
     50.399   1812.479    14.0220   4.559305     3.1403     0.5869  1.5821123  14.006123    14.0145    38.3916    28.8080     4.9506    214.901 0.0000e+00
     50.557   1813.479    14.0209   4.559201     3.1394     0.5796  1.5824176  14.004758    14.0134    38.3917    28.8083     4.9533    215.019 0.0000e+00
     50.266   1814.479    14.0236   4.559411     3.1404     0.5831  1.5822141  14.004758    14.0162    38.3910    28.8071     4.9577    215.213 0.0000e+00
     50.083   1815.479    14.0255   4.559554     3.1416     0.5866  1.5821123  14.008855    14.0181    38.3906    28.8064     4.9581    215.227 0.0000e+00
     50.479   1816.479    14.0233   4.559396     3.1415     0.5758  1.5819088  14.008172    14.0158    38.3912    28.8073     4.9568    215.174 0.0000e+00
     50.723   1817.479    14.0218   4.559285     3.1420     0.5771  1.5820615  14.004075    14.0143    38.3915    28.8079     4.9578    215.216 0.0000e+00
     50.379   1818.479    14.0246   4.559491     3.1410     0.5793  1.5818580  14.007489    14.0171    38.3908    28.8068     4.9505    214.897 0.0000e+00
     50.134   1819.479    14.0260   4.559593     3.1393     0.5807  1.5820106  14.007489    14.0186    38.3904    28.8061     4.9498    214.869 0.0000e+00
     50.324   1820.479    14.0255   4.559574     3.1399     0.5921  1.5823158  14.006806    14.0180    38.3907    28.8065     4.9574    215.199 0.0000e+00
     50.492   1821.479    14.0249   4.559539     3.1418     0.5805  1.5820615  14.007489    14.0174    38.3909    28.8067     4.9622    215.407 0.0000e+00
     50.300   1822.479    14.0253   4.559564     3.1430     0.5808  1.5818580  14.006806    14.0178    38.3908    28.8066     4.9593    215.282 0.0000e+00
     50.280   1823.479    14.0247   4.559539     3.1420     0.5848  1.5821123  14.008855    14.0173    38.3911    28.8070     4.9549    215.091 0.0000e+00
     50.622   1824.479    14.0241   4.559484     3.1421     0.5867  1.5818071  14.008855    14.0166    38.3911    28.8071     4.9615    215.376 0.0000e+00
     50.566   1825.479    14.0243   4.559488     3.1436     0.5824  1.5818580  14.008172    14.0168    38.3909    28.8069     4.9639    215.479 0.0000e+00
     50.000   1826.479    14.0263   4.559588     3.1444     0.5789  1.5820106  14.008855    14.0188    38.3902    28.8059     4.9661    215.578 0.0000e+00
     49.860   1827.479    14.0262   4.559591     3.1457     0.5848  1.5819597  14.009538    14.0188    38.3903    28.8060     4.9617    215.387 0.0000e+00
     50.208   1828.479    14.0260   4.559601     3.1428     0.5829  1.5820106  14.008172    14.0186    38.3905    28.8062     4.9521    214.967 0.0000e+00
     50.032   1829.479    14.0261   4.559588     3.1426     0.5832  1.5819597  14.008172    14.0187    38.3903    28.8060     4.9605    215.332 0.0000e+00
     49.453   1830.479    14.0277   4.559686     3.1434     0.5797  1.5815527  14.009538    14.0204    38.3899    28.8053     4.9600    215.309 0.0000e+00
     49.199   1831.479    14.0290   4.559786     3.1436     0.5816  1.5819088  14.008855    14.0217    38.3897    28.8049     4.9636    215.467 0.0000e+00
     49.176   1832.479    14.0289   4.559775     3.1454     0.5839  1.5816545  14.009538    14.0216    38.3897    28.8050     4.9646    215.512 0.0000e+00
     48.830   1833.479    14.0311   4.559882     3.1445     0.5859  1.5814510  14.010903    14.0238    38.3887    28.8037     4.9573    215.194 0.0000e+00
     48.222   1834.479    14.0295   4.559593     3.1437     0.5847  1.5811966  14.008855    14.0223    38.3879    28.8033     4.9567    215.170 0.0000e+00
     47.695   1835.479    14.0290   4.559498     3.1427     0.5842  1.5813492  14.008855    14.0219    38.3876    28.8033     4.9546    215.076 0.0000e+00
     46.969   1836.479    14.0287   4.559415     3.1427     0.5935  1.5811457  14.008855    14.0217    38.3875    28.8032     4.9574    215.199 0.0000e+00
     46.296   1837.479    14.0280   4.559268     3.1430     0.5855  1.5810440  14.009538    14.0211    38.3871    28.8030     4.9585    215.248 0.0000e+00
     45.814   1838.479    14.0298   4.559398     3.1442     0.5953  1.5814001  14.010903    14.0230    38.3867    28.8023     4.9653    215.541 0.0000e+00
     45.225   1839.479    14.0333   4.559686     3.1471     0.5976  1.5810948  14.010221    14.0266    38.3863    28.8012     4.9740    215.921 0.0000e+00
     44.513   1840.479    14.0383   4.560138     3.1512     0.5945  1.5805861  14.010221    14.0317    38.3859    28.7997     4.9874    216.501 0.0000e+00
     43.924   1841.479    14.0469   4.560944     3.1563     0.6010  1.5803826  14.017731    14.0404    38.3851    28.7973     4.9890    216.570 0.0000e+00
     43.425   1842.479    14.0508   4.561286     3.1569     0.5958  1.5795177  14.025242    14.0444    38.3847    28.7961     4.9763    216.020 0.0000e+00
     42.684   1843.479    14.0517   4.561332     3.1551     0.6038  1.5785511  14.027973    14.0454    38.3846    28.7958     4.9785    216.115 0.0000e+00
     41.955   1844.479    14.0509   4.561240     3.1580     0.6059  1.5777371  14.025242    14.0447    38.3848    28.7961     4.9911    216.663 0.0000e+00
     41.519   1845.479    14.0508   4.561237     3.1612     0.5938  1.5777371  14.027290    14.0446    38.3851    28.7964     5.0050    217.267 0.0000e+00
     41.286   1846.479    14.0530   4.561445     3.1692     0.5848  1.5773301  14.032070    14.0468    38.3850    28.7958     5.0298    218.345 0.0000e+00
     40.899   1847.479    14.0769   4.563972     3.1767     0.5871  1.5762109  14.058696    14.0708    38.3851    28.7907     5.0315    218.419 0.0000e+00
     40.638   1848.479    14.0926   4.565635     3.1798     0.5806  1.5739723  14.072350    14.0866    38.3852    28.7873     5.0275    218.245 0.0000e+00
     40.497   1849.479    14.0937   4.565746     3.1822     0.5700  1.5718356  14.074398    14.0877    38.3853    28.7871     5.0325    218.461 0.0000e+00
     40.379   1850.479    14.0999   4.566381     3.1841     0.5797  1.5707163  14.077128    14.0939    38.3851    28.7857     5.0271    218.226 0.0000e+00
     40.394   1851.479    14.1015   4.566550     3.1834     0.5829  1.5695462  14.084637    14.0955    38.3851    28.7853     5.0386    218.727 0.0000e+00
     40.443   1852.479    14.1017   4.566570     3.1927     0.5795  1.5686813  14.080542    14.0957    38.3851    28.7852     5.0746    220.290 0.0000e+00
     40.209   1853.479    14.1259   4.569121     3.1996     0.5586  1.5666464  14.143336    14.1199    38.3851    28.7800     5.0565    219.508 0.0000e+00
     40.123   1854.479    14.1517   4.571842     3.1949     0.5515  1.5621694  14.221132    14.1457    38.3850    28.7742     5.0324    218.462 0.0000e+00
     40.473   1855.479    14.1147   4.567792     3.1937     0.5558  1.5615589  14.167223    14.1087    38.3836    28.7813     5.0438    218.954 0.0000e+00
     40.695   1856.479    14.1001   4.566406     3.1935     0.5589  1.5619659  14.118085    14.0940    38.3850    28.7855     5.0480    219.134 0.0000e+00
     40.424   1857.479    14.1086   4.567272     3.1959     0.5618  1.5621185  14.137195    14.1026    38.3848    28.7836     5.0601    219.662 0.0000e+00
