Boussole/Data/SBEMOOSE/Work/cnv/bous230_02.cnv
* Sea-Bird SBE 9 Data File:
* FileName = C:\boussole\202105\bous230_02.hdr
* Software Version Seasave V 7.23.2
* Temperature SN = 2473
* Conductivity SN = 2929
* Number of Bytes Per Scan = 37
* Number of Voltage Words = 4
* Number of Scans Averaged by the Deck Unit = 1
* NMEA Latitude = 43 22.47 N
* NMEA Longitude = 007 54.61 E
* NMEA UTC (Time) = May 14 2021  17:26:34
* NMEA baud rate = 4800
** Navire
** Station:
** Date
** Heure debut [TU]
** Heure fin [TU]
** Heure locale / TU = +0
** Latitude
** Longitude
** Heure meteo [TU]
** T air sec [deg C]
** T mer [deg C]
** Vent [noeuds, degres]
# nquan = 14
# nvalues = 589                         
# units = specified
# name 0 = prDM: Pressure, Digiquartz [db]
# name 1 = timeS: Time, Elapsed [seconds]
# name 2 = t090C: Temperature [ITS-90, deg C]
# name 3 = c0S/m: Conductivity [S/m]
# name 4 = sbeox0V: Oxygen raw, SBE 43 [V]
# name 5 = flC: Fluorescence, Chelsea Aqua 3 Chl Con [ug/l]
# name 6 = upoly0: Upoly 0, RINKOIII_DO
# name 7 = upoly1: Upoly 1, RINKOIII_Temp
# name 8 = potemp090C: Potential Temperature [ITS-90, deg C]
# name 9 = sal00: Salinity, Practical [PSU]
# name 10 = sigma-é00: Density [sigma-theta, kg/m^3]
# name 11 = sbeox0ML/L: Oxygen, SBE 43 [ml/l], WS = 2
# name 12 = sbox0Mm/Kg: Oxygen, SBE 43 [umol/kg], WS = 2
# name 13 = flag: flag
# span 0 =      0.072,    107.156       
# span 1 =      0.479,    588.104       
# span 2 =    13.4838,    16.1851       
# span 3 =   0.550869,   4.767804       
# span 4 =     2.3810,     3.1506       
# span 5 =     0.1879,     1.9003       
# span 6 =  1.4762923,  1.7703501       
# span 7 =  13.476381,  16.149669       
# span 8 =    13.4764,    16.1846       
# span 9 =     3.6733,    38.5964       
# span 10 =     1.7907,    29.0232      
# span 11 =     3.5146,     5.0185      
# span 12 =    152.536,    217.865      
# span 13 = 0.0000e+00, 0.0000e+00      
# interval = seconds: 1                 
# start_time = May 14 2021 17:26:34 [NMEA time, header]
# bad_flag = -9.990e-29
*END*
[from data line 104]
     67.499    104.479    13.5694   4.523473     2.5652     0.2712  1.6888482  13.562585    13.5596    38.4983    28.9884     3.8829    168.527 0.0000e+00
     68.068    105.479    13.5736   4.524126     2.5607     0.2645  1.6906288  13.565321    13.5636    38.5001    28.9889     3.8729    168.092 0.0000e+00
     69.047    106.479    13.5768   4.524703     2.5557     0.2449  1.6915446  13.564637    13.5667    38.5019    28.9897     3.8648    167.738 0.0000e+00
     69.920    107.479    13.5785   4.525036     2.5520     0.2452  1.6949532  13.570109    13.5684    38.5029    28.9901     3.8586    167.468 0.0000e+00
     70.381    108.479    13.5780   4.524915     2.5483     0.2434  1.6981583  13.573529    13.5678    38.5020    28.9895     3.8567    167.387 0.0000e+00
     70.958    109.479    13.5793   4.525183     2.5471     0.2367  1.6991758  13.572845    13.5690    38.5030    28.9901     3.8548    167.305 0.0000e+00
     71.831    110.479    13.5805   4.525443     2.5442     0.2352  1.7000407  13.570109    13.5701    38.5039    28.9905     3.8444    166.852 0.0000e+00
     72.720    111.479    13.5823   4.525781     2.5406     0.2536  1.7013126  13.577633    13.5717    38.5049    28.9910     3.8417    166.734 0.0000e+00
     73.365    112.479    13.5840   4.526035     2.5398     0.2651  1.7037037  13.580369    13.5733    38.5054    28.9910     3.8419    166.747 0.0000e+00
     73.876    113.479    13.5859   4.526386     2.5366     0.2674  1.7047212  13.582421    13.5752    38.5065    28.9914     3.8249    166.008 0.0000e+00
     74.482    114.479    13.5935   4.527639     2.5305     0.2637  1.7057387  13.587893    13.5827    38.5105    28.9929     3.8062    165.194 0.0000e+00
     75.287    115.479    13.6015   4.528856     2.5237     0.2573  1.7062474  13.582421    13.5906    38.5137    28.9937     3.7943    164.680 0.0000e+00
     76.164    116.479    13.6086   4.529913     2.5187     0.2357  1.7081298  13.593364    13.5975    38.5162    28.9942     3.7878    164.399 0.0000e+00
     76.838    117.479    13.6113   4.530302     2.5146     0.2317  1.7108262  13.598836    13.6001    38.5170    28.9942     3.7837    164.220 0.0000e+00
     77.375    118.479    13.6126   4.530574     2.5120     0.2304  1.7131664  13.602939    13.6013    38.5180    28.9948     3.7775    163.948 0.0000e+00
     77.818    119.479    13.6160   4.531234     2.5072     0.2243  1.7148453  13.603623    13.6047    38.5206    28.9961     3.7620    163.279 0.0000e+00
     78.547    120.479    13.6200   4.531932     2.5018     0.2317  1.7152014  13.601572    13.6086    38.5229    28.9970     3.7514    162.815 0.0000e+00
     79.859    121.479    13.6262   4.532983     2.4970     0.2328  1.7171347  13.609778    13.6145    38.5261    28.9983     3.7455    162.560 0.0000e+00
     80.900    122.479    13.6283   4.533307     2.4943     0.2328  1.7206959  13.615933    13.6165    38.5266    28.9982     3.7438    162.486 0.0000e+00
     80.754    123.479    13.6230   4.532449     2.4913     0.2381  1.7230871  13.607726    13.6112    38.5239    28.9972     3.7378    162.225 0.0000e+00
     80.750    124.479    13.6268   4.533104     2.4885     0.2426  1.7221205  13.609778    13.6150    38.5262    28.9982     3.7287    161.833 0.0000e+00
     81.730    125.479    13.6329   4.534161     2.4840     0.2440  1.7213573  13.609094    13.6209    38.5297    28.9997     3.7171    161.326 0.0000e+00
     82.872    126.479    13.6406   4.535410     2.4801     0.2378  1.7230871  13.617301    13.6284    38.5334    29.0009     3.7125    161.129 0.0000e+00
     83.490    127.479    13.6418   4.535596     2.4769     0.2249  1.7252747  13.622772    13.6296    38.5337    29.0009     3.7039    160.755 0.0000e+00
     84.040    128.479    13.6431   4.535914     2.4724     0.2276  1.7265466  13.620036    13.6308    38.5351    29.0018     3.6911    160.201 0.0000e+00
     84.835    129.479    13.6600   4.538683     2.4668     0.2189  1.7267501  13.626191    13.6476    38.5440    29.0050     3.6778    159.622 0.0000e+00
     85.608    130.479    13.6705   4.540260     2.4618     0.2128  1.7292938  13.643970    13.6580    38.5481    29.0060     3.6653    159.077 0.0000e+00
     86.204    131.479    13.6745   4.540877     2.4549     0.2152  1.7334147  13.648073    13.6619    38.5498    29.0065     3.6496    158.394 0.0000e+00
     86.628    132.479    13.6768   4.541266     2.4498     0.2248  1.7362128  13.653543    13.6641    38.5509    29.0069     3.6442    158.162 0.0000e+00
     87.123    133.479    13.6803   4.541826     2.4454     0.2276  1.7380443  13.645338    13.6676    38.5525    29.0073     3.6372    157.857 0.0000e+00
     88.063    134.479    13.6842   4.542464     2.4422     0.2117  1.7381461  13.656279    13.6713    38.5542    29.0079     3.6350    157.762 0.0000e+00
     89.247    135.479    13.6861   4.542841     2.4400     0.2196  1.7416056  13.667219    13.6731    38.5553    29.0083     3.6329    157.672 0.0000e+00
     89.885    136.479    13.6867   4.542925     2.4386     0.2156  1.7447089  13.669270    13.6735    38.5553    29.0082     3.6315    157.613 0.0000e+00
     90.022    137.479    13.6809   4.541998     2.4370     0.2208  1.7461335  13.664484    13.6677    38.5522    29.0071     3.6275    157.436 0.0000e+00
     90.327    138.479    13.6861   4.542887     2.4344     0.2233  1.7454721  13.663116    13.6729    38.5553    29.0084     3.6180    157.024 0.0000e+00
     91.096    139.479    13.6885   4.543512     2.4310     0.2205  1.7444037  13.664484    13.6751    38.5585    29.0104     3.6096    156.661 0.0000e+00
     92.105    140.479    13.6913   4.544251     2.4274     0.2128  1.7465405  13.667903    13.6779    38.5622    29.0127     3.6027    156.361 0.0000e+00
     93.079    141.479    13.6928   4.544623     2.4243     0.2117  1.7498473  13.674056    13.6792    38.5638    29.0136     3.6013    156.297 0.0000e+00
     93.869    142.479    13.6942   4.544894     2.4234     0.2156  1.7515772  13.679526    13.6805    38.5646    29.0140     3.6036    156.399 0.0000e+00
     94.224    143.479    13.6929   4.544639     2.4227     0.2136  1.7539174  13.676791    13.6791    38.5633    29.0133     3.6006    156.271 0.0000e+00
     94.470    144.479    13.6901   4.544103     2.4210     0.2145  1.7539683  13.679526    13.6762    38.5610    29.0121     3.5962    156.077 0.0000e+00
     95.196    145.479    13.6945   4.545147     2.4189     0.2138  1.7527473  13.678842    13.6806    38.5661    29.0151     3.5902    155.817 0.0000e+00
     96.232    146.479    13.6960   4.545513     2.4172     0.2071  1.7542227  13.680893    13.6819    38.5676    29.0160     3.5900    155.808 0.0000e+00
     96.989    147.479    13.6984   4.545877     2.4163     0.2060  1.7562577  13.680893    13.6842    38.5683    29.0160     3.5880    155.723 0.0000e+00
     97.441    148.479    13.6974   4.545720     2.4141     0.2147  1.7579874  13.680893    13.6831    38.5677    29.0158     3.5788    155.324 0.0000e+00
     98.005    149.479    13.7018   4.546471     2.4109     0.2176  1.7581401  13.680893    13.6875    38.5701    29.0167     3.5723    155.039 0.0000e+00
     98.850    150.479    13.7103   4.547697     2.4085     0.2079  1.7580892  13.683628    13.6958    38.5729    29.0171     3.5690    154.897 0.0000e+00
     99.654    151.479    13.7114   4.547884     2.4067     0.2023  1.7590049  13.693199    13.6968    38.5732    29.0171     3.5691    154.899 0.0000e+00
    100.090    152.479    13.7113   4.547887     2.4065     0.2049  1.7597172  13.695250    13.6966    38.5731    29.0171     3.5725    155.049 0.0000e+00
    100.517    153.479    13.7117   4.547985     2.4063     0.2126  1.7607347  13.691832    13.6970    38.5734    29.0172     3.5685    154.877 0.0000e+00
    101.200    154.479    13.7119   4.548065     2.4048     0.2120  1.7604294  13.691148    13.6971    38.5736    29.0174     3.5642    154.690 0.0000e+00
    102.090    155.479    13.7126   4.548213     2.4031     0.2062  1.7606329  13.697301    13.6976    38.5740    29.0176     3.5618    154.586 0.0000e+00
    103.040    156.479    13.7136   4.548396     2.4021     0.2047  1.7619557  13.697301    13.6985    38.5743    29.0176     3.5613    154.565 0.0000e+00
    103.794    157.479    13.7148   4.548592     2.4013     0.2040  1.7625153  13.697301    13.6995    38.5746    29.0176     3.5604    154.523 0.0000e+00
    104.139    158.479    13.7139   4.548451     2.4005     0.2143  1.7634310  13.697985    13.6986    38.5740    29.0174     3.5594    154.480 0.0000e+00
    104.277    159.479    13.7138   4.548469     2.4001     0.2187  1.7632275  13.697985    13.6985    38.5742    29.0175     3.5559    154.328 0.0000e+00
    104.748    160.479    13.7176   4.549021     2.3965     0.2148  1.7633293  13.697301    13.7022    38.5754    29.0177     3.5316    153.275 0.0000e+00
    106.016    161.479    13.7538   4.554720     2.3878     0.2078  1.7632275  13.701403    13.7382    38.5925    29.0232     3.5150    152.555 0.0000e+00
    107.156    162.479    13.7809   4.558063     2.3859     0.1971  1.7642450  13.725329    13.7651    38.5964    29.0205     3.5310    153.246 0.0000e+00
    106.525    163.479    13.7462   4.553129     2.3897     0.1989  1.7668397  13.699352    13.7306    38.5848    29.0189     3.5476    153.966 0.0000e+00
    105.612    164.479    13.7201   4.549279     2.3910     0.2035  1.7655169  13.697301    13.7046    38.5749    29.0167     3.5378    153.544 0.0000e+00
    105.765    165.479    13.7337   4.551545     2.3879     0.1879  1.7649573  13.701403    13.7182    38.5827    29.0199     3.5237    152.932 0.0000e+00
    106.670    166.479    13.7654   4.556088     2.3846     0.1940  1.7658222  13.736949    13.7497    38.5936    29.0216     3.5167    152.629 0.0000e+00
    106.906    167.479    13.7628   4.555574     2.3821     0.1979  1.7696378  13.734899    13.7471    38.5912    29.0202     3.5146    152.536 0.0000e+00
    106.311    168.479    13.7600   4.555281     2.3812     0.2002  1.7703501  13.714391    13.7444    38.5915    29.0211     3.5178    152.674 0.0000e+00
    105.504    169.479    13.7400   4.552312     2.3810     0.2025  1.7683659  13.707555    13.7245    38.5838    29.0194     3.5196    152.752 0.0000e+00
    105.342    170.479    13.7498   4.553761     2.3819     0.2016  1.7675011  13.710290    13.7343    38.5877    29.0203     3.5282    153.124 0.0000e+00
    105.198    171.479    13.7477   4.553143     2.3857     0.2044  1.7667888  13.713708    13.7322    38.5840    29.0179     3.5412    153.691 0.0000e+00
    104.403    172.479    13.7210   4.549348     2.3894     0.2141  1.7668906  13.712341    13.7056    38.5753    29.0168     3.5463    153.913 0.0000e+00
    103.902    173.479    13.7192   4.549158     2.3913     0.2177  1.7665853  13.712341    13.7040    38.5754    29.0173     3.5478    153.976 0.0000e+00
    103.691    174.479    13.7240   4.549871     2.3933     0.2158  1.7664836  13.711657    13.7088    38.5775    29.0179     3.5512    154.125 0.0000e+00
    103.038    175.479    13.7156   4.548583     2.3947     0.2086  1.7663818  13.713708    13.7005    38.5740    29.0169     3.5523    154.171 0.0000e+00
    101.994    176.479    13.7128   4.548180     2.3958     0.1950  1.7668397  13.710973    13.6978    38.5735    29.0172     3.5552    154.297 0.0000e+00
    101.153    177.479    13.7123   4.548090     2.3973     0.1937  1.7661274  13.702086    13.6975    38.5735    29.0172     3.5581    154.425 0.0000e+00
    100.702    178.479    13.7132   4.548170     2.3987     0.1980  1.7658222  13.700035    13.6984    38.5736    29.0171     3.5597    154.491 0.0000e+00
    100.001    179.479    13.7117   4.547925     2.3992     0.1906  1.7649573  13.699352    13.6970    38.5731    29.0170     3.5560    154.333 0.0000e+00
     99.058    180.479    13.7113   4.547819     2.3983     0.1896  1.7646012  13.701403    13.6968    38.5729    29.0169     3.5530    154.203 0.0000e+00
     98.528    181.479    13.7112   4.547775     2.3980     0.1976  1.7649064  13.701403    13.6967    38.5728    29.0168     3.5541    154.250 0.0000e+00
     98.334    182.479    13.7108   4.547696     2.3986     0.2004  1.7638380  13.697301    13.6964    38.5725    29.0167     3.5597    154.492 0.0000e+00
     97.671    183.479    13.7066   4.547002     2.4008     0.1969  1.7643977  13.697985    13.6922    38.5705    29.0160     3.5661    154.772 0.0000e+00
     96.565    184.479    13.7016   4.546278     2.4025     0.1978  1.7639398  13.697301    13.6874    38.5692    29.0160     3.5690    154.898 0.0000e+00
     95.420    185.479    13.6969   4.545521     2.4044     0.1957  1.7641942  13.697301    13.6829    38.5672    29.0154     3.5709    154.978 0.0000e+00
     94.465    186.479    13.6948   4.545179     2.4053     0.1966  1.7638380  13.696617    13.6810    38.5665    29.0153     3.5709    154.981 0.0000e+00
     94.070    187.479    13.6967   4.545472     2.4057     0.2047  1.7628714  13.690464    13.6829    38.5676    29.0158     3.5685    154.874 0.0000e+00
     94.292    188.479    13.7064   4.546883     2.4048     0.2071  1.7630749  13.692515    13.6926    38.5711    29.0164     3.5646    154.708 0.0000e+00
     93.921    189.479    13.7030   4.546326     2.4051     0.2075  1.7631767  13.697301    13.6893    38.5694    29.0158     3.5714    155.002 0.0000e+00
     92.431    190.479    13.6949   4.544907     2.4073     0.2208  1.7633293  13.685679    13.6814    38.5647    29.0138     3.5781    155.291 0.0000e+00
     90.885    191.479    13.6916   4.544200     2.4088     0.2093  1.7625153  13.681577    13.6783    38.5620    29.0124     3.5790    155.332 0.0000e+00
     90.493    192.479    13.6954   4.544938     2.4104     0.2012  1.7619557  13.681577    13.6821    38.5654    29.0143     3.5817    155.448 0.0000e+00
     90.781    193.479    13.6961   4.544988     2.4115     0.2087  1.7617013  13.681577    13.6828    38.5650    29.0138     3.5845    155.572 0.0000e+00
     90.067    194.479    13.6952   4.544819     2.4139     0.2202  1.7619557  13.682260    13.6820    38.5647    29.0137     3.5959    156.064 0.0000e+00
     88.780    195.479    13.6887   4.543311     2.4189     0.2173  1.7612943  13.680893    13.6757    38.5575    29.0095     3.6106    156.703 0.0000e+00
     87.815    196.479    13.6853   4.542590     2.4233     0.2191  1.7606329  13.681577    13.6725    38.5544    29.0078     3.6118    156.756 0.0000e+00
     87.192    197.479    13.6843   4.542417     2.4240     0.2119  1.7596154  13.680893    13.6715    38.5541    29.0077     3.6064    156.522 0.0000e+00
     86.751    198.479    13.6875   4.543136     2.4247     0.2025  1.7598698  13.680893    13.6748    38.5579    29.0100     3.6099    156.671 0.0000e+00
     86.351    199.479    13.6880   4.543064     2.4264     0.2128  1.7588014  13.680893    13.6753    38.5569    29.0091     3.6161    156.942 0.0000e+00
     85.849    200.479    13.6806   4.541762     2.4292     0.2173  1.7585471  13.679526    13.6680    38.5522    29.0070     3.6265    157.393 0.0000e+00
     85.095    201.479    13.6750   4.540832     2.4340     0.2200  1.7577330  13.674740    13.6625    38.5493    29.0060     3.6470    158.285 0.0000e+00
     83.915    202.479    13.6608   4.538390     2.4424     0.2192  1.7561050  13.666535    13.6485    38.5409    29.0025     3.6679    159.191 0.0000e+00
     82.669    203.479    13.6457   4.536112     2.4488     0.2217  1.7545279  13.665168    13.6336    38.5350    29.0010     3.6678    159.186 0.0000e+00
     82.067    204.479    13.6462   4.536328     2.4490     0.2140  1.7520859  13.656278    13.6342    38.5368    29.0024     3.6561    158.681 0.0000e+00
     81.962    205.479    13.6676   4.539747     2.4487     0.2197  1.7494912  13.664484    13.6556    38.5478    29.0063     3.6597    158.835 0.0000e+00
