Boussole/Data/SBEMOOSE/Work/cnv/bous233_02.cnv
* Sea-Bird SBE 9 Data File:
* FileName = C:\boussole\202108\bous233_02.hdr
* Software Version Seasave V 7.23.2
* Temperature SN = 1378
* Conductivity SN = 2929
* Number of Bytes Per Scan = 34
* Number of Voltage Words = 3
* Number of Scans Averaged by the Deck Unit = 1
* NMEA Latitude = 43 21.89 N
* NMEA Longitude = 007 53.76 E
* NMEA UTC (Time) = Aug 18 2021  08:40:37
* NMEA baud rate = 4800
** Campagne = BOUSSOLE 233
** Navire = Tethys II
** Station = BOUS233_02
** Date = 18/08/2021
** Heure debut [TU] = 08:40
** Heure fin [TU] = 09:14
** Heure locale / TU = +2
** Latitude = 43 21.890 N
** Longitude = 007 53.759 E
** Heure meteo [TU] = 08:57
** T air sec [deg C] = 24.7
** T mer [deg C] = 24.234
** Vent [noeuds, degres] = 7.1, 127
** Pression atm [hpa] = 1012.3
** Humidite [%] = 76
** Nebulosite [octas] = 0
** Etat de la mer [code S] = 3
# nquan = 14
# nvalues = 2030                        
# units = specified
# name 0 = prDM: Pressure, Digiquartz [db]
# name 1 = timeS: Time, Elapsed [seconds]
# name 2 = t090C: Temperature [ITS-90, deg C]
# name 3 = c0S/m: Conductivity [S/m]
# name 4 = sbeox0V: Oxygen raw, SBE 43 [V]
# name 5 = flC: Fluorescence, Chelsea Aqua 3 Chl Con [ug/l]
# name 6 = upoly0: Upoly 0, RINKOIII_DO
# name 7 = upoly1: Upoly 1, RINKOIII_Temp
# name 8 = potemp090C: Potential Temperature [ITS-90, deg C]
# name 9 = sal00: Salinity, Practical [PSU]
# name 10 = sigma-é00: Density [sigma-theta, kg/m^3]
# name 11 = sbeox0ML/L: Oxygen, SBE 43 [ml/l], WS = 2
# name 12 = sbox0Mm/Kg: Oxygen, SBE 43 [umol/kg], WS = 2
# name 13 = flag: flag
# span 0 =     -0.099,    407.891       
# span 1 =      0.479,   2029.125       
# span 2 =    13.6030,    24.4515       
# span 3 =   0.140446,   5.685798       
# span 4 =     2.4240,     4.0989       
# span 5 =    -0.2893,   216.7039       
# span 6 =  1.3149674,  1.8053012       
# span 7 =  13.594732,  24.247664       
# span 8 =    13.5430,    24.4515       
# span 9 =     0.7149,    38.6637       
# span 10 =    -2.2076,    29.0880      
# span 11 =     3.6923,     6.7513      
# span 12 =    160.241,    293.183      
# span 13 = 0.0000e+00, 0.0000e+00      
# interval = seconds: 1                 
# start_time = Aug 18 2021 08:40:37 [NMEA time, header]
# bad_flag = -9.990e-29
*END*
      1.352      0.479    24.2312   5.677700     3.5165     0.0873  1.3572446  24.174462    24.2309    38.4204    26.1638     4.6828    203.800 0.0000e+00
      1.445      1.479    24.2250   5.677355     3.5139     0.2517  1.3578551  24.145193    24.2247    38.4231    26.1678     4.6797    203.666 0.0000e+00
      1.640      2.479    24.1439   5.668063     3.5175     0.2445  1.3577025  24.161916    24.1436    38.4219    26.1913     4.7005    204.565 0.0000e+00
      1.396      3.479    24.2008   5.674501     3.5247     0.2851  1.3573464  24.184916    24.2005    38.4223    26.1744     4.7026    204.659 0.0000e+00
      1.117      4.479    24.1981   5.674253     3.5191     0.2819  1.3572955  24.205830    24.1979    38.4228    26.1756     4.6760    203.505 0.0000e+00
      1.223      5.479    24.2363   5.678726     3.5140     0.2100  1.3575499  24.173763    24.2360    38.4240    26.1650     4.6814    203.742 0.0000e+00
      1.543      6.479    24.2330   5.678529     3.5207     0.2279  1.3572446  24.127771    24.2327    38.4252    26.1669     4.6974    204.438 0.0000e+00
      1.612      7.479    24.2246   5.677430     3.5230     0.2250  1.3569394  24.179342    24.2243    38.4240    26.1685     4.6971    204.422 0.0000e+00
      1.322      8.479    24.2439   5.679724     3.5250     0.1997  1.3572447  24.188403    24.2436    38.4250    26.1635     4.6953    204.345 0.0000e+00
      1.245      9.479    24.2145   5.676379     3.5237     0.2498  1.4081706  24.150069    24.2142    38.4248    26.1722     4.6973    204.429 0.0000e+00
      1.454     10.479    24.2260   5.677506     3.5254     0.1929  1.3569903  24.170278    24.2257    38.4234    26.1677     4.6924    204.220 0.0000e+00
      1.487     11.479    24.2270   5.677820     3.5179     0.1676  1.3567359  24.189795    24.2267    38.4250    26.1686     4.6741    203.423 0.0000e+00
      1.291     12.479    24.2727   5.683051     3.5136     0.1609  1.3568377  24.218378    24.2724    38.4256    26.1551     4.6756    203.489 0.0000e+00
      1.219     13.479    24.2599   5.681685     3.5175     0.1232  1.3569394  24.220471    24.2596    38.4262    26.1595     4.6856    203.923 0.0000e+00
      1.511     14.479    24.2448   5.679911     3.5196     0.1842  1.3579060  24.195372    24.2445    38.4255    26.1636     4.6924    204.219 0.0000e+00
      1.648     15.479    24.2380   5.678973     3.5223     0.2367  1.3579569  24.193280    24.2376    38.4242    26.1647     4.6918    204.193 0.0000e+00
      1.433     16.479    24.2339   5.678844     3.5206     0.2556  1.3575499  24.200252    24.2336    38.4269    26.1679     4.6857    203.925 0.0000e+00
      1.382     17.479    24.2372   5.678980     3.5189     0.2028  1.3572955  24.211406    24.2369    38.4251    26.1655     4.6877    204.016 0.0000e+00
      1.778     18.479    24.2279   5.678019     3.5224     0.1227  1.3572447  24.200251    24.2275    38.4256    26.1688     4.6954    204.348 0.0000e+00
      2.533     19.479    24.2015   5.675023     3.5219     0.1791  1.3576008  24.194674    24.2009    38.4252    26.1765     4.6984    204.479 0.0000e+00
      3.285     20.479    24.1674   5.671152     3.5276     0.1493  1.3618234  24.169582    24.1667    38.4248    26.1866     4.7160    205.241 0.0000e+00
      3.920     21.479    24.1565   5.669851     3.5324     0.1996  1.3586692  24.152856    24.1556    38.4240    26.1893     4.7211    205.464 0.0000e+00
      4.227     22.479    24.1615   5.670424     3.5337     0.2016  1.3587200  24.153552    24.1606    38.4239    26.1877     4.7181    205.334 0.0000e+00
      4.455     23.479    24.1572   5.670021     3.5322     0.2090  1.3584657  24.141706    24.1562    38.4245    26.1894     4.7115    205.047 0.0000e+00
      4.639     24.479    24.1585   5.670171     3.5293     0.2105  1.3585674  24.120107    24.1575    38.4244    26.1890     4.7073    204.861 0.0000e+00
      4.988     25.479    24.1537   5.669654     3.5272     0.1924  1.3585674  24.138222    24.1526    38.4245    26.1906     4.7103    204.992 0.0000e+00
      5.616     26.479    24.1407   5.668183     3.5316     0.1981  1.3586692  24.132648    24.1395    38.4242    26.1943     4.7245    205.611 0.0000e+00
      6.213     27.479    24.1312   5.667043     3.5352     0.2038  1.3590253  24.125680    24.1299    38.4234    26.1966     4.7216    205.484 0.0000e+00
      6.587     28.479    24.1327   5.667251     3.5281     0.2006  1.3595340  24.118713    24.1313    38.4236    26.1964     4.7021    204.635 0.0000e+00
      6.849     29.479    24.1281   5.666803     3.5256     0.1829  1.3591270  24.114533    24.1267    38.4241    26.1981     4.7136    205.136 0.0000e+00
      7.226     30.479    24.1097   5.664655     3.5323     0.1651  1.3593814  24.119410    24.1082    38.4233    26.2031     4.7328    205.970 0.0000e+00
      7.856     31.479    24.0845   5.661481     3.5378     0.1721  1.3597375  24.099207    24.0828    38.4206    26.2087     4.7388    206.228 0.0000e+00
      8.311     32.479    24.0502   5.657738     3.5399     0.1746  1.3600937  24.101297    24.0484    38.4214    26.2196     4.7341    206.024 0.0000e+00
      8.311     33.479    24.1290   5.666812     3.5283     0.1787  1.3596358  24.109657    24.1272    38.4229    26.1970     4.6949    204.321 0.0000e+00
      8.363     34.479    24.1102   5.664676     3.5237     0.1897  1.3594832  24.108960    24.1084    38.4227    26.2026     4.7425    206.393 0.0000e+00
      9.020     35.479    23.9658   5.647791     3.5683     0.1868  1.3607041  24.033048    23.9639    38.4177    26.2422     4.8379    210.537 0.0000e+00
      9.864     36.479    23.3614   5.579139     3.5641     0.1714  1.3629427  23.891093    23.3593    38.4120    26.4180     4.8182    209.644 0.0000e+00
     10.152     37.479    23.6675   5.612951     3.5608     0.1695  1.3575499  23.989199    23.6653    38.4073    26.3236     4.7873    208.315 0.0000e+00
     10.271     38.479    23.8294   5.630802     3.5312     0.1746  1.3583639  23.966225    23.8272    38.4047    26.2733     4.7712    207.628 0.0000e+00
     10.649     39.479    23.7112   5.618530     3.6113     0.1768  1.3591270  23.910576    23.7089    38.4124    26.3145     5.0014    217.634 0.0000e+00
     11.013     40.479    22.6316   5.497559     3.6344     0.1710  1.3592796  23.761081    22.6293    38.4120    26.6302     5.0078    217.847 0.0000e+00
     11.154     41.479    22.5493   5.490169     3.6058     0.1701  1.3562272  23.929355    22.5470    38.4282    26.6672     4.9362    214.725 0.0000e+00
     11.329     42.479    22.4850   5.475139     3.6336     0.1735  1.3556675  24.034440    22.4826    38.3637    26.6359     5.2671    229.126 0.0000e+00
     11.784     43.479    21.3356   5.344170     3.8224     0.1775  1.3688950  23.415028    21.3332    38.3316    26.9288     5.7969    252.096 0.0000e+00
     12.478     44.479    18.2334   5.006306     3.9616     0.1781  1.3872100  22.243364    18.2312    38.3624    27.7911     6.2439    271.310 0.0000e+00
     12.970     45.479    18.0743   4.987851     3.9845     0.1907  1.3809524  20.898384    18.0720    38.3523    27.8238     6.0738    263.911 0.0000e+00
     13.215     46.479    18.3711   5.014347     3.9728     0.1974  1.3618743  20.546532    18.3688    38.3026    27.7105     6.1330    266.512 0.0000e+00
     13.667     47.479    17.4746   4.921259     4.0466     0.1954  1.3485959  19.989088    17.4722    38.3370    27.9600     6.3692    276.711 0.0000e+00
     14.034     48.479    16.5543   4.825344     4.0366     0.1991  1.3336386  19.957833    16.5519    38.3683    28.2101     6.3338    275.107 0.0000e+00
     13.920     49.479    17.9992   4.980308     4.0134     0.1837  1.3261091  19.795761    17.9967    38.3569    27.8451     6.0633    263.451 0.0000e+00
     13.891     50.479    17.4225   4.921192     3.9669     0.1959  1.3149674  19.445998    17.4202    38.3874    28.0133     6.0824    264.238 0.0000e+00
     14.495     51.479    17.1494   4.887554     3.9687     0.1940  1.3312983  18.911014    17.1469    38.3506    28.0521     6.2077    269.670 0.0000e+00
     15.348     52.479    16.3083   4.799068     3.9847     0.1945  1.3370472  18.295475    16.3058    38.3696    28.2701     6.3124    274.161 0.0000e+00
     15.802     53.479    16.4976   4.819827     3.9652     0.1910  1.3345034  18.060537    16.4950    38.3732    28.2278     6.1963    269.131 0.0000e+00
     16.070     54.479    16.6375   4.838784     3.9561     0.1987  1.3322649  17.949198    16.6348    38.4080    28.2210     6.2334    270.742 0.0000e+00
     16.427     55.479    16.2906   4.801151     3.9703     0.2056  1.3280423  17.969563    16.2879    38.4051    28.3013     6.2449    271.223 0.0000e+00
     16.515     56.479    16.3197   4.802938     3.9221     0.2024  1.3385734  17.654625    16.3170    38.3929    28.2852     6.0241    261.636 0.0000e+00
     16.489     57.479    16.6748   4.842960     3.8611     0.2050  1.3377594  17.487636    16.6721    38.4090    28.2128     5.9335    257.718 0.0000e+00
     16.920     58.479    16.0004   4.768144     3.8491     0.2044  1.3306878  17.651883    15.9977    38.3877    28.3561     6.1025    265.020 0.0000e+00
     17.663     59.479    15.3455   4.698845     3.8642     0.1939  1.3380647  17.379722    15.3427    38.3952    28.5144     6.2231    270.219 0.0000e+00
     18.098     60.479    15.8375   4.749137     3.8566     0.1875  1.3445767  17.156427    15.8346    38.3737    28.3842     6.0435    262.453 0.0000e+00
     18.261     61.479    16.0487   4.773371     3.8121     0.1880  1.3492064  16.962990    16.0457    38.3881    28.3459     5.9106    256.691 0.0000e+00
     18.651     62.479    15.9427   4.760619     3.7864     0.2021  1.3452889  17.267735    15.9397    38.3752    28.3605     5.9760    259.529 0.0000e+00
     19.154     63.479    15.0862   4.675103     3.8114     0.2043  1.3545483  16.863225    15.0832    38.4310    28.6012     6.2398    270.919 0.0000e+00
     19.543     64.479    15.0206   4.666039     3.8476     0.2161  1.3553623  16.876797    15.0176    38.4117    28.6012     6.2355    270.735 0.0000e+00
     19.723     65.479    15.7899   4.747032     3.8306     0.2297  1.3414224  17.586730    15.7867    38.3996    28.4147     5.9932    260.263 0.0000e+00
     19.846     66.479    16.4943   4.821143     3.7828     0.2226  1.3383191  17.920700    16.4910    38.3863    28.2389     5.7686    250.551 0.0000e+00
     20.052     67.479    16.0224   4.760010     3.7353     0.2150  1.3377594  17.962778    16.0192    38.2926    28.2780     5.7848    251.243 0.0000e+00
     20.517     68.479    15.1883   4.683382     3.7173     0.2200  1.3651811  17.111629    15.1851    38.4057    28.5577     5.9502    258.357 0.0000e+00
     21.248     69.479    14.6691   4.629807     3.7415     0.2373  1.3834961  16.015133    14.6658    38.4221    28.6882     6.0996    264.811 0.0000e+00
     21.629     70.479    14.8485   4.648918     3.7410     0.2452  1.3906695  15.769207    14.8452    38.4220    28.6480     5.9587    258.702 0.0000e+00
     21.620     71.479    15.3998   4.705450     3.7045     0.2529  1.3872609  15.911206    15.3964    38.4009    28.5065     5.7904    251.434 0.0000e+00
     21.981     72.479    15.1438   4.678158     3.6775     0.2554  1.3886854  15.877247    15.1404    38.4010    28.5647     5.8387    253.513 0.0000e+00
     22.779     73.479    14.5583   4.619204     3.6860     0.2731  1.3990639  15.413695    14.5549    38.4324    28.7209     5.9954    260.278 0.0000e+00
     23.107     74.479    14.7117   4.634378     3.7001     0.2897  1.4035409  15.291271    14.7082    38.4216    28.6784     5.9764    259.463 0.0000e+00
     22.775     75.479    15.1571   4.681271     3.6929     0.2671  1.3893468  15.983857    15.1535    38.4164    28.5739     5.8371    253.442 0.0000e+00
     22.672     76.479    15.1607   4.682100     3.6630     0.2632  1.3937729  15.759029    15.1572    38.4206    28.5764     5.7457    249.476 0.0000e+00
     23.319     77.479    14.8734   4.651627     3.6358     0.2644  1.4033883  15.478291    14.8698    38.4218    28.6424     5.7681    250.431 0.0000e+00
     24.218     78.479    14.5713   4.619922     3.6272     0.2825  1.4068986  15.317116    14.5676    38.4256    28.7128     5.7875    251.257 0.0000e+00
     24.723     79.479    14.7087   4.634415     3.6017     0.3154  1.4113757  15.250457    14.7049    38.4242    28.6811     5.7015    247.530 0.0000e+00
     25.027     80.479    14.8140   4.644470     3.5888     0.3141  1.4131054  15.221887    14.8101    38.4133    28.6491     5.7436    249.366 0.0000e+00
     25.401     81.479    14.4157   4.604959     3.6040     0.3246  1.4120370  15.310319    14.4118    38.4398    28.7583     5.8778    255.165 0.0000e+00
     25.587     82.479    14.7342   4.638323     3.6293     0.3384  1.4149878  15.319158    14.7303    38.4347    28.6832     5.8463    253.816 0.0000e+00
     25.426     83.479    14.9575   4.659662     3.6141     0.3225  1.4108160  15.421154    14.9536    38.4123    28.6161     5.6732    246.318 0.0000e+00
     25.473     84.479    14.8753   4.652064     3.5721     0.3317  1.4117318  15.251804    14.8714    38.4230    28.6429     5.5789    242.216 0.0000e+00
     26.181     85.479    14.5211   4.614497     3.5418     0.3544  1.4214489  15.059256    14.5171    38.4237    28.7224     5.6270    244.284 0.0000e+00
     27.048     86.479    14.2184   4.582832     3.5381     0.3860  1.4321835  14.873401    14.2144    38.4278    28.7924     5.6986    247.377 0.0000e+00
     27.276     87.479    14.4924   4.611381     3.5325     0.3927  1.4381868  14.782156    14.4883    38.4227    28.7281     5.6173    243.864 0.0000e+00
     27.300     88.479    14.5172   4.614056     3.5116     0.3736  1.4410358  14.835277    14.5131    38.4231    28.7230     5.5703    241.825 0.0000e+00
     27.763     89.479    14.3505   4.596352     3.5041     0.3723  1.4429690  14.846173    14.3463    38.4228    28.7595     5.6317    244.479 0.0000e+00
     28.329     90.479    14.1803   4.579148     3.5138     0.3779  1.4443427  14.863878    14.1760    38.4307    28.8030     5.6728    246.256 0.0000e+00
     28.455     91.479    14.4080   4.602745     3.5070     0.3855  1.4468864  14.790328    14.4037    38.4253    28.7488     5.5692    241.768 0.0000e+00
     28.479     92.479    14.5634   4.618154     3.4818     0.3958  1.4434778  14.944901    14.5591    38.4150    28.7065     5.4850    238.123 0.0000e+00
     28.993     93.479    14.2601   4.587115     3.4650     0.4174  1.4468355  14.818927    14.2558    38.4256    28.7815     5.5522    241.023 0.0000e+00
     29.684     94.479    14.0801   4.569194     3.4776     0.4789  1.4524827  14.606387    14.0757    38.4363    28.8292     5.6483    245.184 0.0000e+00
     29.836     95.479    14.2937   4.590864     3.4873     0.5183  1.4576720  14.582533    14.2892    38.4270    28.7753     5.5824    242.338 0.0000e+00
     29.808     96.479    14.5485   4.617392     3.4672     0.4793  1.4545686  14.744011    14.5440    38.4221    28.7154     5.4394    236.141 0.0000e+00
     30.205     97.479    14.3444   4.596101     3.4334     0.4789  1.4574176  14.661575    14.3398    38.4255    28.7630     5.4069    234.722 0.0000e+00
     30.866     98.479    14.0418   4.565248     3.4169     0.5383  1.4640314  14.498700    14.0372    38.4368    28.8380     5.4484    236.507 0.0000e+00
     31.317     99.479    14.0629   4.567291     3.4068     0.6296  1.4678979  14.468704    14.0582    38.4349    28.8319     5.4280    235.622 0.0000e+00
     31.564    100.479    14.1125   4.572056     3.3936     0.6627  1.4722222  14.416887    14.1078    38.4300    28.8174     5.4021    234.503 0.0000e+00
     31.884    101.479    13.9858   4.559866     3.3871     0.6988  1.4725275  14.430524    13.9811    38.4416    28.8539     5.4206    235.297 0.0000e+00
     32.186    102.479    13.9830   4.559139     3.3823     0.8526  1.4751730  14.425068    13.9782    38.4374    28.8512     5.3943    234.154 0.0000e+00
