Boussole/Data/SBEMOOSE/Work/cnv/bous235_02.cnv
* Sea-Bird SBE 9 Data File:
* FileName = C:\boussole\202110\bous235_02.hdr
* Software Version Seasave V 7.23.2
* Temperature SN = 1378
* Conductivity SN = 2929
* Number of Bytes Per Scan = 34
* Number of Voltage Words = 3
* Number of Scans Averaged by the Deck Unit = 1
* NMEA Latitude = 43 21.93 N
* NMEA Longitude = 007 53.76 E
* NMEA UTC (Time) = Oct 12 2021  12:10:20
* NMEA baud rate = 4800
** Campagne = BOUSSOLE 235
** Navire = Tethys II
** Station = BOUS235_02
** Date = 12/10/2021
** Heure debut [TU] = 12:10
** Heure fin [TU] = 13:35
** Heure locale / TU = +2
** Latitude = 43 21.932 N
** Longitude = 007 53.766 E
** Heure meteo [TU] = 12:10
** T air sec [deg C] = 19.8
** T mer [deg C] = 19.68
** Vent [noeuds, degres] = 3.1, 230
** Pression atm [hpa] = 1013.2
** Humidite [%] = 70.6
** Nebulosite [octas] = 1
** Etat de la mer [code S] = 2
# nquan = 14
# nvalues = 5136                        
# units = specified
# name 0 = prDM: Pressure, Digiquartz [db]
# name 1 = timeS: Time, Elapsed [seconds]
# name 2 = t090C: Temperature [ITS-90, deg C]
# name 3 = c0S/m: Conductivity [S/m]
# name 4 = sbeox0V: Oxygen raw, SBE 43 [V]
# name 5 = flC: Fluorescence, Chelsea Aqua 3 Chl Con [ug/l]
# name 6 = upoly0: Upoly 0, RINKOIII_DO
# name 7 = upoly1: Upoly 1, RINKOIII_Temp
# name 8 = potemp090C: Potential Temperature [ITS-90, deg C]
# name 9 = sal00: Salinity, Practical [PSU]
# name 10 = sigma-é00: Density [sigma-theta, kg/m^3]
# name 11 = sbeox0ML/L: Oxygen, SBE 43 [ml/l], WS = 2
# name 12 = sbox0Mm/Kg: Oxygen, SBE 43 [umol/kg], WS = 2
# name 13 = flag: flag
# span 0 =      0.875,    404.375       
# span 1 =      0.479,   5135.354       
# span 2 =    13.6812,    19.7498       
# span 3 =   4.534670,   5.169063       
# span 4 =     2.4060,     3.5948       
# span 5 =     0.1645,     0.7494       
# span 6 =  1.4217033,  1.8200041       
# span 7 =  13.664484,  19.688600       
# span 8 =    13.6214,    19.7495       
# span 9 =    38.3334,    38.6470       
# span 10 =    27.3802,    29.0830      
# span 11 =     3.6642,     5.7103      
# span 12 =    159.018,    247.963      
# span 13 = 0.0000e+00, 0.0000e+00      
# interval = seconds: 1                 
# start_time = Oct 12 2021 12:10:20 [NMEA time, header]
# bad_flag = -9.990e-29
*END*
[from data line 1755]
     79.961   1755.479    13.7055   4.537261     2.7672     0.3308  1.7049756  13.689097    13.6938    38.4868    28.9509     4.2474    184.353 0.0000e+00
     80.093   1756.479    13.7060   4.537340     2.7640     0.3200  1.7051791  13.691832    13.6943    38.4870    28.9509     4.2436    184.188 0.0000e+00
     80.184   1757.479    13.7062   4.537371     2.7661     0.3277  1.7050264  13.691832    13.6945    38.4871    28.9509     4.2551    184.686 0.0000e+00
     80.109   1758.479    13.7061   4.537348     2.7664     0.3211  1.7052808  13.693883    13.6944    38.4870    28.9508     4.2516    184.536 0.0000e+00
     79.969   1759.479    13.7058   4.537306     2.7668     0.2982  1.7053317  13.691832    13.6941    38.4869    28.9508     4.2496    184.447 0.0000e+00
     80.061   1760.479    13.7058   4.537316     2.7654     0.3061  1.7050773  13.689781    13.6941    38.4870    28.9509     4.2404    184.050 0.0000e+00
     80.177   1761.479    13.7062   4.537362     2.7620     0.3099  1.7050773  13.688413    13.6945    38.4870    28.9508     4.2368    183.894 0.0000e+00
     80.013   1762.479    13.7058   4.537316     2.7628     0.3082  1.7051282  13.689781    13.6941    38.4870    28.9509     4.2466    184.317 0.0000e+00
     79.933   1763.479    13.7056   4.537297     2.7633     0.3139  1.7054843  13.688413    13.6939    38.4871    28.9510     4.2460    184.290 0.0000e+00
     80.091   1764.479    13.7061   4.537362     2.7640     0.3161  1.7050773  13.690464    13.6944    38.4871    28.9509     4.2478    184.370 0.0000e+00
     80.156   1765.479    13.7063   4.537382     2.7643     0.3164  1.7051791  13.691148    13.6946    38.4871    28.9509     4.2483    184.389 0.0000e+00
     80.043   1766.479    13.7061   4.537340     2.7653     0.3153  1.7052808  13.691832    13.6944    38.4870    28.9508     4.2519    184.547 0.0000e+00
     80.061   1767.479    13.7059   4.537331     2.7662     0.3087  1.7049756  13.688413    13.6942    38.4871    28.9510     4.2504    184.482 0.0000e+00
     80.121   1768.479    13.7059   4.537326     2.7654     0.2912  1.7051282  13.691148    13.6942    38.4870    28.9508     4.2447    184.236 0.0000e+00
     80.067   1769.479    13.7055   4.537300     2.7639     0.3079  1.7048738  13.690464    13.6938    38.4871    28.9511     4.2400    184.029 0.0000e+00
     79.978   1770.479    13.7056   4.537294     2.7626     0.3133  1.7052808  13.688413    13.6939    38.4870    28.9510     4.2442    184.213 0.0000e+00
     80.056   1771.479    13.7057   4.537307     2.7642     0.3235  1.7050773  13.693199    13.6940    38.4870    28.9509     4.2509    184.502 0.0000e+00
     80.128   1772.479    13.7058   4.537330     2.7656     0.3254  1.7050773  13.693883    13.6941    38.4871    28.9510     4.2522    184.559 0.0000e+00
     80.089   1773.479    13.7058   4.537323     2.7656     0.3123  1.7050773  13.692515    13.6941    38.4870    28.9509     4.2462    184.300 0.0000e+00
     80.043   1774.479    13.7057   4.537308     2.7647     0.3032  1.7052808  13.693883    13.6940    38.4870    28.9510     4.2463    184.306 0.0000e+00
     80.069   1775.479    13.7058   4.537334     2.7647     0.3071  1.7052808  13.696617    13.6941    38.4871    28.9510     4.2471    184.340 0.0000e+00
     80.026   1776.479    13.7056   4.537306     2.7650     0.3236  1.7051791  13.691832    13.6939    38.4871    28.9510     4.2492    184.431 0.0000e+00
     79.940   1777.479    13.7053   4.537277     2.7651     0.3326  1.7050264  13.690464    13.6936    38.4872    28.9511     4.2445    184.224 0.0000e+00
     80.098   1778.479    13.7056   4.537305     2.7631     0.3252  1.7049247  13.692515    13.6939    38.4871    28.9510     4.2423    184.128 0.0000e+00
     80.309   1779.479    13.7060   4.537379     2.7641     0.3300  1.7052299  13.692515    13.6942    38.4873    28.9511     4.2479    184.375 0.0000e+00
     80.148   1780.479    13.7059   4.537327     2.7639     0.3336  1.7049247  13.691832    13.6942    38.4869    28.9508     4.2459    184.285 0.0000e+00
     79.845   1781.479    13.7052   4.537228     2.7646     0.3265  1.7051282  13.687730    13.6935    38.4868    28.9509     4.2500    184.463 0.0000e+00
     79.910   1782.479    13.7056   4.537275     2.7653     0.3278  1.7052299  13.686362    13.6939    38.4869    28.9508     4.2471    184.339 0.0000e+00
     80.126   1783.479    13.7059   4.537349     2.7642     0.3285  1.7051791  13.691148    13.6942    38.4872    28.9510     4.2456    184.275 0.0000e+00
     80.130   1784.479    13.7059   4.537337     2.7648     0.3320  1.7049756  13.686362    13.6942    38.4871    28.9510     4.2488    184.413 0.0000e+00
     80.099   1785.479    13.7060   4.537360     2.7648     0.3369  1.7050264  13.691148    13.6943    38.4872    28.9510     4.2451    184.251 0.0000e+00
     80.068   1786.479    13.7060   4.537340     2.7637     0.3225  1.7052299  13.691148    13.6943    38.4870    28.9509     4.2452    184.255 0.0000e+00
     80.023   1787.479    13.7060   4.537325     2.7650     0.3118  1.7051791  13.691832    13.6943    38.4869    28.9508     4.2542    184.645 0.0000e+00
     80.045   1788.479    13.7060   4.537347     2.7671     0.3113  1.7052299  13.693883    13.6943    38.4871    28.9509     4.2556    184.708 0.0000e+00
     80.096   1789.479    13.7062   4.537380     2.7669     0.3194  1.7054334  13.693883    13.6945    38.4872    28.9510     4.2499    184.458 0.0000e+00
     80.071   1790.479    13.7062   4.537382     2.7665     0.3029  1.7054334  13.689781    13.6945    38.4872    28.9510     4.2482    184.386 0.0000e+00
     80.082   1791.479    13.7063   4.537388     2.7653     0.3028  1.7053317  13.694566    13.6946    38.4872    28.9510     4.2471    184.339 0.0000e+00
     80.078   1792.479    13.7063   4.537380     2.7660     0.2944  1.7053317  13.697301    13.6946    38.4871    28.9509     4.2547    184.668 0.0000e+00
     80.068   1793.479    13.7063   4.537371     2.7679     0.3050  1.7049756  13.697301    13.6946    38.4871    28.9509     4.2548    184.675 0.0000e+00
     80.021   1794.479    13.7058   4.537328     2.7668     0.3289  1.7051282  13.694566    13.6941    38.4871    28.9510     4.2481    184.383 0.0000e+00
     79.996   1795.479    13.7056   4.537295     2.7661     0.3391  1.7053317  13.693199    13.6939    38.4870    28.9510     4.2481    184.384 0.0000e+00
     80.097   1796.479    13.7058   4.537347     2.7655     0.3221  1.7054843  13.693883    13.6941    38.4873    28.9511     4.2481    184.380 0.0000e+00
     80.138   1797.479    13.7061   4.537360     2.7659     0.3165  1.7052299  13.695250    13.6944    38.4871    28.9509     4.2535    184.615 0.0000e+00
     80.090   1798.479    13.7059   4.537352     2.7671     0.3127  1.7050264  13.692515    13.6943    38.4872    28.9510     4.2504    184.482 0.0000e+00
     79.987   1799.479    13.7056   4.537293     2.7656     0.3177  1.7051791  13.693199    13.6939    38.4871    28.9510     4.2457    184.278 0.0000e+00
     80.066   1800.479    13.7058   4.537326     2.7651     0.3322  1.7054843  13.689781    13.6941    38.4871    28.9510     4.2472    184.343 0.0000e+00
     80.182   1801.479    13.7063   4.537401     2.7647     0.3432  1.7050773  13.692515    13.6946    38.4873    28.9510     4.2441    184.209 0.0000e+00
     79.983   1802.479    13.7058   4.537319     2.7637     0.3378  1.7051282  13.688413    13.6941    38.4871    28.9510     4.2441    184.207 0.0000e+00
     79.899   1803.479    13.7055   4.537276     2.7641     0.3275  1.7053317  13.688413    13.6938    38.4870    28.9509     4.2510    184.508 0.0000e+00
     80.121   1804.479    13.7063   4.537393     2.7665     0.3305  1.7053826  13.690464    13.6946    38.4872    28.9509     4.2553    184.695 0.0000e+00
     80.137   1805.479    13.7063   4.537376     2.7669     0.3356  1.7053317  13.689781    13.6946    38.4871    28.9509     4.2520    184.553 0.0000e+00
     80.062   1806.479    13.7063   4.537376     2.7665     0.3205  1.7052299  13.687730    13.6946    38.4871    28.9509     4.2464    184.309 0.0000e+00
     80.107   1807.479    13.7063   4.537382     2.7648     0.3150  1.7049247  13.689781    13.6946    38.4871    28.9509     4.2448    184.241 0.0000e+00
     80.073   1808.479    13.7061   4.537354     2.7651     0.3364  1.7050773  13.687730    13.6944    38.4870    28.9509     4.2482    184.388 0.0000e+00
     80.014   1809.479    13.7057   4.537296     2.7641     0.3366  1.7050773  13.689781    13.6940    38.4869    28.9509     4.2398    184.022 0.0000e+00
     80.009   1810.479    13.7058   4.537288     2.7622     0.3121  1.7052808  13.691832    13.6941    38.4868    28.9507     4.2356    183.839 0.0000e+00
     80.058   1811.479    13.7058   4.537313     2.7601     0.3168  1.7050773  13.695250    13.6941    38.4870    28.9509     4.2388    183.977 0.0000e+00
     80.138   1812.479    13.7061   4.537357     2.7631     0.3302  1.7049247  13.695934    13.6944    38.4871    28.9509     4.2566    184.753 0.0000e+00
     80.083   1813.479    13.7060   4.537340     2.7667     0.3224  1.7051791  13.691832    13.6943    38.4870    28.9509     4.2566    184.752 0.0000e+00
     80.007   1814.479    13.7055   4.537274     2.7668     0.3355  1.7050264  13.690464    13.6938    38.4869    28.9509     4.2509    184.505 0.0000e+00
     80.001   1815.479    13.7055   4.537271     2.7663     0.3319  1.7053826  13.689097    13.6938    38.4869    28.9509     4.2494    184.438 0.0000e+00
     80.134   1816.479    13.7059   4.537326     2.7665     0.3361  1.7051791  13.691832    13.6942    38.4870    28.9509     4.2532    184.604 0.0000e+00
     80.220   1817.479    13.7063   4.537384     2.7673     0.3389  1.7053317  13.693199    13.6945    38.4871    28.9509     4.2516    184.534 0.0000e+00
     80.038   1818.479    13.7060   4.537316     2.7663     0.3390  1.7050264  13.689097    13.6943    38.4869    28.9508     4.2453    184.260 0.0000e+00
     79.799   1819.479    13.7053   4.537244     2.7638     0.3330  1.7051282  13.693199    13.6936    38.4869    28.9509     4.2385    183.967 0.0000e+00
     79.973   1820.479    13.7060   4.537324     2.7629     0.3357  1.7052299  13.690464    13.6943    38.4870    28.9509     4.2439    184.199 0.0000e+00
     80.293   1821.479    13.7062   4.537389     2.7635     0.3441  1.7052808  13.690464    13.6944    38.4872    28.9510     4.2473    184.347 0.0000e+00
     80.148   1822.479    13.7061   4.537354     2.7643     0.3450  1.7053317  13.687046    13.6944    38.4870    28.9508     4.2481    184.381 0.0000e+00
     79.967   1823.479    13.7057   4.537290     2.7646     0.3356  1.7052299  13.690464    13.6940    38.4869    28.9509     4.2462    184.301 0.0000e+00
     80.075   1824.479    13.7059   4.537325     2.7636     0.3270  1.7050773  13.687046    13.6942    38.4869    28.9508     4.2419    184.113 0.0000e+00
     80.052   1825.479    13.7061   4.537342     2.7630     0.3184  1.7053826  13.691148    13.6944    38.4870    28.9509     4.2435    184.183 0.0000e+00
     79.989   1826.479    13.7059   4.537324     2.7634     0.3212  1.7054334  13.691148    13.6942    38.4870    28.9509     4.2451    184.251 0.0000e+00
     80.041   1827.479    13.7060   4.537347     2.7632     0.3096  1.7049756  13.693199    13.6943    38.4871    28.9509     4.2455    184.270 0.0000e+00
     80.113   1828.479    13.7061   4.537364     2.7643     0.3111  1.7054843  13.695934    13.6944    38.4871    28.9509     4.2495    184.442 0.0000e+00
     80.143   1829.479    13.7061   4.537383     2.7651     0.3117  1.7051282  13.693883    13.6944    38.4873    28.9511     4.2496    184.446 0.0000e+00
     80.098   1830.479    13.7061   4.537358     2.7650     0.3144  1.7047212  13.694566    13.6944    38.4871    28.9509     4.2465    184.314 0.0000e+00
     79.950   1831.479    13.7060   4.537315     2.7647     0.2996  1.7048738  13.691832    13.6943    38.4869    28.9508     4.2444    184.221 0.0000e+00
     79.920   1832.479    13.7059   4.537320     2.7631     0.3195  1.7050264  13.691148    13.6942    38.4870    28.9509     4.2414    184.091 0.0000e+00
     80.181   1833.479    13.7063   4.537389     2.7635     0.3376  1.7053317  13.691832    13.6946    38.4871    28.9509     4.2450    184.249 0.0000e+00
     80.240   1834.479    13.7064   4.537382     2.7625     0.3190  1.7052808  13.689781    13.6947    38.4869    28.9507     4.2361    183.859 0.0000e+00
     80.053   1835.479    13.7061   4.537343     2.7601     0.3112  1.7050264  13.690464    13.6944    38.4870    28.9509     4.2340    183.770 0.0000e+00
     79.913   1836.479    13.7058   4.537293     2.7604     0.3253  1.7050773  13.693883    13.6941    38.4869    28.9508     4.2429    184.157 0.0000e+00
     79.979   1837.479    13.7058   4.537312     2.7625     0.3281  1.7052299  13.689781    13.6941    38.4870    28.9509     4.2495    184.444 0.0000e+00
     80.130   1838.479    13.7063   4.537373     2.7640     0.3259  1.7053317  13.694566    13.6946    38.4871    28.9509     4.2493    184.435 0.0000e+00
     80.113   1839.479    13.7061   4.537362     2.7648     0.3310  1.7050264  13.690464    13.6945    38.4871    28.9509     4.2461    184.294 0.0000e+00
     80.084   1840.479    13.7063   4.537375     2.7633     0.3343  1.7051791  13.691832    13.6946    38.4871    28.9509     4.2423    184.129 0.0000e+00
     80.113   1841.479    13.7064   4.537381     2.7638     0.3274  1.7051791  13.694566    13.6947    38.4870    28.9508     4.2479    184.373 0.0000e+00
     80.023   1842.479    13.7062   4.537344     2.7642     0.3120  1.7052299  13.692515    13.6945    38.4869    28.9507     4.2451    184.254 0.0000e+00
     79.976   1843.479    13.7059   4.537312     2.7642     0.3060  1.7051282  13.690464    13.6942    38.4870    28.9509     4.2518    184.542 0.0000e+00
     80.057   1844.479    13.7063   4.537379     2.7667     0.3210  1.7052299  13.689097    13.6946    38.4871    28.9509     4.2567    184.756 0.0000e+00
     80.132   1845.479    13.7065   4.537395     2.7679     0.3267  1.7053317  13.693883    13.6948    38.4871    28.9508     4.2567    184.753 0.0000e+00
     80.125   1846.479    13.7063   4.537377     2.7682     0.3209  1.7052299  13.694566    13.6946    38.4871    28.9509     4.2503    184.478 0.0000e+00
     80.044   1847.479    13.7060   4.537353     2.7659     0.3356  1.7053826  13.690464    13.6943    38.4871    28.9510     4.2467    184.321 0.0000e+00
     80.036   1848.479    13.7060   4.537352     2.7664     0.3329  1.7051791  13.690464    13.6943    38.4872    28.9510     4.2501    184.471 0.0000e+00
     80.067   1849.479    13.7062   4.537369     2.7654     0.3365  1.7049247  13.687730    13.6945    38.4871    28.9509     4.2475    184.355 0.0000e+00
     79.993   1850.479    13.7060   4.537336     2.7662     0.3369  1.7047721  13.689781    13.6943    38.4870    28.9509     4.2532    184.601 0.0000e+00
     79.985   1851.479    13.7060   4.537333     2.7669     0.3247  1.7053317  13.691148    13.6943    38.4870    28.9509     4.2544    184.657 0.0000e+00
     80.231   1852.479    13.7065   4.537402     2.7678     0.3295  1.7053826  13.691832    13.6947    38.4871    28.9508     4.2515    184.528 0.0000e+00
     80.207   1853.479    13.7065   4.537401     2.7658     0.3233  1.7052808  13.689781    13.6948    38.4871    28.9508     4.2445    184.226 0.0000e+00
     79.923   1854.479    13.7058   4.537303     2.7647     0.3107  1.7053317  13.687730    13.6941    38.4869    28.9508     4.2418    184.108 0.0000e+00
     79.875   1855.479    13.7058   4.537308     2.7632     0.3070  1.7049756  13.689781    13.6941    38.4870    28.9509     4.2473    184.345 0.0000e+00
     80.070   1856.479    13.7061   4.537358     2.7664     0.3163  1.7051791  13.689097    13.6944    38.4870    28.9509     4.2544    184.657 0.0000e+00
     80.063   1857.479    13.7063   4.537369     2.7647     0.3122  1.7050773  13.690464    13.6946    38.4870    28.9508     4.2396    184.012 0.0000e+00
