Boussole/Data/SBEMOOSE/Work/cnv/bous228_07.cnv
* Sea-Bird SBE 9 Data File:
* FileName = C:\boussole\202103\bous228_07.hdr
* Software Version Seasave V 7.23.2
* Temperature SN = 2473
* Conductivity SN = 2929
* Number of Bytes Per Scan = 37
* Number of Voltage Words = 4
* Number of Scans Averaged by the Deck Unit = 1
* NMEA Latitude = 43 22.20 N
* NMEA Longitude = 007 53.88 E
* NMEA UTC (Time) = Mar 04 2021  09:22:51
* NMEA baud rate = 4800
** Navire
** Station:
** Date
** Heure debut [TU]
** Heure fin [TU]
** Heure locale / TU = +0
** Latitude
** Longitude
** Heure meteo [TU]
** T air sec [deg C]
** T mer [deg C]
** Vent [noeuds, degres]
# nquan = 14
# nvalues = 1792                        
# units = specified
# name 0 = prDM: Pressure, Digiquartz [db]
# name 1 = timeS: Time, Elapsed [seconds]
# name 2 = t090C: Temperature [ITS-90, deg C]
# name 3 = c0S/m: Conductivity [S/m]
# name 4 = sbeox0V: Oxygen raw, SBE 43 [V]
# name 5 = flC: Fluorescence, Chelsea Aqua 3 Chl Con [ug/l]
# name 6 = upoly0: Upoly 0, RINKOIII_DO
# name 7 = upoly1: Upoly 1, RINKOIII_Temp
# name 8 = potemp090C: Potential Temperature [ITS-90, deg C]
# name 9 = sal00: Salinity, Practical [PSU]
# name 10 = sigma-é00: Density [sigma-theta, kg/m^3]
# name 11 = sbeox0ML/L: Oxygen, SBE 43 [ml/l], WS = 2
# name 12 = sbox0Mm/Kg: Oxygen, SBE 43 [umol/kg], WS = 2
# name 13 = flag: flag
# span 0 =      1.107,    405.408       
# span 1 =      0.479,   1791.250       
# span 2 =    13.4191,    13.7893       
# span 3 =   4.491062,   4.572381       
# span 4 =     2.1605,     3.0592       
# span 5 =     0.1458,     2.8639       
# span 6 =  1.5119048,  1.8410154       
# span 7 =  13.402467,  13.766340       
# span 8 =    13.4125,    13.7515       
# span 9 =    38.3554,    38.6572       
# span 10 =    28.8733,    29.0882      
# span 11 =     3.1778,     4.8922      
# span 12 =    137.910,    212.350      
# span 13 = 0.0000e+00, 0.0000e+00      
# interval = seconds: 1                 
# start_time = Mar 04 2021 09:22:51 [NMEA time, header]
# bad_flag = -9.990e-29
*END*
[from data line 620]
    358.952    620.479    13.6179   4.555453     2.1689     0.1524  1.8400997  13.609778    13.5650    38.6225    29.0835     3.1872    138.317 0.0000e+00
    359.409    621.479    13.6182   4.555503     2.1686     0.1533  1.8403032  13.607043    13.5652    38.6226    29.0835     3.1886    138.380 0.0000e+00
    359.980    622.479    13.6184   4.555561     2.1690     0.1558  1.8404558  13.603623    13.5654    38.6226    29.0835     3.1888    138.388 0.0000e+00
    360.734    623.479    13.6178   4.555496     2.1687     0.1721  1.8402523  13.598836    13.5646    38.6223    29.0835     3.1884    138.369 0.0000e+00
    361.457    624.479    13.6148   4.555170     2.1689     0.1802  1.8404049  13.601572    13.5616    38.6218    29.0837     3.1885    138.374 0.0000e+00
    362.081    625.479    13.6138   4.555073     2.1682     0.1761  1.8400997  13.600204    13.5605    38.6216    29.0838     3.1871    138.314 0.0000e+00
    362.628    626.479    13.6146   4.555217     2.1683     0.1756  1.8403032  13.600888    13.5611    38.6220    29.0840     3.1901    138.442 0.0000e+00
    363.165    627.479    13.6140   4.555142     2.1688     0.1686  1.8404049  13.602939    13.5605    38.6216    29.0838     3.1908    138.475 0.0000e+00
    363.828    628.479    13.6124   4.554981     2.1690     0.1610  1.8402523  13.600204    13.5587    38.6215    29.0841     3.1923    138.539 0.0000e+00
    364.546    629.479    13.6121   4.554990     2.1699     0.1557  1.8401505  13.600888    13.5584    38.6215    29.0841     3.1962    138.709 0.0000e+00
    365.109    630.479    13.6112   4.554895     2.1701     0.1619  1.8403540  13.598836    13.5574    38.6213    29.0842     3.1916    138.509 0.0000e+00
    365.661    631.479    13.6101   4.554786     2.1690     0.1775  1.8403032  13.599520    13.5562    38.6211    29.0843     3.1880    138.352 0.0000e+00
    366.354    632.479    13.6092   4.554715     2.1679     0.1793  1.8407102  13.598836    13.5552    38.6210    29.0844     3.1858    138.257 0.0000e+00
    367.058    633.479    13.6090   4.554713     2.1669     0.1701  1.8404558  13.598836    13.5549    38.6209    29.0844     3.1867    138.295 0.0000e+00
    367.660    634.479    13.6088   4.554713     2.1669     0.1648  1.8406084  13.598836    13.5546    38.6208    29.0844     3.1884    138.369 0.0000e+00
    368.137    635.479    13.6086   4.554721     2.1673     0.1658  1.8406593  13.599520    13.5544    38.6208    29.0845     3.1928    138.559 0.0000e+00
    368.816    636.479    13.6081   4.554670     2.1686     0.1703  1.8401505  13.598836    13.5537    38.6206    29.0845     3.1946    138.640 0.0000e+00
    369.648    637.479    13.6065   4.554517     2.1688     0.1557  1.8406084  13.596784    13.5520    38.6204    29.0847     3.1936    138.594 0.0000e+00
    370.260    638.479    13.6055   4.554427     2.1691     0.1476  1.8405067  13.598152    13.5509    38.6202    29.0848     3.1953    138.669 0.0000e+00
    370.632    639.479    13.6046   4.554331     2.1692     0.1611  1.8404558  13.598152    13.5500    38.6201    29.0848     3.1928    138.559 0.0000e+00
    371.204    640.479    13.6036   4.554247     2.1679     0.1706  1.8402523  13.597468    13.5490    38.6200    29.0850     3.1866    138.291 0.0000e+00
    372.048    641.479    13.6021   4.554097     2.1667     0.1777  1.8406593  13.589945    13.5473    38.6197    29.0851     3.1873    138.323 0.0000e+00
    372.771    642.479    13.6015   4.554043     2.1659     0.1764  1.8405575  13.584473    13.5465    38.6195    29.0852     3.1859    138.260 0.0000e+00
    373.249    643.479    13.6010   4.554011     2.1654     0.1649  1.8404558  13.591312    13.5460    38.6195    29.0852     3.1878    138.346 0.0000e+00
    373.787    644.479    13.5999   4.553898     2.1662     0.1727  1.8403540  13.596100    13.5449    38.6192    29.0853     3.1944    138.631 0.0000e+00
    374.477    645.479    13.5976   4.553629     2.1678     0.1825  1.8403540  13.588577    13.5424    38.6188    29.0855     3.1963    138.713 0.0000e+00
    375.187    646.479    13.5974   4.553658     2.1675     0.1762  1.8405067  13.585157    13.5422    38.6188    29.0856     3.1907    138.469 0.0000e+00
    375.758    647.479    13.5974   4.553686     2.1667     0.1690  1.8400488  13.583105    13.5420    38.6189    29.0857     3.1897    138.427 0.0000e+00
    376.328    648.479    13.5970   4.553657     2.1664     0.1865  1.8402523  13.585157    13.5416    38.6187    29.0856     3.1904    138.456 0.0000e+00
    376.998    649.479    13.5970   4.553684     2.1659     0.1957  1.8400997  13.585157    13.5414    38.6187    29.0856     3.1878    138.343 0.0000e+00
    377.725    650.479    13.5970   4.553722     2.1652     0.1725  1.8403540  13.583789    13.5414    38.6187    29.0856     3.1888    138.387 0.0000e+00
    378.347    651.479    13.5971   4.553758     2.1656     0.1609  1.8403540  13.583789    13.5413    38.6188    29.0857     3.1924    138.545 0.0000e+00
    378.904    652.479    13.5970   4.553772     2.1662     0.1631  1.8401505  13.583789    13.5411    38.6187    29.0857     3.1925    138.547 0.0000e+00
    379.577    653.479    13.5968   4.553765     2.1659     0.1719  1.8399470  13.586525    13.5409    38.6186    29.0856     3.1901    138.443 0.0000e+00
    380.410    654.479    13.5964   4.553753     2.1654     0.1742  1.8401505  13.583105    13.5403    38.6185    29.0857     3.1890    138.398 0.0000e+00
    381.078    655.479    13.5942   4.553505     2.1650     0.1718  1.8403032  13.583105    13.5380    38.6181    29.0858     3.1904    138.455 0.0000e+00
    381.384    656.479    13.5939   4.553509     2.1654     0.1692  1.8404049  13.583105    13.5377    38.6182    29.0860     3.1935    138.591 0.0000e+00
    381.957    657.479    13.5937   4.553487     2.1660     0.1700  1.8401505  13.582421    13.5374    38.6179    29.0859     3.1946    138.639 0.0000e+00
    382.835    658.479    13.5927   4.553406     2.1664     0.1702  1.8402014  13.580369    13.5363    38.6178    29.0860     3.1945    138.635 0.0000e+00
    383.507    659.479    13.5923   4.553386     2.1663     0.1612  1.8403032  13.581053    13.5358    38.6177    29.0861     3.1948    138.649 0.0000e+00
    383.965    660.479    13.5920   4.553371     2.1666     0.1703  1.8403540  13.582421    13.5354    38.6177    29.0861     3.1941    138.615 0.0000e+00
    384.672    661.479    13.5908   4.553239     2.1655     0.1659  1.8403540  13.581737    13.5341    38.6174    29.0861     3.1902    138.449 0.0000e+00
    385.522    662.479    13.5907   4.553289     2.1650     0.1670  1.8403032  13.577633    13.5339    38.6175    29.0863     3.1906    138.465 0.0000e+00
    386.155    663.479    13.5906   4.553297     2.1645     0.1700  1.8402014  13.576949    13.5337    38.6173    29.0862     3.1892    138.405 0.0000e+00
    386.599    664.479    13.5903   4.553292     2.1636     0.1723  1.8403540  13.581737    13.5334    38.6174    29.0864     3.1887    138.381 0.0000e+00
    387.062    665.479    13.5903   4.553292     2.1636     0.1807  1.8399979  13.580369    13.5332    38.6173    29.0862     3.1919    138.523 0.0000e+00
    387.724    666.479    13.5901   4.553291     2.1648     0.1785  1.8401505  13.579685    13.5329    38.6172    29.0862     3.1960    138.698 0.0000e+00
    388.492    667.479    13.5896   4.553269     2.1650     0.1598  1.8402523  13.574897    13.5324    38.6171    29.0863     3.1934    138.584 0.0000e+00
    389.184    668.479    13.5895   4.553282     2.1647     0.1629  1.8400997  13.574213    13.5322    38.6170    29.0863     3.1913    138.493 0.0000e+00
    389.853    669.479    13.5893   4.553281     2.1643     0.1702  1.8404049  13.576265    13.5318    38.6169    29.0863     3.1928    138.562 0.0000e+00
    390.507    670.479    13.5888   4.553268     2.1639     0.1754  1.8402523  13.575581    13.5313    38.6170    29.0864     3.1895    138.417 0.0000e+00
    390.999    671.479    13.5888   4.553286     2.1631     0.1707  1.8400997  13.573529    13.5312    38.6169    29.0864     3.1901    138.444 0.0000e+00
    391.537    672.479    13.5886   4.553278     2.1633     0.1790  1.8401505  13.576949    13.5309    38.6168    29.0864     3.1924    138.542 0.0000e+00
    392.183    673.479    13.5871   4.553121     2.1639     0.1843  1.8402523  13.572845    13.5293    38.6165    29.0865     3.1958    138.692 0.0000e+00
    392.890    674.479    13.5847   4.552840     2.1647     0.1804  1.8400997  13.569425    13.5269    38.6159    29.0866     3.1979    138.781 0.0000e+00
    393.567    675.479    13.5809   4.552411     2.1655     0.1731  1.8404558  13.571477    13.5230    38.6154    29.0870     3.1986    138.810 0.0000e+00
    394.143    676.479    13.5786   4.552143     2.1653     0.1813  1.8400997  13.572845    13.5206    38.6149    29.0871     3.1965    138.723 0.0000e+00
    394.760    677.479    13.5771   4.551973     2.1649     0.1697  1.8400997  13.574213    13.5189    38.6146    29.0872     3.1975    138.765 0.0000e+00
    395.468    678.479    13.5754   4.551790     2.1657     0.1704  1.8403540  13.568057    13.5171    38.6143    29.0873     3.2015    138.937 0.0000e+00
    396.023    679.479    13.5739   4.551643     2.1660     0.1770  1.8402014  13.566005    13.5156    38.6141    29.0875     3.1983    138.797 0.0000e+00
    396.483    680.479    13.5739   4.551674     2.1648     0.1723  1.8400997  13.566689    13.5155    38.6142    29.0876     3.1938    138.602 0.0000e+00
    397.145    681.479    13.5737   4.551668     2.1641     0.1730  1.8400488  13.565321    13.5152    38.6140    29.0875     3.1967    138.729 0.0000e+00
    397.922    682.479    13.5734   4.551651     2.1648     0.1802  1.8398962  13.561901    13.5148    38.6138    29.0874     3.1988    138.821 0.0000e+00
    398.640    683.479    13.5714   4.551439     2.1640     0.1807  1.8400488  13.559849    13.5127    38.6135    29.0877     3.1962    138.706 0.0000e+00
    399.260    684.479    13.5705   4.551378     2.1645     0.1785  1.8398453  13.562585    13.5117    38.6135    29.0879     3.1992    138.838 0.0000e+00
    399.837    685.479    13.5700   4.551325     2.1645     0.1755  1.8398453  13.561217    13.5111    38.6133    29.0879     3.1991    138.832 0.0000e+00
    400.222    686.479    13.5700   4.551360     2.1648     0.1734  1.8397944  13.555744    13.5111    38.6134    29.0880     3.2001    138.874 0.0000e+00
    400.120    687.479    13.5737   4.551815     2.1649     0.1840  1.8397944  13.559849    13.5148    38.6141    29.0877     3.2015    138.940 0.0000e+00
    400.195    688.479    13.5735   4.551753     2.1661     0.1922  1.8397435  13.563953    13.5146    38.6136    29.0874     3.2059    139.129 0.0000e+00
    400.147    689.479    13.5722   4.551598     2.1670     0.1813  1.8396927  13.563953    13.5133    38.6135    29.0876     3.2055    139.111 0.0000e+00
    400.344    690.479    13.5704   4.551393     2.1669     0.1717  1.8395909  13.563953    13.5115    38.6133    29.0878     3.2035    139.024 0.0000e+00
    400.694    691.479    13.5700   4.551366     2.1668     0.1734  1.8395909  13.559849    13.5110    38.6133    29.0879     3.2028    138.994 0.0000e+00
    401.036    692.479    13.5694   4.551315     2.1662     0.1752  1.8396927  13.557112    13.5104    38.6132    29.0880     3.1999    138.869 0.0000e+00
    401.422    693.479    13.5693   4.551318     2.1653     0.1659  1.8398962  13.559849    13.5102    38.6132    29.0880     3.1986    138.812 0.0000e+00
    401.959    694.479    13.5693   4.551327     2.1646     0.1616  1.8399979  13.553008    13.5101    38.6131    29.0880     3.1968    138.733 0.0000e+00
    402.738    695.479    13.5692   4.551356     2.1639     0.1644  1.8399979  13.551640    13.5099    38.6131    29.0880     3.1962    138.709 0.0000e+00
    403.482    696.479    13.5691   4.551381     2.1631     0.1679  1.8396418  13.551640    13.5097    38.6131    29.0880     3.1947    138.643 0.0000e+00
    404.053    697.479    13.5689   4.551379     2.1627     0.1671  1.8400488  13.549588    13.5094    38.6130    29.0880     3.1975    138.762 0.0000e+00
    404.546    698.479    13.5687   4.551372     2.1633     0.1663  1.8399979  13.555060    13.5091    38.6129    29.0880     3.1994    138.845 0.0000e+00
    404.885    699.479    13.5684   4.551349     2.1636     0.1764  1.8397435  13.551640    13.5088    38.6129    29.0880     3.2004    138.890 0.0000e+00
    404.879    700.479    13.5692   4.551458     2.1644     0.1802  1.8400488  13.553008    13.5096    38.6131    29.0880     3.2027    138.989 0.0000e+00
    405.078    701.479    13.5685   4.551360     2.1646     0.1813  1.8396418  13.554376    13.5088    38.6128    29.0879     3.2000    138.875 0.0000e+00
    404.990    702.479    13.5683   4.551325     2.1640     0.1862  1.8396927  13.553008    13.5087    38.6127    29.0880     3.1981    138.791 0.0000e+00
    404.967    703.479    13.5678   4.551278     2.1640     0.1854  1.8396418  13.554376    13.5082    38.6127    29.0881     3.2000    138.872 0.0000e+00
    404.976    704.479    13.5679   4.551285     2.1638     0.1682  1.8396418  13.557112    13.5083    38.6128    29.0881     3.1967    138.730 0.0000e+00
    404.762    705.479    13.5679   4.551266     2.1626     0.1622  1.8397944  13.550272    13.5083    38.6126    29.0880     3.1949    138.652 0.0000e+00
    404.652    706.479    13.5680   4.551283     2.1631     0.1683  1.8398453  13.550272    13.5084    38.6128    29.0880     3.2001    138.878 0.0000e+00
    404.990    707.479    13.5680   4.551306     2.1635     0.1667  1.8397435  13.549588    13.5084    38.6128    29.0880     3.1978    138.776 0.0000e+00
    405.310    708.479    13.5680   4.551339     2.1629     0.1730  1.8397435  13.550272    13.5083    38.6130    29.0882     3.1980    138.786 0.0000e+00
    405.034    709.479    13.5685   4.551364     2.1636     0.1762  1.8395400  13.550272    13.5089    38.6128    29.0880     3.2021    138.962 0.0000e+00
    404.636    710.479    13.5687   4.551371     2.1646     0.1712  1.8400997  13.552324    13.5091    38.6129    29.0880     3.2026    138.987 0.0000e+00
    404.702    711.479    13.5684   4.551326     2.1646     0.1736  1.8401505  13.550272    13.5088    38.6127    29.0879     3.1997    138.859 0.0000e+00
    405.038    712.479    13.5681   4.551323     2.1640     0.1753  1.8399979  13.550272    13.5085    38.6128    29.0881     3.1975    138.766 0.0000e+00
    405.070    713.479    13.5684   4.551352     2.1633     0.1668  1.8398962  13.550272    13.5087    38.6129    29.0880     3.1973    138.755 0.0000e+00
    404.962    714.479    13.5682   4.551322     2.1636     0.1692  1.8397944  13.550956    13.5086    38.6127    29.0880     3.2010    138.915 0.0000e+00
    404.881    715.479    13.5680   4.551290     2.1640     0.1759  1.8399979  13.553008    13.5084    38.6128    29.0880     3.1951    138.661 0.0000e+00
    404.810    716.479    13.5681   4.551303     2.1611     0.1681  1.8397944  13.553008    13.5085    38.6128    29.0880     3.1865    138.285 0.0000e+00
    404.813    717.479    13.5682   4.551326     2.1605     0.1733  1.8394892  13.551640    13.5086    38.6129    29.0881     3.1931    138.573 0.0000e+00
    405.021    718.479    13.5681   4.551320     2.1615     0.1685  1.8393874  13.550272    13.5085    38.6128    29.0881     3.1975    138.765 0.0000e+00
    405.234    719.479    13.5680   4.551316     2.1619     0.1669  1.8396418  13.551640    13.5083    38.6128    29.0881     3.1983    138.797 0.0000e+00
    405.018    720.479    13.5682   4.551331     2.1632     0.1657  1.8397435  13.550272    13.5086    38.6128    29.0880     3.2000    138.873 0.0000e+00
    404.650    721.479    13.5683   4.551328     2.1631     0.1624  1.8400997  13.549588    13.5087    38.6128    29.0880     3.1983    138.799 0.0000e+00
