Boussole/Data/SBEMOOSE/Work/cnv/bous229_01.cnv
* Sea-Bird SBE 9 Data File:
* FileName = C:\boussole\202104\bous229_01.hdr
* Software Version Seasave V 7.23.2
* Temperature SN = 2473
* Conductivity SN = 2929
* Number of Bytes Per Scan = 37
* Number of Voltage Words = 4
* Number of Scans Averaged by the Deck Unit = 1
* NMEA Latitude = 43 22.06 N
* NMEA Longitude = 007 54.18 E
* NMEA UTC (Time) = Apr 09 2021  08:58:24
* NMEA baud rate = 4800
** Campagne = BOUSSOLE 229
** Navire = Tethys II
** Station = BOUS229_01
** Date = 09/04/2021
** Heure debut [TU] = 08:59
** Heure fin [TU] = 09:12
** Heure locale / TU = +0
** Latitude = 43 22.067 N
** Longitude = 007 54.196 E
** Heure meteo [TU] = 09:02
** T air sec [deg C] = 13.5
** T mer [deg C] = 14.09
** Vent [noeuds, degres] = 4.8, 185
** Pression atm [hpa] = 1027
** Humidite [%] = 51
** Nebulosite [octas] = 2
** Etat de la mer [code S] = 2
# nquan = 14
# nvalues = 839                         
# units = specified
# name 0 = prDM: Pressure, Digiquartz [db]
# name 1 = timeS: Time, Elapsed [seconds]
# name 2 = t090C: Temperature [ITS-90, deg C]
# name 3 = c0S/m: Conductivity [S/m]
# name 4 = sbeox0V: Oxygen raw, SBE 43 [V]
# name 5 = flC: Fluorescence, Chelsea Aqua 3 Chl Con [ug/l]
# name 6 = upoly0: Upoly 0, RINKOIII_DO
# name 7 = upoly1: Upoly 1, RINKOIII_Temp
# name 8 = potemp090C: Potential Temperature [ITS-90, deg C]
# name 9 = sal00: Salinity, Practical [PSU]
# name 10 = sigma-é00: Density [sigma-theta, kg/m^3]
# name 11 = sbeox0ML/L: Oxygen, SBE 43 [ml/l], WS = 2
# name 12 = sbox0Mm/Kg: Oxygen, SBE 43 [umol/kg], WS = 2
# name 13 = flag: flag
# span 0 =      0.264,    201.432       
# span 1 =      0.479,    838.333       
# span 2 =    13.4715,    14.2190       
# span 3 =   4.502681,   4.589295       
# span 4 =     2.2527,     2.9974       
# span 5 =    -0.0727,     3.8862       
# span 6 =  1.5339336,  1.8153235       
# span 7 =  13.468170,  14.015683       
# span 8 =    13.4639,    14.2189       
# span 9 =    38.3752,    38.6763       
# span 10 =    28.7598,    29.0483      
# span 11 =     3.2753,     4.7112      
# span 12 =    142.148,    204.506      
# span 13 = 0.0000e+00, 0.0000e+00      
# interval = seconds: 1                 
# start_time = Apr 09 2021 08:58:24 [NMEA time, header]
# bad_flag = -9.990e-29
*END*
     17.610      0.479    13.9148   4.545463     2.9856     0.4730  1.5358160  13.894798    13.9122    38.3828    28.8232     4.7053    204.253 0.0000e+00
     17.841      1.479    13.9176   4.545687     2.9859     0.4680  1.5360704  13.897531    13.9149    38.3820    28.8221     4.7084    204.385 0.0000e+00
     18.444      2.479    13.9089   4.544805     2.9871     0.4759  1.5360195  13.896164    13.9061    38.3821    28.8240     4.7100    204.454 0.0000e+00
     19.165      3.479    13.9063   4.544582     2.9864     0.4910  1.5364265  13.894115    13.9035    38.3822    28.8247     4.7061    204.286 0.0000e+00
     19.777      4.479    13.9063   4.544601     2.9852     0.5134  1.5363248  13.894115    13.9034    38.3821    28.8246     4.7031    204.156 0.0000e+00
     20.375      5.479    13.9053   4.544520     2.9846     0.5275  1.5360195  13.894115    13.9023    38.3821    28.8248     4.7063    204.296 0.0000e+00
     20.930      6.479    13.9044   4.544442     2.9849     0.5299  1.5359178  13.894115    13.9013    38.3820    28.8250     4.7043    204.207 0.0000e+00
     21.473      7.479    13.9040   4.544430     2.9834     0.5499  1.5362230  13.894115    13.9009    38.3820    28.8251     4.7026    204.135 0.0000e+00
     22.107      8.479    13.9034   4.544405     2.9838     0.5537  1.5363248  13.891383    13.9002    38.3821    28.8253     4.7062    204.292 0.0000e+00
     22.672      9.479    13.9029   4.544380     2.9834     0.5573  1.5359686  13.891382    13.8996    38.3821    28.8254     4.7030    204.153 0.0000e+00
     23.169     10.479    13.9028   4.544385     2.9830     0.5470  1.5359178  13.894115    13.8994    38.3820    28.8254     4.7034    204.169 0.0000e+00
     23.812     11.479    13.9019   4.544316     2.9827     0.5561  1.5363248  13.890016    13.8984    38.3820    28.8256     4.7031    204.157 0.0000e+00
     24.491     12.479    13.9005   4.544202     2.9822     0.5623  1.5365283  13.891382    13.8969    38.3820    28.8260     4.7019    204.101 0.0000e+00
     24.966     13.479    13.9009   4.544280     2.9819     0.5696  1.5362230  13.890016    13.8972    38.3821    28.8259     4.7038    204.187 0.0000e+00
     25.494     14.479    13.9004   4.544241     2.9817     0.5680  1.5361213  13.892066    13.8967    38.3820    28.8260     4.7026    204.131 0.0000e+00
     26.178     15.479    13.8996   4.544185     2.9820     0.5816  1.5364265  13.885918    13.8958    38.3819    28.8261     4.7061    204.285 0.0000e+00
     26.801     16.479    13.8988   4.544135     2.9825     0.5873  1.5364265  13.887284    13.8949    38.3820    28.8264     4.7081    204.374 0.0000e+00
     27.356     17.479    13.8987   4.544151     2.9837     0.5777  1.5362230  13.887967    13.8947    38.3820    28.8264     4.7112    204.506 0.0000e+00
     27.940     18.479    13.8984   4.544148     2.9840     0.5799  1.5367318  13.884551    13.8943    38.3820    28.8265     4.7109    204.493 0.0000e+00
     28.516     19.479    13.8978   4.544106     2.9841     0.5829  1.5367826  13.885234    13.8936    38.3819    28.8266     4.7077    204.356 0.0000e+00
     29.021     20.479    13.8973   4.544083     2.9825     0.5853  1.5366809  13.881819    13.8930    38.3820    28.8268     4.7017    204.096 0.0000e+00
     29.530     21.479    13.8975   4.544129     2.9801     0.5899  1.5367318  13.885918    13.8932    38.3820    28.8267     4.6937    203.745 0.0000e+00
     30.192     22.479    13.8973   4.544131     2.9770     0.5951  1.5368335  13.883185    13.8928    38.3820    28.8268     4.6913    203.641 0.0000e+00
     30.885     23.479    13.8970   4.544140     2.9760     0.5861  1.5366300  13.881819    13.8924    38.3820    28.8269     4.6917    203.661 0.0000e+00
     31.369     24.479    13.8972   4.544191     2.9749     0.6023  1.5367318  13.879086    13.8926    38.3821    28.8270     4.6925    203.693 0.0000e+00
     31.815     25.479    13.8971   4.544188     2.9755     0.5985  1.5367826  13.887967    13.8924    38.3819    28.8269     4.6984    203.952 0.0000e+00
     32.477     26.479    13.8970   4.544222     2.9766     0.5999  1.5365791  13.885918    13.8922    38.3821    28.8270     4.6985    203.957 0.0000e+00
     33.097     27.479    13.8971   4.544264     2.9764     0.6107  1.5366300  13.879086    13.8922    38.3821    28.8270     4.6962    203.854 0.0000e+00
     33.610     28.479    13.8968   4.544260     2.9757     0.6183  1.5367826  13.883185    13.8919    38.3821    28.8271     4.6917    203.662 0.0000e+00
     34.190     29.479    13.8967   4.544274     2.9739     0.6076  1.5367318  13.885234    13.8916    38.3821    28.8272     4.6900    203.588 0.0000e+00
     34.818     30.479    13.8965   4.544292     2.9736     0.5927  1.5370879  13.879086    13.8914    38.3822    28.8273     4.6925    203.695 0.0000e+00
     35.452     31.479    13.8963   4.544298     2.9737     0.5872  1.5370370  13.880453    13.8911    38.3821    28.8273     4.6951    203.806 0.0000e+00
     36.030     32.479    13.8963   4.544313     2.9749     0.5899  1.5371387  13.883868    13.8910    38.3820    28.8272     4.6999    204.017 0.0000e+00
     36.481     33.479    13.8960   4.544316     2.9759     0.6003  1.5371388  13.880453    13.8906    38.3821    28.8274     4.6986    203.962 0.0000e+00
     37.063     34.479    13.8959   4.544337     2.9748     0.6008  1.5371387  13.883185    13.8905    38.3822    28.8275     4.6915    203.651 0.0000e+00
     37.778     35.479    13.8954   4.544311     2.9728     0.5918  1.5373931  13.879086    13.8898    38.3821    28.8276     4.6869    203.452 0.0000e+00
     38.336     36.479    13.8949   4.544283     2.9711     0.5721  1.5371896  13.879086    13.8892    38.3821    28.8277     4.6879    203.494 0.0000e+00
     38.730     37.479    13.8948   4.544288     2.9713     0.5699  1.5372914  13.882502    13.8891    38.3821    28.8277     4.6917    203.661 0.0000e+00
     39.336     38.479    13.8941   4.544241     2.9715     0.5812  1.5374440  13.880453    13.8883    38.3821    28.8279     4.6897    203.572 0.0000e+00
     40.121     39.479    13.8932   4.544190     2.9703     0.5827  1.5378510  13.878403    13.8873    38.3821    28.8281     4.6867    203.442 0.0000e+00
     40.674     40.479    13.8928   4.544190     2.9701     0.5748  1.5379019  13.877720    13.8868    38.3822    28.8283     4.6888    203.535 0.0000e+00
     40.983     41.479    13.8935   4.544259     2.9695     0.5793  1.5373422  13.878403    13.8874    38.3821    28.8281     4.6846    203.351 0.0000e+00
     41.557     42.479    13.8919   4.544100     2.9677     0.5814  1.5374949  13.879769    13.8857    38.3819    28.8283     4.6784    203.083 0.0000e+00
     42.336     43.479    13.8900   4.543957     2.9654     0.5765  1.5380545  13.877720    13.8838    38.3821    28.8288     4.6753    202.950 0.0000e+00
     42.914     44.479    13.8903   4.543996     2.9645     0.5721  1.5381562  13.877037    13.8840    38.3819    28.8287     4.6799    203.147 0.0000e+00
     43.322     45.479    13.8904   4.544028     2.9649     0.5793  1.5383597  13.877720    13.8840    38.3820    28.8287     4.6825    203.261 0.0000e+00
     43.872     46.479    13.8878   4.543754     2.9660     0.5677  1.5388176  13.878403    13.8813    38.3817    28.8291     4.6840    203.324 0.0000e+00
     44.521     47.479    13.8768   4.542592     2.9645     0.5662  1.5387159  13.862690    13.8702    38.3814    28.8313     4.6728    202.841 0.0000e+00
     45.101     48.479    13.8594   4.540893     2.9611     0.5654  1.5398860  13.856541    13.8528    38.3825    28.8358     4.6690    202.675 0.0000e+00
     45.609     49.479    13.8575   4.540718     2.9591     0.5554  1.5403439  13.859274    13.8508    38.3825    28.8363     4.6662    202.552 0.0000e+00
     46.220     50.479    13.8521   4.540172     2.9567     0.5631  1.5415140  13.844243    13.8453    38.3824    28.8374     4.6626    202.396 0.0000e+00
     46.819     51.479    13.8475   4.539743     2.9545     0.5604  1.5426333  13.840826    13.8406    38.3827    28.8386     4.6564    202.127 0.0000e+00
     47.204     52.479    13.8467   4.539700     2.9507     0.5619  1.5430911  13.838776    13.8397    38.3830    28.8390     4.6434    201.562 0.0000e+00
     47.717     53.479    13.8418   4.539129     2.9451     0.5627  1.5439560  13.844243    13.8348    38.3822    28.8395     4.6299    200.974 0.0000e+00
     48.475     54.479    13.8274   4.537790     2.9398     0.5663  1.5453296  13.824427    13.8203    38.3835    28.8437     4.6288    200.926 0.0000e+00
     49.098     55.479    13.8233   4.537432     2.9387     0.5535  1.5464489  13.812128    13.8161    38.3841    28.8450     4.6346    201.178 0.0000e+00
     49.568     56.479    13.8214   4.537278     2.9380     0.5479  1.5480260  13.823744    13.8141    38.3842    28.8455     4.6302    200.986 0.0000e+00
     50.147     57.479    13.8189   4.537081     2.9350     0.5506  1.5490435  13.817594    13.8116    38.3846    28.8463     4.6171    200.419 0.0000e+00
     50.754     58.479    13.8129   4.536477     2.9293     0.5495  1.5496540  13.803927    13.8054    38.3846    28.8477     4.5979    199.587 0.0000e+00
     51.264     59.479    13.8019   4.535615     2.9208     0.5341  1.5506207  13.805978    13.7944    38.3872    28.8521     4.5684    198.305 0.0000e+00
     51.846     60.479    13.7943   4.534870     2.9064     0.5396  1.5524014  13.787527    13.7867    38.3875    28.8540     4.5261    196.465 0.0000e+00
     52.542     61.479    13.7492   4.530857     2.8900     0.5268  1.5564205  13.755404    13.7415    38.3944    28.8690     4.4973    195.211 0.0000e+00
     53.149     62.479    13.7082   4.527301     2.8750     0.5095  1.5628307  13.755405    13.7004    38.4015    28.8833     4.4753    194.256 0.0000e+00
     53.682     63.479    13.7009   4.526397     2.8619     0.4889  1.5664429  13.744468    13.6931    38.3999    28.8836     4.4533    193.303 0.0000e+00
     54.291     64.479    13.6519   4.521186     2.8495     0.4823  1.5722426  13.668585    13.6440    38.3993    28.8936     4.4394    192.694 0.0000e+00
     54.907     65.479    13.6206   4.517928     2.8409     0.4947  1.5782967  13.641235    13.6127    38.3994    28.9004     4.4364    192.566 0.0000e+00
     55.519     66.479    13.5886   4.514413     2.8353     0.5023  1.5831299  13.612513    13.5806    38.3978    28.9060     4.4313    192.343 0.0000e+00
     56.133     67.479    13.5595   4.511377     2.8287     0.5149  1.5869455  13.568741    13.5513    38.3978    28.9123     4.4189    191.801 0.0000e+00
     56.591     68.479    13.5466   4.509892     2.8225     0.5041  1.5897436  13.570793    13.5384    38.3964    28.9139     4.4040    191.154 0.0000e+00
     56.989     69.479    13.5134   4.506736     2.8120     0.4947  1.5903032  13.587893    13.5051    38.3996    28.9235     4.3633    189.387 0.0000e+00
     57.684     70.479    13.4914   4.504952     2.7941     0.4791  1.5939662  13.518802    13.4831    38.4044    28.9318     4.3219    187.587 0.0000e+00
     58.531     71.479    13.4994   4.506910     2.7794     0.4436  1.6003765  13.494856    13.4910    38.4146    28.9381     4.3080    186.984 0.0000e+00
     59.058     72.479    13.5021   4.507163     2.7708     0.4215  1.6069394  13.498277    13.4935    38.4141    28.9372     4.2965    186.485 0.0000e+00
     59.342     73.479    13.5288   4.509856     2.7595     0.4264  1.6093814  13.518803    13.5202    38.4128    28.9305     4.2580    184.815 0.0000e+00
     59.809     74.479    13.5140   4.508989     2.7444     0.4350  1.6093814  13.517435    13.5053    38.4192    28.9386     4.2275    183.490 0.0000e+00
     60.495     75.479    13.5192   4.509858     2.7324     0.4021  1.6128917  13.517435    13.5104    38.4219    28.9397     4.2139    182.898 0.0000e+00
     61.271     76.479    13.5208   4.510154     2.7235     0.3828  1.6177757  13.517435    13.5119    38.4228    28.9400     4.2014    182.359 0.0000e+00
     61.894     77.479    13.5218   4.510330     2.7162     0.3765  1.6244912  13.518803    13.5128    38.4232    28.9402     4.1951    182.082 0.0000e+00
     62.306     78.479    13.5231   4.510541     2.7120     0.3575  1.6283069  13.523592    13.5141    38.4237    28.9402     4.1930    181.993 0.0000e+00
     62.733     79.479    13.5234   4.510677     2.7087     0.3395  1.6289174  13.533170    13.5143    38.4246    28.9409     4.1897    181.847 0.0000e+00
     63.302     80.479    13.5244   4.510867     2.7076     0.3507  1.6288665  13.527697    13.5153    38.4251    28.9411     4.2003    182.307 0.0000e+00
     64.025     81.479    13.5213   4.510592     2.7116     0.3437  1.6300875  13.520172    13.5121    38.4252    28.9418     4.2178    183.069 0.0000e+00
     64.777     82.479    13.5060   4.508907     2.7155     0.3316  1.6317663  13.516751    13.4966    38.4242    28.9443     4.2256    183.408 0.0000e+00
     65.263     83.479    13.5078   4.509156     2.7193     0.3323  1.6322751  13.516751    13.4983    38.4246    28.9443     4.2374    183.921 0.0000e+00
     65.609     84.479    13.4987   4.507745     2.7252     0.3317  1.6321225  13.524276    13.4892    38.4201    28.9427     4.2535    184.619 0.0000e+00
     66.215     85.479    13.4811   4.505938     2.7302     0.3341  1.6323768  13.504435    13.4715    38.4203    28.9466     4.2613    184.955 0.0000e+00
     66.945     86.479    13.4762   4.505421     2.7341     0.3326  1.6299857  13.477750    13.4665    38.4200    28.9475     4.2672    185.213 0.0000e+00
     67.618     87.479    13.4775   4.505732     2.7364     0.3376  1.6266789  13.477065    13.4677    38.4214    28.9483     4.2622    184.992 0.0000e+00
     68.159     88.479    13.4877   4.507252     2.7344     0.3235  1.6242877  13.477750    13.4779    38.4253    28.9491     4.2458    184.283 0.0000e+00
     68.488     89.479    13.4878   4.507232     2.7299     0.3027  1.6225071  13.479802    13.4779    38.4248    28.9488     4.2338    183.760 0.0000e+00
     68.955     90.479    13.4950   4.508479     2.7260     0.3073  1.6218966  13.485276    13.4850    38.4294    28.9508     4.2318    183.676 0.0000e+00
     69.883     91.479    13.4913   4.508279     2.7255     0.3110  1.6228632  13.481855    13.4812    38.4307    28.9527     4.2424    184.135 0.0000e+00
     70.849     92.479    13.4932   4.508617     2.7280     0.3104  1.6238807  13.481171    13.4829    38.4317    28.9530     4.2506    184.491 0.0000e+00
     71.131     93.479    13.4971   4.508779     2.7291     0.3106  1.6244403  13.483224    13.4868    38.4291    28.9502     4.2473    184.348 0.0000e+00
     71.414     94.479    13.4973   4.508781     2.7290     0.3147  1.6248982  13.488698    13.4869    38.4288    28.9500     4.2447    184.237 0.0000e+00
     72.251     95.479    13.4929   4.508691     2.7276     0.3045  1.6245421  13.483224    13.4825    38.4319    28.9533     4.2375    183.920 0.0000e+00
     73.073     96.479    13.4907   4.508625     2.7252     0.2964  1.6252035  13.482539    13.4802    38.4331    28.9548     4.2332    183.735 0.0000e+00
     73.571     97.479    13.4924   4.508846     2.7236     0.3137  1.6258649  13.484592    13.4817    38.4334    28.9546     4.2321    183.687 0.0000e+00
     74.063     98.479    13.4934   4.509064     2.7210     0.3211  1.6257631  13.485961    13.4827    38.4342    28.9550     4.2067    182.585 0.0000e+00
     74.626     99.479    13.5049   4.511068     2.7080     0.3093  1.6254070  13.490750    13.4941    38.4415    28.9583     4.1579    180.466 0.0000e+00
     75.281    100.479    13.5431   4.516460     2.6932     0.2844  1.6261701  13.507172    13.5322    38.4543    28.9601     4.1269    179.122 0.0000e+00
     76.033    101.479    13.5551   4.518300     2.6813     0.2676  1.6290700  13.531118    13.5441    38.4593    28.9615     4.1127    178.504 0.0000e+00
     76.660    102.479    13.5536   4.518291     2.6731     0.2667  1.6353785  13.537959    13.5424    38.4605    28.9627     4.1055    178.192 0.0000e+00
