Boussole/Data/SBEMOOSE/Work/cnv/bous234_04.cnv
* Sea-Bird SBE 9 Data File:
* FileName = C:\boussole\202109\bous234_04.hdr
* Software Version Seasave V 7.23.2
* Temperature SN = 1378
* Conductivity SN = 2929
* Number of Bytes Per Scan = 34
* Number of Voltage Words = 3
* Number of Scans Averaged by the Deck Unit = 1
* NMEA Latitude = 43 21.98 N
* NMEA Longitude = 007 54.39 E
* NMEA UTC (Time) = Sep 14 2021  11:13:26
* NMEA baud rate = 4800
** Campagne = BOUSSOLE 234
** Navire = Tethys II
** Station = BOUS234_04
** Date = 14/09/2021
** Heure debut [TU] = 11:12
** Heure fin [TU] = 11:53
** Heure locale / TU = +2
** Latitude = 43 21.975 N
** Longitude = 007 54.367 E
** Heure meteo [TU] = 11:09
** T air sec [deg C] = 23.7
** T mer [deg C] =
** Vent [noeuds, degres] = 5.8, 235
** Pression atm [hpa] = 1017.7
** Humidite [%] = 87.6
** Nebulosite [octas] = 8
** Etat de la mer [code S] = 2
# nquan = 14
# nvalues = 2375                        
# units = specified
# name 0 = prDM: Pressure, Digiquartz [db]
# name 1 = timeS: Time, Elapsed [seconds]
# name 2 = t090C: Temperature [ITS-90, deg C]
# name 3 = c0S/m: Conductivity [S/m]
# name 4 = sbeox0V: Oxygen raw, SBE 43 [V]
# name 5 = flC: Fluorescence, Chelsea Aqua 3 Chl Con [ug/l]
# name 6 = upoly0: Upoly 0, RINKOIII_DO
# name 7 = upoly1: Upoly 1, RINKOIII_Temp
# name 8 = potemp090C: Potential Temperature [ITS-90, deg C]
# name 9 = sal00: Salinity, Practical [PSU]
# name 10 = sigma-é00: Density [sigma-theta, kg/m^3]
# name 11 = sbeox0ML/L: Oxygen, SBE 43 [ml/l], WS = 2
# name 12 = sbox0Mm/Kg: Oxygen, SBE 43 [umol/kg], WS = 2
# name 13 = flag: flag
# span 0 =      0.061,    405.641       
# span 1 =      0.479,   2374.479       
# span 2 =    13.5717,    23.8026       
# span 3 =   0.309694,   5.635423       
# span 4 =     2.4252,     4.1437       
# span 5 =     0.1505,     0.9566       
# span 6 =  1.2960928,  1.8152727       
# span 7 =  13.557796,  23.742319       
# span 8 =    13.5119,    23.8025       
# span 9 =     1.6598,    38.6581       
# span 10 =    -1.3631,    29.0906      
# span 11 =     3.5988,     6.5849      
# span 12 =    160.406,    286.077      
# span 13 = 0.0000e+00, 0.0000e+00      
# interval = seconds: 1                 
# start_time = Sep 14 2021 11:13:26 [NMEA time, header]
# bad_flag = -9.990e-29
*END*
[from data line 1239]
    149.727   1239.479    13.8317   4.569783     2.5419     0.2076  1.7864266  13.816228    13.8096    38.6373    29.0425     3.8209    165.827 0.0000e+00
    149.763   1240.479    13.8320   4.569817     2.5426     0.2223  1.7862739  13.815544    13.8099    38.6373    29.0425     3.8196    165.768 0.0000e+00
    149.583   1241.479    13.8318   4.569800     2.5419     0.2107  1.7863248  13.814178    13.8097    38.6374    29.0426     3.8173    165.667 0.0000e+00
    149.589   1242.479    13.8319   4.569816     2.5420     0.2124  1.7861213  13.813495    13.8098    38.6375    29.0427     3.8219    165.871 0.0000e+00
    149.794   1243.479    13.8315   4.569769     2.5434     0.2003  1.7864266  13.813495    13.8094    38.6373    29.0426     3.8252    166.011 0.0000e+00
    149.761   1244.479    13.8317   4.569758     2.5437     0.1905  1.7862231  13.814861    13.8095    38.6371    29.0424     3.8229    165.911 0.0000e+00
    149.555   1245.479    13.8317   4.569778     2.5436     0.1771  1.7861213  13.812811    13.8096    38.6374    29.0426     3.8180    165.701 0.0000e+00
    149.640   1246.479    13.8316   4.569758     2.5411     0.1891  1.7857143  13.814861    13.8095    38.6372    29.0425     3.8103    165.364 0.0000e+00
    149.768   1247.479    13.8310   4.569682     2.5404     0.1927  1.7861722  13.814178    13.8089    38.6370    29.0425     3.8171    165.658 0.0000e+00
    149.640   1248.479    13.8305   4.569607     2.5412     0.1963  1.7859178  13.815544    13.8084    38.6369    29.0425     3.8137    165.511 0.0000e+00
    149.617   1249.479    13.8303   4.569570     2.5380     0.1958  1.7860704  13.814861    13.8082    38.6368    29.0425     3.8015    164.983 0.0000e+00
    149.793   1250.479    13.8302   4.569586     2.5364     0.2006  1.7859178  13.812811    13.8081    38.6369    29.0426     3.8084    165.285 0.0000e+00
    149.734   1251.479    13.8304   4.569594     2.5381     0.1954  1.7857143  13.812811    13.8083    38.6369    29.0425     3.8165    165.635 0.0000e+00
    149.545   1252.479    13.8298   4.569498     2.5388     0.2001  1.7860704  13.812811    13.8077    38.6366    29.0424     3.8124    165.456 0.0000e+00
    149.651   1253.479    13.8294   4.569465     2.5389     0.1889  1.7857652  13.812128    13.8073    38.6367    29.0426     3.8164    165.629 0.0000e+00
    149.795   1254.479    13.8292   4.569445     2.5399     0.1856  1.7858669  13.812128    13.8071    38.6366    29.0426     3.8171    165.663 0.0000e+00
    149.710   1255.479    13.8290   4.569395     2.5407     0.1961  1.7859178  13.812128    13.8069    38.6363    29.0424     3.8185    165.719 0.0000e+00
    149.582   1256.479    13.8277   4.569232     2.5409     0.1898  1.7859178  13.812128    13.8056    38.6362    29.0425     3.8170    165.657 0.0000e+00
    149.608   1257.479    13.8270   4.569132     2.5405     0.1919  1.7860704  13.814178    13.8049    38.6360    29.0425     3.8136    165.511 0.0000e+00
    149.772   1258.479    13.8270   4.569157     2.5397     0.1917  1.7860704  13.812128    13.8049    38.6361    29.0427     3.8139    165.522 0.0000e+00
    149.808   1259.479    13.8272   4.569165     2.5399     0.1827  1.7858161  13.812128    13.8051    38.6359    29.0425     3.8173    165.670 0.0000e+00
    149.657   1260.479    13.8270   4.569149     2.5409     0.1767  1.7859687  13.812811    13.8050    38.6360    29.0426     3.8203    165.798 0.0000e+00
    149.555   1261.479    13.8269   4.569126     2.5418     0.1705  1.7860704  13.812128    13.8048    38.6360    29.0425     3.8217    165.862 0.0000e+00
    149.617   1262.479    13.8267   4.569099     2.5421     0.1742  1.7858161  13.812811    13.8046    38.6359    29.0426     3.8179    165.693 0.0000e+00
    149.737   1263.479    13.8267   4.569106     2.5414     0.1762  1.7856634  13.812811    13.8046    38.6359    29.0426     3.8190    165.745 0.0000e+00
    149.771   1264.479    13.8265   4.569073     2.5421     0.1763  1.7857143  13.812811    13.8044    38.6358    29.0425     3.8200    165.785 0.0000e+00
    149.740   1265.479    13.8261   4.569024     2.5419     0.1944  1.7859178  13.812811    13.8040    38.6358    29.0426     3.8180    165.701 0.0000e+00
    149.654   1266.479    13.8261   4.569011     2.5410     0.1995  1.7856634  13.812811    13.8040    38.6357    29.0425     3.8165    165.634 0.0000e+00
    149.595   1267.479    13.8263   4.569023     2.5417     0.1992  1.7857143  13.812128    13.8042    38.6356    29.0424     3.8207    165.817 0.0000e+00
    149.696   1268.479    13.8260   4.569005     2.5417     0.1965  1.7855617  13.812128    13.8039    38.6357    29.0426     3.8185    165.719 0.0000e+00
    149.712   1269.479    13.8258   4.568989     2.5417     0.1983  1.7855617  13.811445    13.8037    38.6358    29.0426     3.8208    165.819 0.0000e+00
    149.686   1270.479    13.8255   4.568936     2.5426     0.1956  1.7855617  13.812128    13.8034    38.6355    29.0425     3.8225    165.895 0.0000e+00
    149.695   1271.479    13.8254   4.568930     2.5429     0.1850  1.7854091  13.813495    13.8033    38.6356    29.0426     3.8233    165.930 0.0000e+00
    149.706   1272.479    13.8253   4.568904     2.5433     0.1890  1.7857143  13.812811    13.8032    38.6355    29.0425     3.8204    165.802 0.0000e+00
    149.733   1273.479    13.8256   4.568950     2.5424     0.1995  1.7855108  13.814178    13.8035    38.6355    29.0425     3.8169    165.652 0.0000e+00
    149.636   1274.479    13.8256   4.568948     2.5410     0.1957  1.7852564  13.813495    13.8035    38.6355    29.0425     3.8141    165.529 0.0000e+00
    149.662   1275.479    13.8254   4.568916     2.5408     0.1816  1.7854091  13.812811    13.8033    38.6355    29.0425     3.8203    165.800 0.0000e+00
    149.766   1276.479    13.8253   4.568918     2.5426     0.1843  1.7853582  13.812128    13.8032    38.6355    29.0425     3.8227    165.905 0.0000e+00
    149.698   1277.479    13.8253   4.568916     2.5419     0.1892  1.7855108  13.812128    13.8032    38.6355    29.0426     3.8182    165.707 0.0000e+00
    149.620   1278.479    13.8253   4.568909     2.5418     0.1921  1.7852564  13.812128    13.8032    38.6355    29.0426     3.8180    165.699 0.0000e+00
    149.651   1279.479    13.8252   4.568892     2.5416     0.1821  1.7853582  13.812128    13.8030    38.6355    29.0426     3.8213    165.844 0.0000e+00
    149.757   1280.479    13.8251   4.568900     2.5432     0.1886  1.7855108  13.812128    13.8030    38.6355    29.0426     3.8243    165.975 0.0000e+00
    149.800   1281.479    13.8251   4.568895     2.5425     0.1831  1.7855108  13.812811    13.8030    38.6355    29.0426     3.8196    165.768 0.0000e+00
    149.624   1282.479    13.8250   4.568872     2.5430     0.1839  1.7856634  13.812128    13.8029    38.6354    29.0425     3.8234    165.934 0.0000e+00
    149.607   1283.479    13.8255   4.568937     2.5437     0.1794  1.7854091  13.811445    13.8034    38.6356    29.0426     3.8269    166.085 0.0000e+00
    149.746   1284.479    13.8253   4.568909     2.5448     0.1887  1.7853073  13.811445    13.8032    38.6355    29.0425     3.8250    166.005 0.0000e+00
    149.706   1285.479    13.8254   4.568932     2.5439     0.1926  1.7851547  13.810761    13.8033    38.6356    29.0426     3.8222    165.882 0.0000e+00
    149.699   1286.479    13.8255   4.568941     2.5440     0.1857  1.7857652  13.812811    13.8034    38.6356    29.0426     3.8251    166.006 0.0000e+00
    149.535   1287.479    13.8250   4.568867     2.5450     0.1954  1.7854091  13.811445    13.8029    38.6354    29.0425     3.8289    166.172 0.0000e+00
    149.165   1288.479    13.8244   4.568741     2.5455     0.2015  1.7854599  13.809394    13.8023    38.6351    29.0424     3.8255    166.027 0.0000e+00
    148.597   1289.479    13.8246   4.568728     2.5449     0.1999  1.7853073  13.810761    13.8027    38.6349    29.0422     3.8251    166.010 0.0000e+00
    147.778   1290.479    13.8235   4.568513     2.5456     0.1926  1.7853073  13.810078    13.8017    38.6344    29.0420     3.8308    166.255 0.0000e+00
    146.820   1291.479    13.8211   4.568115     2.5474     0.1977  1.7853073  13.809394    13.7994    38.6335    29.0418     3.8318    166.300 0.0000e+00
    145.710   1292.479    13.8172   4.567505     2.5473     0.1910  1.7852056  13.805978    13.7956    38.6321    29.0416     3.8299    166.218 0.0000e+00
    144.523   1293.479    13.8220   4.567964     2.5482     0.1949  1.7851038  13.802561    13.8007    38.6322    29.0405     3.8374    166.544 0.0000e+00
    143.621   1294.479    13.8209   4.567638     2.5516     0.1980  1.7842898  13.805978    13.7996    38.6306    29.0395     3.8468    166.951 0.0000e+00
    142.873   1295.479    13.8174   4.567084     2.5539     0.2006  1.7844424  13.805294    13.7962    38.6293    29.0392     3.8463    166.929 0.0000e+00
    141.734   1296.479    13.8151   4.566706     2.5553     0.1934  1.7835267  13.801194    13.7942    38.6285    29.0390     3.8497    167.077 0.0000e+00
    140.431   1297.479    13.8064   4.565257     2.5574     0.2024  1.7831706  13.798461    13.7857    38.6240    29.0374     3.8541    167.268 0.0000e+00
    139.523   1298.479    13.8042   4.564916     2.5591     0.1891  1.7828653  13.792994    13.7836    38.6234    29.0374     3.8572    167.402 0.0000e+00
    138.685   1299.479    13.8041   4.564823     2.5607     0.1903  1.7812882  13.790260    13.7837    38.6230    29.0371     3.8587    167.465 0.0000e+00
    137.545   1300.479    13.8089   4.565436     2.5622     0.1955  1.7803215  13.790260    13.7886    38.6246    29.0372     3.8610    167.567 0.0000e+00
    136.469   1301.479    13.8169   4.566329     2.5632     0.1806  1.7796602  13.795727    13.7968    38.6254    29.0361     3.8566    167.375 0.0000e+00
    135.491   1302.479    13.8176   4.566334     2.5621     0.1672  1.7798637  13.797777    13.7976    38.6252    29.0358     3.8553    167.321 0.0000e+00
    134.396   1303.479    13.8138   4.565691     2.5646     0.1553  1.7794567  13.797777    13.7940    38.6234    29.0351     3.8705    167.980 0.0000e+00
    133.409   1304.479    13.7988   4.563345     2.5682     0.1681  1.7791514  13.794360    13.7791    38.6167    29.0332     3.8767    168.251 0.0000e+00
    132.487   1305.479    13.7925   4.562326     2.5703     0.1845  1.7787444  13.785476    13.7729    38.6138    29.0323     3.8797    168.379 0.0000e+00
    131.387   1306.479    13.7933   4.562414     2.5734     0.2004  1.7781339  13.783426    13.7740    38.6143    29.0324     3.8884    168.758 0.0000e+00
    130.191   1307.479    13.7965   4.562730     2.5767     0.2102  1.7771164  13.786843    13.7773    38.6146    29.0319     3.8943    169.012 0.0000e+00
    129.170   1308.479    13.8002   4.563111     2.5804     0.2035  1.7762007  13.782060    13.7811    38.6150    29.0314     3.9037    169.419 0.0000e+00
    128.331   1309.479    13.7967   4.562502     2.5844     0.1880  1.7752849  13.780009    13.7778    38.6131    29.0307     3.9069    169.561 0.0000e+00
    127.363   1310.479    13.7943   4.562060     2.5862     0.1966  1.7744200  13.779326    13.7756    38.6117    29.0301     3.9037    169.423 0.0000e+00
    126.187   1311.479    13.7928   4.561714     2.5857     0.1981  1.7736569  13.785476    13.7742    38.6105    29.0294     3.8961    169.090 0.0000e+00
    125.011   1312.479    13.7906   4.561190     2.5847     0.1977  1.7733517  13.778643    13.7722    38.6083    29.0281     3.9000    169.259 0.0000e+00
    124.079   1313.479    13.7896   4.560925     2.5876     0.1928  1.7726394  13.775909    13.7713    38.6072    29.0275     3.9146    169.894 0.0000e+00
    123.252   1314.479    13.7888   4.560670     2.5906     0.2003  1.7716728  13.775909    13.7707    38.6059    29.0266     3.9110    169.739 0.0000e+00
    122.236   1315.479    13.7898   4.560761     2.5899     0.2038  1.7706553  13.777276    13.7718    38.6063    29.0267     3.9085    169.631 0.0000e+00
    121.042   1316.479    13.7903   4.560597     2.5917     0.1995  1.7706044  13.778643    13.7724    38.6048    29.0254     3.9146    169.894 0.0000e+00
    119.980   1317.479    13.7901   4.560436     2.5927     0.1928  1.7707062  13.774542    13.7724    38.6039    29.0247     3.9145    169.889 0.0000e+00
    119.093   1318.479    13.7904   4.560413     2.5938     0.1879  1.7694852  13.773858    13.7728    38.6038    29.0245     3.9168    169.992 0.0000e+00
    118.138   1319.479    13.7907   4.560413     2.5951     0.1936  1.7685186  13.776592    13.7733    38.6039    29.0245     3.9188    170.079 0.0000e+00
    116.994   1320.479    13.7913   4.560464     2.5959     0.2081  1.7681624  13.776592    13.7741    38.6043    29.0246     3.9183    170.057 0.0000e+00
    115.959   1321.479    13.7925   4.560440     2.5970     0.2065  1.7688747  13.777276    13.7754    38.6034    29.0236     3.9246    170.330 0.0000e+00
    115.082   1322.479    13.7892   4.559766     2.5998     0.2001  1.7683659  13.776592    13.7723    38.6007    29.0222     3.9312    170.615 0.0000e+00
    114.011   1323.479    13.7870   4.559341     2.6019     0.1956  1.7681624  13.776592    13.7702    38.5994    29.0217     3.9345    170.760 0.0000e+00
    112.890   1324.479    13.7866   4.559097     2.6045     0.1927  1.7670432  13.773858    13.7699    38.5980    29.0206     3.9397    170.985 0.0000e+00
    111.889   1325.479    13.7858   4.558776     2.6063     0.1988  1.7668906  13.769758    13.7693    38.5962    29.0194     3.9359    170.820 0.0000e+00
    110.917   1326.479    13.7858   4.558696     2.6050     0.1932  1.7662292  13.767707    13.7694    38.5959    29.0191     3.9283    170.489 0.0000e+00
    109.814   1327.479    13.7857   4.558668     2.6042     0.1837  1.7649573  13.769074    13.7695    38.5962    29.0193     3.9281    170.482 0.0000e+00
    108.777   1328.479    13.7850   4.558454     2.6044     0.1961  1.7649064  13.769074    13.7689    38.5954    29.0188     3.9337    170.723 0.0000e+00
    107.903   1329.479    13.7845   4.558324     2.6061     0.2055  1.7646012  13.764290    13.7686    38.5950    29.0186     3.9377    170.898 0.0000e+00
    106.833   1330.479    13.7838   4.558189     2.6076     0.1935  1.7640415  13.768391    13.7681    38.5949    29.0186     3.9422    171.095 0.0000e+00
    105.666   1331.479    13.7828   4.557975     2.6096     0.1868  1.7639907  13.765657    13.7672    38.5944    29.0185     3.9436    171.156 0.0000e+00
    104.746   1332.479    13.7818   4.557744     2.6108     0.1875  1.7638380  13.762923    13.7664    38.5936    29.0180     3.9429    171.125 0.0000e+00
    103.827   1333.479    13.7808   4.557485     2.6103     0.1903  1.7635837  13.763606    13.7655    38.5926    29.0174     3.9391    170.958 0.0000e+00
    102.734   1334.479    13.7800   4.557307     2.6115     0.1768  1.7631767  13.764973    13.7649    38.5922    29.0172     3.9503    171.447 0.0000e+00
    101.700   1335.479    13.7755   4.556467     2.6147     0.1934  1.7631767  13.764290    13.7605    38.5892    29.0159     3.9569    171.731 0.0000e+00
    100.713   1336.479    13.7740   4.556164     2.6168     0.1972  1.7632784  13.762923    13.7592    38.5883    29.0154     3.9548    171.639 0.0000e+00
     99.636   1337.479    13.7716   4.555727     2.6168     0.1877  1.7627188  13.760873    13.7570    38.5870    29.0149     3.9548    171.643 0.0000e+00
     98.581   1338.479    13.7683   4.555134     2.6190     0.1886  1.7620065  13.760873    13.7538    38.5852    29.0142     3.9623    171.967 0.0000e+00
     97.609   1339.479    13.7669   4.554863     2.6204     0.2010  1.7619557  13.756088    13.7525    38.5845    29.0139     3.9624    171.970 0.0000e+00
     96.651   1340.479    13.7659   4.554651     2.6218     0.1869  1.7611417  13.755404    13.7517    38.5839    29.0136     3.9690    172.259 0.0000e+00
