Boussole/Data/SBEMOOSE/Work/cnv/Bous222_02.cnv
* Sea-Bird SBE 9 Data File:
* FileName = C:\boussole\202009\Bous222_02.hdr
* Software Version Seasave V 7.23.2
* Temperature SN = 5545
* Conductivity SN = 4097
* Number of Bytes Per Scan = 37
* Number of Voltage Words = 4
* Number of Scans Averaged by the Deck Unit = 1
* NMEA Latitude = 43 21.97 N
* NMEA Longitude = 007 53.80 E
* NMEA UTC (Time) = Sep 12 2020  12:12:21
* NMEA baud rate = 4800
** Navire
** Station:
** Date
** Heure debut [TU]
** Heure fin [TU]
** Heure locale / TU = +0
** Latitude
** Longitude
** Heure meteo [TU]
** T air sec [deg C]
** T mer [deg C]
** Vent [noeuds, degres]
# nquan = 21
# nvalues = 275                         
# units = specified
# name 0 = prDM: Pressure, Digiquartz [db]
# name 1 = timeS: Time, Elapsed [seconds]
# name 2 = t090C: Temperature [ITS-90, deg C]
# name 3 = t190C: Temperature, 2 [ITS-90, deg C]
# name 4 = c0S/m: Conductivity [S/m]
# name 5 = c1S/m: Conductivity, 2 [S/m]
# name 6 = sbeox0V: Oxygen raw, SBE 43 [V]
# name 7 = v2: Voltage 2
# name 8 = flC: Fluorescence, Chelsea Aqua 3 Chl Con [ug/l]
# name 9 = v3: Voltage 3
# name 10 = CStarTr0: Beam Transmission, WET Labs C-Star [%]
# name 11 = CStarAt0: Beam Attenuation, WET Labs C-Star [1/m]
# name 12 = sbeox0ML/L: Oxygen, SBE 43 [ml/l], WS = 2
# name 13 = sbox0Mm/Kg: Oxygen, SBE 43 [umol/kg], WS = 2
# name 14 = potemp090C: Potential Temperature [ITS-90, deg C]
# name 15 = potemp190C: Potential Temperature, 2 [ITS-90, deg C]
# name 16 = sal00: Salinity, Practical [PSU]
# name 17 = sal11: Salinity, Practical, 2 [PSU]
# name 18 = sigma-é00: Density [sigma-theta, kg/m^3]
# name 19 = sigma-é11: Density, 2 [sigma-theta, kg/m^3]
# name 20 = flag: flag
# span 0 =      2.631,    101.481       
# span 1 =      0.479,    274.083       
# span 2 =    13.6284,    23.0271       
# span 3 =    13.6324,    23.0347       
# span 4 =   4.525455,   5.539328       
# span 5 =   4.525886,   5.539384       
# span 6 =     2.4830,     3.8269       
# span 7 =     1.1963,     1.8005       
# span 8 =    -0.0114,     0.8845       
# span 9 =     4.4029,     4.7386       
# span 10 =    92.5070,    99.5843      
# span 11 =     0.0167,     0.3115      
# span 12 =     3.7318,     6.1109      
# span 13 =    161.967,    265.424      
# span 14 =    13.6184,    23.0265      
# span 15 =    13.6224,    23.0341      
# span 16 =    38.2482,    38.5305      
# span 17 =    38.3460,    38.5290      
# span 18 =    26.5025,    28.9897      
# span 19 =    26.4974,    28.9878      
# span 20 = 0.0000e+00, 0.0000e+00      
# interval = seconds: 1                 
# start_time = Sep 12 2020 12:12:21 [NMEA time, header]
# bad_flag = -9.990e-29
*END*
[from data line 207]
     88.571    207.479    13.6637    13.6646   4.534893   4.534560     2.5261     1.3331     0.0948     4.6632    97.9941     0.0811     3.8113    165.420    13.6508    13.6516    38.5025    38.4984    28.9722    28.9688 0.0000e+00
     89.096    208.479    13.6673    13.6698   4.535565   4.535498     2.5239     1.3399     0.0855     4.6616    97.9598     0.0825     3.8091    165.324    13.6543    13.6568    38.5050    38.5018    28.9734    28.9704 0.0000e+00
     89.816    209.479    13.6699    13.6729   4.536031   4.536095     2.5227     1.3292     0.0876     4.6640    98.0113     0.0803     3.8113    165.420    13.6567    13.6597    38.5066    38.5041    28.9741    28.9716 0.0000e+00
     90.325    210.479    13.6696    13.6735   4.536098   4.536311     2.5231     1.3191     0.0877     4.6644    98.0188     0.0800     3.8143    165.549    13.6564    13.6603    38.5072    38.5054    28.9747    28.9724 0.0000e+00
     90.769    211.479    13.6679    13.6741   4.536016   4.536428     2.5232     1.3214     0.0955     4.6739    98.2193     0.0719     3.8136    165.519    13.6546    13.6608    38.5079    38.5056    28.9756    28.9724 0.0000e+00
     91.267    212.479    13.6662    13.6708   4.535892   4.536201     2.5229     1.3215     0.0837     4.7351    99.5093     0.0197     3.8123    165.463    13.6529    13.6575    38.5082    38.5065    28.9762    28.9739 0.0000e+00
     91.813    213.479    13.6650    13.6685   4.535819   4.536050     2.5224     1.3300     0.0796     4.7351    99.5093     0.0197     3.8117    165.437    13.6516    13.6551    38.5085    38.5072    28.9767    28.9749 0.0000e+00
     92.274    214.479    13.6644    13.6679   4.535843   4.536068     2.5220     1.3170     0.0835     4.7351    99.5104     0.0196     3.8115    165.429    13.6509    13.6544    38.5092    38.5078    28.9773    28.9755 0.0000e+00
     92.836    215.479    13.6651    13.6692   4.536019   4.536278     2.5217     1.3125     0.0801     4.7351    99.5093     0.0197     3.8104    165.381    13.6516    13.6556    38.5098    38.5082    28.9777    28.9756 0.0000e+00
     93.471    216.479    13.6660    13.6698   4.536162   4.536405     2.5211     1.3168     0.0892     4.7353    99.5147     0.0194     3.8104    165.381    13.6523    13.6561    38.5100    38.5086    28.9777    28.9758 0.0000e+00
     93.982    217.479    13.6660    13.6701   4.536210   4.536474     2.5214     1.3131     0.0833     4.7350    99.5082     0.0197     3.8127    165.481    13.6523    13.6564    38.5103    38.5086    28.9779    28.9757 0.0000e+00
     94.382    218.479    13.6655    13.6699   4.536182   4.536488     2.5216     1.3231     0.0759     4.7339    99.4846     0.0207     3.8124    165.465    13.6517    13.6561    38.5103    38.5088    28.9781    28.9759 0.0000e+00
     94.772    219.479    13.6639    13.6682   4.536124   4.536407     2.5211     1.3167     0.0707     4.7353    99.5136     0.0195     3.8087    165.306    13.6500    13.6543    38.5112    38.5096    28.9791    28.9769 0.0000e+00
     95.353    220.479    13.6628    13.6667   4.536269   4.536512     2.5197     1.3083     0.0756     4.7363    99.5340     0.0187     3.8018    165.008    13.6488    13.6528    38.5135    38.5118    28.9811    28.9789 0.0000e+00
     96.109    221.479    13.6653    13.6690   4.536940   4.537091     2.5162     1.3025     0.0719     4.7361    99.5308     0.0188     3.7899    164.490    13.6513    13.6549    38.5169    38.5147    28.9833    28.9808 0.0000e+00
     96.652    222.479    13.6666    13.6700   4.537194   4.537374     2.5125     1.3080     0.0860     4.7361    99.5308     0.0188     3.7853    164.290    13.6525    13.6559    38.5178    38.5161    28.9837    28.9816 0.0000e+00
     96.771    223.479    13.6676    13.6701   4.537361   4.537420     2.5100     1.3038     0.0746     4.7363    99.5340     0.0187     3.7806    164.087    13.6534    13.6559    38.5184    38.5164    28.9839    28.9819 0.0000e+00
     97.169    224.479    13.6698    13.6727   4.537813   4.537852     2.5072     1.3196     0.0771     4.7359    99.5254     0.0190     3.7758    163.879    13.6556    13.6585    38.5203    38.5177    28.9850    28.9823 0.0000e+00
     98.069    225.479    13.6729    13.6758   4.538438   4.538416     2.5052     1.3069     0.0742     4.7365    99.5394     0.0185     3.7731    163.762    13.6585    13.6615    38.5227    38.5195    28.9862    28.9831 0.0000e+00
     98.639    226.479    13.6746    13.6777   4.538714   4.538854     2.5030     1.3097     0.0758     4.7369    99.5469     0.0182     3.7675    163.517    13.6601    13.6632    38.5234    38.5216    28.9864    28.9843 0.0000e+00
     98.879    227.479    13.6754    13.6774   4.538915   4.538839     2.5002     1.3064     0.0669     4.7358    99.5243     0.0191     3.7600    163.191    13.6609    13.6629    38.5243    38.5216    28.9869    28.9844 0.0000e+00
     99.366    228.479    13.6770    13.6806   4.539252   4.539352     2.4973     1.3082     0.0799     4.7357    99.5211     0.0192     3.7547    162.960    13.6625    13.6661    38.5257    38.5230    28.9877    28.9848 0.0000e+00
     99.966    229.479    13.6791    13.6820   4.539638   4.539702     2.4948     1.2980     0.0716     4.7365    99.5394     0.0185     3.7522    162.853    13.6645    13.6673    38.5270    38.5247    28.9883    28.9859 0.0000e+00
    100.557    230.479    13.6806    13.6837   4.539940   4.540082     2.4936     1.3129     0.0647     4.7373    99.5565     0.0178     3.7532    162.894    13.6658    13.6690    38.5281    38.5263    28.9888    28.9867 0.0000e+00
    100.788    231.479    13.6816    13.6844   4.540097   4.540197     2.4929     1.3034     0.0547     4.7367    99.5426     0.0184     3.7528    162.880    13.6668    13.6696    38.5285    38.5266    28.9889    28.9868 0.0000e+00
    100.648    232.479    13.6814    13.6843   4.540053   4.540190     2.4923     1.2955     0.0599     4.7362    99.5318     0.0188     3.7493    162.727    13.6667    13.6696    38.5283    38.5267    28.9888    28.9869 0.0000e+00
    100.738    233.479    13.6819    13.6846   4.540161   4.540264     2.4908     1.2838     0.0661     4.7367    99.5436     0.0183     3.7468    162.618    13.6672    13.6698    38.5288    38.5271    28.9891    28.9872 0.0000e+00
    100.934    234.479    13.6828    13.6862   4.540302   4.540520     2.4902     1.2898     0.0622     4.7374    99.5586     0.0177     3.7481    162.674    13.6680    13.6714    38.5292    38.5278    28.9892    28.9874 0.0000e+00
    100.852    235.479    13.6827    13.6858   4.540264   4.540411     2.4902     1.2971     0.0566     4.7375    99.5597     0.0177     3.7492    162.721    13.6679    13.6710    38.5290    38.5272    28.9891    28.9871 0.0000e+00
    100.702    236.479    13.6821    13.6854   4.540172   4.540385     2.4905     1.2926     0.0573     4.7378    99.5672     0.0174     3.7509    162.795    13.6674    13.6706    38.5287    38.5274    28.9889    28.9873 0.0000e+00
    100.676    237.479    13.6819    13.6852   4.540130   4.540354     2.4909     1.2860     0.0644     4.7379    99.5693     0.0173     3.7502    162.765    13.6671    13.6705    38.5286    38.5274    28.9889    28.9873 0.0000e+00
    100.848    238.479    13.6824    13.6856   4.540247   4.540449     2.4903     1.2868     0.0684     4.7374    99.5576     0.0178     3.7453    162.554    13.6676    13.6709    38.5290    38.5277    28.9892    28.9874 0.0000e+00
    100.972    239.479    13.6832    13.6875   4.540348   4.540650     2.4890     1.2952     0.0740     4.7371    99.5522     0.0180     3.7438    162.489    13.6684    13.6727    38.5292    38.5277    28.9891    28.9871 0.0000e+00
    100.760    240.479    13.6827    13.6859   4.540250   4.540451     2.4886     1.2998     0.0689     4.7364    99.5361     0.0186     3.7445    162.517    13.6679    13.6711    38.5289    38.5276    28.9890    28.9873 0.0000e+00
    100.720    241.479    13.6821    13.6854   4.540161   4.540379     2.4883     1.3062     0.0657     4.7370    99.5490     0.0181     3.7452    162.546    13.6673    13.6707    38.5287    38.5273    28.9889    28.9872 0.0000e+00
    100.850    242.479    13.6829    13.6868   4.540278   4.540575     2.4885     1.3003     0.0720     4.7350    99.5082     0.0197     3.7453    162.554    13.6681    13.6720    38.5289    38.5278    28.9890    28.9873 0.0000e+00
    100.779    243.479    13.6830    13.6869   4.540309   4.540560     2.4883     1.2967     0.0823     4.7376    99.5629     0.0176     3.7428    162.446    13.6682    13.6721    38.5291    38.5276    28.9891    28.9871 0.0000e+00
    100.793    244.479    13.6830    13.6866   4.540316   4.540552     2.4875     1.3038     0.0782     4.7379    99.5683     0.0173     3.7406    162.350    13.6682    13.6718    38.5291    38.5278    28.9891    28.9873 0.0000e+00
    100.912    245.479    13.6832    13.6868   4.540357   4.540603     2.4868     1.3156     0.0681     4.7377    99.5640     0.0175     3.7414    162.383    13.6685    13.6720    38.5292    38.5280    28.9891    28.9874 0.0000e+00
    100.828    246.479    13.6832    13.6865   4.540351   4.540560     2.4871     1.3109     0.0742     4.7375    99.5597     0.0177     3.7428    162.446    13.6684    13.6717    38.5292    38.5279    28.9891    28.9874 0.0000e+00
    100.748    247.479    13.6831    13.6865   4.540325   4.540564     2.4870     1.2995     0.0793     4.7372    99.5533     0.0179     3.7399    162.319    13.6683    13.6717    38.5292    38.5280    28.9891    28.9875 0.0000e+00
    100.837    248.479    13.6832    13.6867   4.540355   4.540588     2.4861     1.3064     0.0734     4.7367    99.5426     0.0184     3.7384    162.253    13.6684    13.6719    38.5293    38.5281    28.9892    28.9875 0.0000e+00
    100.953    249.479    13.6834    13.6868   4.540389   4.540629     2.4856     1.3122     0.0701     4.7378    99.5672     0.0174     3.7385    162.260    13.6686    13.6720    38.5294    38.5282    28.9892    28.9876 0.0000e+00
    100.901    250.479    13.6833    13.6868   4.540378   4.540603     2.4856     1.3056     0.0810     4.7379    99.5683     0.0173     3.7390    162.278    13.6685    13.6720    38.5294    38.5280    28.9892    28.9874 0.0000e+00
    100.752    251.479    13.6828    13.6864   4.540275   4.540539     2.4852     1.3017     0.0843     4.7374    99.5576     0.0178     3.7376    162.217    13.6680    13.6716    38.5290    38.5279    28.9890    28.9874 0.0000e+00
    100.882    252.479    13.6830    13.6865   4.540324   4.540575     2.4850     1.3141     0.0804     4.7286    99.3721     0.0252     3.7360    162.151    13.6682    13.6717    38.5292    38.5280    28.9892    28.9875 0.0000e+00
    101.019    253.479    13.6835    13.6875   4.540409   4.540699     2.4841     1.3178     0.0812     4.7378    99.5661     0.0174     3.7342    162.071    13.6687    13.6727    38.5295    38.5281    28.9893    28.9874 0.0000e+00
    100.917    254.479    13.6835    13.6865   4.540401   4.540579     2.4841     1.3135     0.0747     4.7382    99.5747     0.0171     3.7379    162.233    13.6687    13.6717    38.5294    38.5280    28.9892    28.9875 0.0000e+00
    100.764    255.479    13.6834    13.6864   4.540383   4.540545     2.4848     1.3143     0.0636     4.7376    99.5618     0.0176     3.7373    162.206    13.6686    13.6716    38.5294    38.5279    28.9893    28.9874 0.0000e+00
    100.810    256.479    13.6833    13.6866   4.540368   4.540580     2.4840     1.3070     0.0575     4.7380    99.5704     0.0172     3.7326    162.004    13.6685    13.6718    38.5293    38.5280    28.9892    28.9875 0.0000e+00
    101.116    257.479    13.6852    13.6881   4.540684   4.540836     2.4830     1.2942     0.0648     4.7383    99.5768     0.0170     3.7318    161.967    13.6704    13.6733    38.5303    38.5288    28.9895    28.9878 0.0000e+00
    101.078    258.479    13.6849    13.6882   4.540634   4.540790     2.4831     1.2870     0.0639     4.7384    99.5800     0.0168     3.7368    162.184    13.6701    13.6734    38.5301    38.5283    28.9895    28.9874 0.0000e+00
    100.690    259.479    13.6832    13.6859   4.540304   4.540428     2.4844     1.2957     0.0658     4.7381    99.5725     0.0171     3.7394    162.298    13.6685    13.6712    38.5289    38.5273    28.9888    28.9870 0.0000e+00
    100.771    260.479    13.6833    13.6881   4.540362   4.540738     2.4846     1.2946     0.0732     4.7383    99.5779     0.0169     3.7366    162.175    13.6685    13.6733    38.5293    38.5280    28.9892    28.9871 0.0000e+00
    101.227    261.479    13.6851    13.6890   4.540697   4.540947     2.4840     1.2967     0.0605     4.7358    99.5254     0.0190     3.7349    162.103    13.6703    13.6742    38.5305    38.5290    28.9897    28.9877 0.0000e+00
    101.032    262.479    13.6845    13.6881   4.540562   4.540738     2.4843     1.3053     0.0618     4.7384    99.5790     0.0169     3.7389    162.276    13.6697    13.6733    38.5299    38.5279    28.9894    28.9871 0.0000e+00
    100.637    263.479    13.6832    13.6862   4.540281   4.540463     2.4851     1.2906     0.0692     4.7384    99.5790     0.0169     3.7382    162.245    13.6684    13.6714    38.5287    38.5274    28.9887    28.9871 0.0000e+00
    100.771    264.479    13.6833    13.6869   4.540378   4.540594     2.4846     1.2921     0.0595     4.7383    99.5779     0.0169     3.7356    162.134    13.6686    13.6722    38.5294    38.5278    28.9892    28.9873 0.0000e+00
    101.263    265.479    13.6848    13.6889   4.540667   4.540952     2.4842     1.3007     0.0589     4.7386    99.5843     0.0167     3.7362    162.156    13.6700    13.6741    38.5304    38.5290    28.9897    28.9877 0.0000e+00
    101.254    266.479    13.6852    13.6887   4.540699   4.540870     2.4844     1.2894     0.0555     4.7384    99.5790     0.0169     3.7359    162.145    13.6704    13.6739    38.5304    38.5285    28.9896    28.9874 0.0000e+00
    100.762    267.479    13.6838    13.6864   4.540399   4.540528     2.4838     1.2887     0.0581     4.7381    99.5736     0.0171     3.7347    162.094    13.6690    13.6716    38.5292    38.5278    28.9890    28.9873 0.0000e+00
    100.547    268.479    13.6827    13.6863   4.540226   4.540479     2.4838     1.2846     0.0577     4.7382    99.5758     0.0170     3.7345    162.083    13.6680    13.6716    38.5287    38.5275    28.9888    28.9871 0.0000e+00
    101.045    269.479    13.6847    13.6887   4.540627   4.540887     2.4834     1.2878     0.0622     4.7385    99.5811     0.0168     3.7339    162.059    13.6699    13.6739    38.5303    38.5287    28.9896    28.9875 0.0000e+00
    101.430    270.479    13.6853    13.6890   4.540717   4.540954     2.4833     1.2872     0.0588     4.7383    99.5779     0.0169     3.7357    162.135    13.6704    13.6742    38.5303    38.5289    28.9896    28.9876 0.0000e+00
    100.932    271.479    13.6845    13.6872   4.540495   4.540654     2.4836     1.2925     0.0551     4.7384    99.5790     0.0169     3.7371    162.197    13.6697    13.6725    38.5293    38.5280    28.9889    28.9873 0.0000e+00
    100.440    272.479    13.6825    13.6863   4.540169   4.540465 -9.990e-29     1.2885     0.0574     4.7384    99.5800     0.0168 -9.990e-29 -9.990e-29    13.6678    13.6716    38.5284    38.5274    28.9886    28.9871 0.0000e+00
    100.988    273.479    13.6847    13.6887   4.540592   4.540851 -9.990e-29     1.2842 -9.990e-29     4.7384    99.5800     0.0168 -9.990e-29 -9.990e-29    13.6699    13.6739    38.5300    38.5284    28.9894    28.9873 0.0000e+00
    101.481    274.083    13.6853    13.6888   4.540703   4.540940 -9.990e-29     1.2869 -9.990e-29     4.7382    99.5751     0.0170 -9.990e-29 -9.990e-29    13.6704    13.6739    38.5302    38.5290    28.9894    28.9878 0.0000e+00
