Boussole/Data/SBEMOOSE/Work/cnv/bous228_04.cnv
* Sea-Bird SBE 9 Data File:
* FileName = C:\boussole\202103\bous228_04.hdr
* Software Version Seasave V 7.23.2
* Temperature SN = 2473
* Conductivity SN = 2929
* Number of Bytes Per Scan = 37
* Number of Voltage Words = 4
* Number of Scans Averaged by the Deck Unit = 1
* NMEA Latitude = 43 22.23 N
* NMEA Longitude = 007 53.93 E
* NMEA UTC (Time) = Mar 03 2021  14:43:44
* NMEA baud rate = 4800
** Navire
** Station:
** Date
** Heure debut [TU]
** Heure fin [TU]
** Heure locale / TU = +0
** Latitude
** Longitude
** Heure meteo [TU]
** T air sec [deg C]
** T mer [deg C]
** Vent [noeuds, degres]
# nquan = 14
# nvalues = 5592                        
# units = specified
# name 0 = prDM: Pressure, Digiquartz [db]
# name 1 = timeS: Time, Elapsed [seconds]
# name 2 = t090C: Temperature [ITS-90, deg C]
# name 3 = c0S/m: Conductivity [S/m]
# name 4 = sbeox0V: Oxygen raw, SBE 43 [V]
# name 5 = flC: Fluorescence, Chelsea Aqua 3 Chl Con [ug/l]
# name 6 = upoly0: Upoly 0, RINKOIII_DO
# name 7 = upoly1: Upoly 1, RINKOIII_Temp
# name 8 = potemp090C: Potential Temperature [ITS-90, deg C]
# name 9 = sal00: Salinity, Practical [PSU]
# name 10 = sigma-é00: Density [sigma-theta, kg/m^3]
# name 11 = sbeox0ML/L: Oxygen, SBE 43 [ml/l], WS = 2
# name 12 = sbox0Mm/Kg: Oxygen, SBE 43 [umol/kg], WS = 2
# name 13 = flag: flag
# span 0 =      0.289,    405.423       
# span 1 =      0.479,   5591.021       
# span 2 =    13.4007,    13.7996       
# span 3 =   4.490045,   4.574348       
# span 4 =     2.1591,     3.0504       
# span 5 =     0.1584,     3.5456       
# span 6 =  1.5142450,  1.8399979       
# span 7 =  13.383985,  13.779326       
# span 8 =    13.3957,    13.7640       
# span 9 =    38.3051,    38.6571       
# span 10 =    28.7950,    29.0867      
# span 11 =     3.1793,     4.8783      
# span 12 =    137.973,    211.743      
# span 13 = 0.0000e+00, 0.0000e+00      
# interval = seconds: 1                 
# start_time = Mar 03 2021 14:43:44 [NMEA time, header]
# bad_flag = -9.990e-29
*END*
[from data line 4955]
     10.130   4955.479    13.4384   4.492942     3.0432     1.9582  1.5174501  13.423686    13.4369    38.3646    28.9108     4.8683    211.307 0.0000e+00
     10.123   4956.479    13.4385   4.492929     3.0439     1.8403  1.5169923  13.424370    13.4370    38.3643    28.9105     4.8697    211.369 0.0000e+00
     10.233   4957.479    13.4389   4.492981     3.0434     1.8182  1.5171449  13.423001    13.4374    38.3645    28.9106     4.8654    211.185 0.0000e+00
     10.221   4958.479    13.4389   4.492984     3.0427     1.7494  1.5172975  13.423001    13.4374    38.3645    28.9106     4.8647    211.155 0.0000e+00
     10.222   4959.479    13.4383   4.492923     3.0424     1.8812  1.5170940  13.418894    13.4368    38.3645    28.9107     4.8647    211.153 0.0000e+00
     10.293   4960.479    13.4383   4.492923     3.0424     1.8843  1.5174501  13.418894    13.4368    38.3645    28.9107     4.8669    211.248 0.0000e+00
     10.281   4961.479    13.4386   4.492963     3.0422     1.7574  1.5172466  13.418894    13.4371    38.3645    28.9107     4.8610    210.993 0.0000e+00
     10.249   4962.479    13.4385   4.492899     3.0404     1.7417  1.5173993  13.421632    13.4370    38.3640    28.9103     4.8573    210.833 0.0000e+00
     10.176   4963.479    13.4385   4.492956     3.0394     1.6854  1.5172975  13.420948    13.4370    38.3646    28.9108     4.8599    210.946 0.0000e+00
     10.037   4964.479    13.4385   4.492947     3.0404     1.6545  1.5168905  13.425055    13.4371    38.3646    28.9107     4.8651    211.169 0.0000e+00
     10.147   4965.479    13.4387   4.492965     3.0421     1.6737  1.5170940  13.423686    13.4372    38.3646    28.9107     4.8726    211.498 0.0000e+00
     10.442   4966.479    13.4385   4.492953     3.0447     1.7129  1.5173993  13.418210    13.4370    38.3645    28.9107     4.8747    211.588 0.0000e+00
     10.405   4967.479    13.4388   4.492989     3.0450     1.7783  1.5172975  13.418210    13.4373    38.3645    28.9106     4.8708    211.419 0.0000e+00
     10.150   4968.479    13.4400   4.493097     3.0447     1.8169  1.5176028  13.421632    13.4385    38.3645    28.9104     4.8695    211.360 0.0000e+00
     10.056   4969.479    13.4410   4.493188     3.0443     1.7150  1.5169923  13.425055    13.4396    38.3644    28.9101     4.8658    211.201 0.0000e+00
     10.156   4970.479    13.4392   4.493021     3.0422     1.7175  1.5172975  13.420948    13.4377    38.3646    28.9106     4.8569    210.814 0.0000e+00
     10.240   4971.479    13.4389   4.493012     3.0396     1.9909  1.5174501  13.419579    13.4374    38.3647    28.9108     4.8547    210.718 0.0000e+00
     10.272   4972.479    13.4390   4.492922     3.0384     1.8816  1.5172466  13.423001    13.4375    38.3638    28.9100     4.8551    210.738 0.0000e+00
     10.349   4973.479    13.4392   4.493061     3.0383     1.7661  1.5171958  13.418894    13.4377    38.3648    28.9108     4.8569    210.815 0.0000e+00
     10.294   4974.479    13.4394   4.492982     3.0375     1.8311  1.5171958  13.419579    13.4379    38.3639    28.9100     4.8514    210.576 0.0000e+00
     10.090   4975.479    13.4387   4.492810     3.0363     1.7777  1.5172975  13.422317    13.4372    38.3630    28.9095     4.8532    210.653 0.0000e+00
     10.088   4976.479    13.4392   4.493007     3.0377     1.7842  1.5174501  13.425055    13.4377    38.3644    28.9105     4.8618    211.029 0.0000e+00
     10.277   4977.479    13.4393   4.493047     3.0395     1.7435  1.5172466  13.420948    13.4378    38.3646    28.9106     4.8643    211.137 0.0000e+00
     10.322   4978.479    13.4395   4.493099     3.0410     1.7600  1.5175010  13.420263    13.4380    38.3649    28.9108     4.8644    211.140 0.0000e+00
     10.256   4979.479    13.4395   4.493083     3.0401     1.7700  1.5172975  13.418894    13.4380    38.3648    28.9107     4.8575    210.840 0.0000e+00
     10.210   4980.479    13.4391   4.493017     3.0393     1.7358  1.5172975  13.423001    13.4376    38.3646    28.9106     4.8593    210.920 0.0000e+00
     10.215   4981.479    13.4390   4.493006     3.0403     1.7064  1.5170940  13.426423    13.4375    38.3646    28.9107     4.8654    211.185 0.0000e+00
     10.184   4982.479    13.4389   4.492983     3.0415     1.6888  1.5171958  13.420263    13.4374    38.3645    28.9106     4.8643    211.134 0.0000e+00
     10.163   4983.479    13.4389   4.492969     3.0404     1.6630  1.5172975  13.420948    13.4374    38.3644    28.9105     4.8584    210.878 0.0000e+00
     10.258   4984.479    13.4390   4.493004     3.0403     1.7235  1.5172466  13.419579    13.4375    38.3646    28.9106     4.8633    211.091 0.0000e+00
     10.339   4985.479    13.4392   4.493035     3.0408     1.7586  1.5173484  13.418894    13.4377    38.3646    28.9106     4.8599    210.946 0.0000e+00
     10.261   4986.479    13.4391   4.493001     3.0392     1.7197  1.5172466  13.419579    13.4376    38.3644    28.9105     4.8549    210.730 0.0000e+00
     10.153   4987.479    13.4389   4.492999     3.0381     1.6648  1.5174501  13.423001    13.4374    38.3646    28.9107     4.8550    210.732 0.0000e+00
     10.158   4988.479    13.4389   4.492983     3.0384     1.6768  1.5174501  13.423001    13.4374    38.3645    28.9106     4.8591    210.908 0.0000e+00
     10.230   4989.479    13.4394   4.492976     3.0388     1.8917  1.5171449  13.418894    13.4379    38.3639    28.9100     4.8576    210.847 0.0000e+00
     10.268   4990.479    13.4395   4.493052     3.0379     1.7659  1.5172975  13.420263    13.4380    38.3645    28.9105     4.8548    210.724 0.0000e+00
     10.202   4991.479    13.4393   4.493021     3.0387     1.8544  1.5172466  13.420263    13.4378    38.3644    28.9104     4.8667    211.240 0.0000e+00
     10.177   4992.479    13.4390   4.493001     3.0425     1.8694  1.5171958  13.421632    13.4375    38.3645    28.9106     4.8709    211.423 0.0000e+00
     10.311   4993.479    13.4392   4.493045     3.0419     1.7738  1.5170431  13.420263    13.4377    38.3647    28.9107     4.8618    211.025 0.0000e+00
     10.343   4994.479    13.4393   4.493051     3.0415     1.6739  1.5173484  13.418210    13.4378    38.3646    28.9106     4.8642    211.130 0.0000e+00
     10.147   4995.479    13.4393   4.493033     3.0416     1.6238  1.5171449  13.418894    13.4378    38.3646    28.9106     4.8628    211.071 0.0000e+00
     10.094   4996.479    13.4394   4.493038     3.0410     1.6534  1.5171958  13.423001    13.4379    38.3645    28.9105     4.8659    211.206 0.0000e+00
     10.202   4997.479    13.4398   4.493077     3.0438     1.6723  1.5174501  13.422317    13.4383    38.3645    28.9104     4.8734    211.532 0.0000e+00
     10.253   4998.479    13.4394   4.493068     3.0432     2.4303  1.5172975  13.419579    13.4379    38.3647    28.9107     4.8614    211.008 0.0000e+00
     10.273   4999.479    13.4396   4.493075     3.0411     2.2158  1.5168905  13.421632    13.4381    38.3647    28.9106     4.8599    210.943 0.0000e+00
     10.315   5000.479    13.4393   4.493049     3.0412     1.9213  1.5173993  13.424370    13.4378    38.3646    28.9106     4.8652    211.176 0.0000e+00
     10.239   5001.479    13.4393   4.493038     3.0425     1.7843  1.5167379  13.418894    13.4378    38.3646    28.9106     4.8704    211.400 0.0000e+00
     10.111   5002.479    13.4395   4.493051     3.0436     1.8270  1.5173993  13.427792    13.4380    38.3646    28.9105     4.8684    211.313 0.0000e+00
     10.170   5003.479    13.4397   4.493078     3.0426     1.7740  1.5171958  13.422317    13.4382    38.3646    28.9105     4.8608    210.986 0.0000e+00
     10.313   5004.479    13.4397   4.493082     3.0411     1.6845  1.5171958  13.418210    13.4382    38.3646    28.9105     4.8610    210.992 0.0000e+00
     10.236   5005.479    13.4398   4.493100     3.0409     1.6323  1.5171958  13.420263    13.4383    38.3646    28.9105     4.8626    211.063 0.0000e+00
     10.126   5006.479    13.4399   4.493106     3.0415     1.6021  1.5169923  13.419579    13.4384    38.3647    28.9106     4.8664    211.227 0.0000e+00
     10.235   5007.479    13.4399   4.493122     3.0423     1.6208  1.5170431  13.418894    13.4384    38.3647    28.9106     4.8648    211.158 0.0000e+00
     10.369   5008.479    13.4401   4.493151     3.0411     1.6458  1.5174501  13.420948    13.4386    38.3648    28.9106     4.8570    210.816 0.0000e+00
     10.234   5009.479    13.4401   4.493135     3.0391     1.6785  1.5169923  13.419579    13.4386    38.3647    28.9105     4.8553    210.747 0.0000e+00
     10.132   5010.479    13.4403   4.493154     3.0388     1.8381  1.5171958  13.421632    13.4388    38.3647    28.9104     4.8592    210.914 0.0000e+00
     10.230   5011.479    13.4401   4.493142     3.0400     1.7544  1.5171958  13.420948    13.4386    38.3648    28.9105     4.8698    211.372 0.0000e+00
     10.241   5012.479    13.4401   4.493141     3.0442     1.6975  1.5171958  13.420948    13.4386    38.3648    28.9106     4.8760    211.642 0.0000e+00
     10.136   5013.479    13.4400   4.493101     3.0440     1.7195  1.5170431  13.420948    13.4385    38.3645    28.9104     4.8643    211.134 0.0000e+00
     10.168   5014.479    13.4401   4.493136     3.0423     1.7178  1.5172975  13.419579    13.4386    38.3648    28.9105     4.8639    211.120 0.0000e+00
     10.362   5015.479    13.4401   4.493152     3.0426     1.7907  1.5172975  13.418210    13.4386    38.3648    28.9106     4.8671    211.258 0.0000e+00
     10.407   5016.479    13.4402   4.493143     3.0434     1.6987  1.5173993  13.418894    13.4387    38.3646    28.9104     4.8714    211.446 0.0000e+00
     10.184   5017.479    13.4400   4.493045     3.0450     1.7019  1.5171958  13.418894    13.4385    38.3639    28.9099     4.8763    211.658 0.0000e+00
      9.979   5018.479    13.4403   4.493131     3.0467     1.7551  1.5170431  13.422317    13.4389    38.3645    28.9103     4.8776    211.714 0.0000e+00
     10.140   5019.479    13.4399   4.493082     3.0466     1.9744  1.5174501  13.420263    13.4385    38.3644    28.9103     4.8660    211.210 0.0000e+00
     10.395   5020.479    13.4399   4.493007     3.0421     1.9479  1.5171958  13.419579    13.4384    38.3636    28.9097     4.8568    210.811 0.0000e+00
     10.289   5021.479    13.4401   4.493110     3.0416     2.0364  1.5170940  13.418894    13.4386    38.3645    28.9103     4.8625    211.058 0.0000e+00
     10.145   5022.479    13.4406   4.493180     3.0406     1.8981  1.5172466  13.420948    13.4391    38.3647    28.9104     4.8584    210.879 0.0000e+00
     10.221   5023.479    13.4407   4.493179     3.0396     1.7984  1.5171958  13.423001    13.4392    38.3645    28.9102     4.8590    210.905 0.0000e+00
     10.271   5024.479    13.4402   4.493149     3.0402     1.7820  1.5173484  13.421632    13.4387    38.3647    28.9104     4.8637    211.110 0.0000e+00
     10.216   5025.479    13.4404   4.493151     3.0411     1.8677  1.5175519  13.421632    13.4390    38.3645    28.9103     4.8650    211.165 0.0000e+00
     10.178   5026.479    13.4404   4.493163     3.0412     1.8803  1.5171958  13.426424    13.4389    38.3647    28.9105     4.8588    210.897 0.0000e+00
     10.209   5027.479    13.4404   4.493160     3.0388     1.9189  1.5173993  13.422317    13.4389    38.3646    28.9104     4.8526    210.629 0.0000e+00
     10.204   5028.479    13.4400   4.493123     3.0381     1.8982  1.5173993  13.420948    13.4385    38.3647    28.9105     4.8586    210.887 0.0000e+00
     10.218   5029.479    13.4396   4.493062     3.0393     1.7473  1.5171449  13.423001    13.4381    38.3645    28.9104     4.8592    210.915 0.0000e+00
     10.319   5030.479    13.4398   4.493093     3.0386     1.7252  1.5171449  13.419579    13.4383    38.3646    28.9105     4.8573    210.830 0.0000e+00
     10.341   5031.479    13.4399   4.493112     3.0390     1.7133  1.5175519  13.420948    13.4384    38.3646    28.9105     4.8606    210.977 0.0000e+00
     10.203   5032.479    13.4400   4.493118     3.0397     1.6811  1.5171449  13.420263    13.4385    38.3646    28.9104     4.8621    211.038 0.0000e+00
     10.004   5033.479    13.4398   4.493050     3.0405     1.6758  1.5171449  13.420948    13.4384    38.3643    28.9103     4.8657    211.194 0.0000e+00
     10.058   5034.479    13.4400   4.493106     3.0423     1.6937  1.5169414  13.419579    13.4386    38.3646    28.9104     4.8696    211.367 0.0000e+00
     10.422   5035.479    13.4402   4.493143     3.0434     1.6679  1.5170940  13.418894    13.4387    38.3646    28.9104     4.8715    211.450 0.0000e+00
     10.487   5036.479    13.4404   4.493161     3.0448     1.6648  1.5170431  13.418894    13.4389    38.3646    28.9104     4.8744    211.576 0.0000e+00
     10.163   5037.479    13.4406   4.493150     3.0454     1.6684  1.5171449  13.422317    13.4391    38.3643    28.9101     4.8717    211.455 0.0000e+00
      9.996   5038.479    13.4409   4.493180     3.0456     1.6868  1.5172466  13.419579    13.4395    38.3644    28.9101     4.8717    211.458 0.0000e+00
     10.132   5039.479    13.4407   4.493195     3.0444     1.6944  1.5170940  13.420263    13.4393    38.3647    28.9103     4.8638    211.115 0.0000e+00
     10.308   5040.479    13.4406   4.493185     3.0428     1.7390  1.5173993  13.420263    13.4391    38.3647    28.9104     4.8615    211.012 0.0000e+00
     10.313   5041.479    13.4407   4.493186     3.0412     1.7501  1.5168396  13.420263    13.4392    38.3646    28.9103     4.8626    211.062 0.0000e+00
     10.206   5042.479    13.4405   4.493174     3.0423     1.7006  1.5166870  13.420263    13.4390    38.3646    28.9104     4.8667    211.239 0.0000e+00
     10.215   5043.479    13.4402   4.493130     3.0420     1.6586  1.5170940  13.423001    13.4388    38.3645    28.9103     4.8642    211.133 0.0000e+00
     10.271   5044.479    13.4406   4.493175     3.0423     1.6513  1.5171958  13.420263    13.4391    38.3646    28.9103     4.8662    211.217 0.0000e+00
     10.182   5045.479    13.4407   4.493182     3.0425     1.6746  1.5172975  13.422317    13.4392    38.3646    28.9103     4.8656    211.193 0.0000e+00
     10.111   5046.479    13.4407   4.493172     3.0421     1.7427  1.5175010  13.426424    13.4392    38.3645    28.9103     4.8623    211.049 0.0000e+00
     10.233   5047.479    13.4404   4.493101     3.0410     1.6980  1.5175010  13.423686    13.4389    38.3640    28.9099     4.8567    210.804 0.0000e+00
     10.363   5048.479    13.4405   4.493172     3.0385     1.7046  1.5170431  13.420263    13.4390    38.3646    28.9103     4.8535    210.664 0.0000e+00
     10.313   5049.479    13.4406   4.493179     3.0385     1.7232  1.5173484  13.420263    13.4391    38.3646    28.9103     4.8601    210.956 0.0000e+00
     10.153   5050.479    13.4404   4.493142     3.0399     1.8790  1.5168905  13.420948    13.4389    38.3645    28.9103     4.8636    211.105 0.0000e+00
     10.078   5051.479    13.4408   4.493182     3.0407     1.8438  1.5171958  13.427108    13.4393    38.3645    28.9102     4.8649    211.161 0.0000e+00
     10.159   5052.479    13.4409   4.493144     3.0418     1.7570  1.5170940  13.422317    13.4394    38.3640    28.9098     4.8657    211.198 0.0000e+00
     10.224   5053.479    13.4406   4.493136     3.0417     1.7362  1.5170431  13.420948    13.4391    38.3642    28.9100     4.8635    211.101 0.0000e+00
     10.369   5054.479    13.4406   4.493177     3.0416     1.7637  1.5168396  13.420948    13.4391    38.3645    28.9103     4.8659    211.203 0.0000e+00
     10.482   5055.479    13.4406   4.493187     3.0429     1.7003  1.5170431  13.418210    13.4391    38.3645    28.9103     4.8680    211.298 0.0000e+00
     10.160   5056.479    13.4407   4.493163     3.0423     1.6674  1.5170940  13.420263    13.4392    38.3644    28.9101     4.8638    211.114 0.0000e+00
      9.858   5057.479    13.4408   4.493182     3.0425     1.6693  1.5171449  13.421632    13.4394    38.3646    28.9102     4.8719    211.464 0.0000e+00
