Boussole/Data/SBEMOOSE/Work/cnv/bous232_02.cnv
* Sea-Bird SBE 9 Data File:
* FileName = C:\boussole\202107\bous232_02.hdr
* Software Version Seasave V 7.23.2
* Temperature SN = 2473
* Conductivity SN = 2929
* Number of Bytes Per Scan = 24
* Number of Voltage Words = 4
* Number of Scans Averaged by the Deck Unit = 1
* NMEA baud rate = 4800
** Campagne = BOUSSOLE 232
** Navire = Tethys II
** Station = BOUS232_02
** Date = 12/07/2021
** Heure debut [TU] = 12:46
** Heure fin [TU] = 13:23
** Heure locale / TU = +2
** Latitude = 43 22.068 N
** Longitude = 007 53.810 E
** Heure meteo [TU] = 12:49
** T air sec [deg C] = 23.8
** T mer [deg C] = 23.20
** Vent [noeuds, degres] = 15.0, 60
** Pression atm [hpa] = 1011.1
** Humidite [%] = 86.0
** Nebulosite [octas] = 7
** Etat de la mer [code S] = 3
# nquan = 14
# nvalues = 2200                        
# units = specified
# name 0 = prDM: Pressure, Digiquartz [db]
# name 1 = timeS: Time, Elapsed [seconds]
# name 2 = t090C: Temperature [ITS-90, deg C]
# name 3 = c0S/m: Conductivity [S/m]
# name 4 = sbeox0V: Oxygen raw, SBE 43 [V]
# name 5 = flC: Fluorescence, Chelsea Aqua 3 Chl Con [ug/l]
# name 6 = upoly0: Upoly 0, RINKOIII_DO
# name 7 = upoly1: Upoly 1, RINKOIII_Temp
# name 8 = potemp090C: Potential Temperature [ITS-90, deg C]
# name 9 = sal00: Salinity, Practical [PSU]
# name 10 = sigma-é00: Density [sigma-theta, kg/m^3]
# name 11 = sbeox0ML/L: Oxygen, SBE 43 [ml/l], WS = 2
# name 12 = sbox0Mm/Kg: Oxygen, SBE 43 [umol/kg], WS = 2
# name 13 = flag: flag
# span 0 =     -0.051,    400.988       
# span 1 =      0.479,   2199.125       
# span 2 =    13.5799,    23.2879       
# span 3 =   2.398107,   5.557196       
# span 4 =     2.4447,     3.9392       
# span 5 =    -0.2448,     2.4116       
# span 6 =  1.3567359,  1.8201567       
# span 7 =  13.574213,  23.225614       
# span 8 =    13.5675,    23.2876       
# span 9 =    15.7946,    38.6768       
# span 10 =     9.4106,    29.0861      
# span 11 =     3.7364,     6.2302      
# span 12 =    162.154,    270.541      
# span 13 = 0.0000e+00, 0.0000e+00      
# interval = seconds: 1                 
# start_time = Jul 12 2021 12:46:40 [System UTC, header]
# bad_flag = -9.990e-29
*END*
      1.253      0.479    23.2094   5.548169     3.5764     0.2023  1.3857346  23.123178    23.2091    38.3065    26.3824     4.8693    211.872 0.0000e+00
      1.164      1.479    23.2309   5.550533     3.5782     0.2077  1.3846663  23.166083    23.2307    38.3062    26.3759     4.8685    211.840 0.0000e+00
      1.201      2.479    23.2631   5.554180     3.5771     0.2168  1.3846663  23.195153    23.2629    38.3066    26.3666     4.8708    211.943 0.0000e+00
      1.110      3.479    23.2703   5.555052     3.5818     0.1859  1.3851750  23.175773    23.2701    38.3071    26.3649     4.8780    212.254 0.0000e+00
      0.968      4.479    23.2516   5.552993     3.5845     0.2117  1.3848189  23.206228    23.2514    38.3075    26.3707     4.8834    212.490 0.0000e+00
      1.221      5.479    23.2446   5.552306     3.5858     0.2093  1.3854803  23.188231    23.2443    38.3081    26.3733     4.8823    212.441 0.0000e+00
      1.267      6.479    23.2146   5.549397     3.5854     0.1855  1.3857855  23.160546    23.2143    38.3116    26.3847     4.8845    212.533 0.0000e+00
      1.053      7.479    23.2131   5.548918     3.5868     0.1866  1.3859381  23.148781    23.2129    38.3093    26.3834     4.8861    212.605 0.0000e+00
      1.105      8.479    23.2170   5.549255     3.5862     0.2035  1.3852259  23.173695    23.2168    38.3084    26.3816     4.8840    212.515 0.0000e+00
      1.166      9.479    23.2391   5.551631     3.5853     0.2128  1.3859890  23.162622    23.2389    38.3077    26.3746     4.8822    212.437 0.0000e+00
      1.306     10.479    23.2879   5.557196     3.5875     0.2065  1.3847172  23.225614    23.2876    38.3084    26.3607     4.8824    212.449 0.0000e+00
      1.163     11.479    23.2379   5.551661     3.5866     0.2166  1.3850733  23.202075    23.2377    38.3090    26.3759     4.8819    212.420 0.0000e+00
      1.123     12.479    23.2320   5.550888     3.5865     0.1956  1.3843610  23.204151    23.2318    38.3081    26.3769     4.8853    212.571 0.0000e+00
      1.272     13.479    23.2509   5.553166     3.5871     0.1822  1.3849715  23.217305    23.2506    38.3093    26.3723     4.8796    212.324 0.0000e+00
      1.466     14.479    23.2214   5.549822     3.5820     0.1928  1.3849207  23.217997    23.2211    38.3090    26.3807     4.8728    212.025 0.0000e+00
      1.758     15.479    23.2181   5.549588     3.5831     0.2013  1.3850224  23.215921    23.2177    38.3098    26.3824     4.8850    212.559 0.0000e+00
      2.132     16.479    23.2097   5.548638     3.5876     0.1854  1.3857346  23.181308    23.2093    38.3096    26.3847     4.8963    213.049 0.0000e+00
      2.610     17.479    23.2026   5.547885     3.5912     0.1742  1.3854294  23.179924    23.2020    38.3098    26.3870     4.8969    213.071 0.0000e+00
      3.213     18.479    23.1919   5.546715     3.5895     0.1838  1.3859381  23.159853    23.1912    38.3098    26.3902     4.8881    212.690 0.0000e+00
      3.631     19.479    23.1864   5.546135     3.5859     0.1919  1.3858873  23.139092    23.1856    38.3099    26.3919     4.8878    212.675 0.0000e+00
      3.723     20.479    23.1826   5.545666     3.5897     0.1908  1.3860908  23.149473    23.1818    38.3096    26.3928     4.9019    213.288 0.0000e+00
      3.987     21.479    23.1635   5.543571     3.5925     0.2055  1.3860399  23.142552    23.1626    38.3098    26.3986     4.9084    213.570 0.0000e+00
      4.668     22.479    23.1554   5.542640     3.5977     0.1990  1.3865995  23.133557    23.1544    38.3093    26.4006     4.9181    213.992 0.0000e+00
      5.205     23.479    23.1197   5.538638     3.5999     0.1979  1.3859381  23.126637    23.1186    38.3091    26.4110     4.9157    213.888 0.0000e+00
      5.352     24.479    23.1094   5.537400     3.5943     0.1947  1.3859890  23.114183    23.1083    38.3084    26.4135     4.9003    213.214 0.0000e+00
      5.823     25.479    23.0784   5.533916     3.5917     0.1982  1.3861925  23.105189    23.0772    38.3080    26.4223     4.9114    213.695 0.0000e+00
      6.669     26.479    22.9967   5.524550     3.5958     0.1929  1.3864469  23.072678    22.9954    38.3058    26.4447     4.9322    214.599 0.0000e+00
      7.233     27.479    22.8670   5.509897     3.6021     0.1849  1.3873118  23.027727    22.8655    38.3044    26.4815     4.9568    215.661 0.0000e+00
      7.587     28.479    22.6662   5.487035     3.6094     0.1873  1.3885836  22.905384    22.6646    38.3007    26.5371     4.9964    217.371 0.0000e+00
      7.957     29.479    22.4993   5.467805     3.6263     0.1876  1.3884310  22.805920    22.4977    38.2957    26.5816     5.0425    219.368 0.0000e+00
      8.343     30.479    22.2869   5.443775     3.6290     0.1900  1.3895503  22.680980    22.2852    38.2924    26.6404     5.0275    218.700 0.0000e+00
      8.602     31.479    22.1241   5.426457     3.6210     0.1901  1.3909239  22.507890    22.1224    38.2987    26.6918     5.0709    220.578 0.0000e+00
      8.769     32.479    21.8094   5.389394     3.6499     0.1822  1.3909239  22.319116    21.8077    38.2815    26.7679     5.1491    223.966 0.0000e+00
      9.042     33.479    20.7831   5.274064     3.6605     0.1875  1.3879223  22.209673    20.7814    38.2667    27.0431     5.3359    232.028 0.0000e+00
      9.551     34.479    19.7869   5.161745     3.7430     0.1956  1.3979447  21.617061    19.7851    38.2425    27.2937     5.6562    245.896 0.0000e+00
     10.149     35.479    17.8243   4.948373     3.8156     0.2019  1.4039479  20.685808    17.8225    38.2461    27.8049     5.9530    258.670 0.0000e+00
     10.444     36.479    17.4546   4.910647     3.8546     0.1937  1.4160053  19.631559    17.4528    38.2658    27.9124     6.0078    261.023 0.0000e+00
     10.807     37.479    17.3269   4.894071     3.8781     0.2082  1.4153439  18.343059    17.3250    38.2412    27.9249     6.0404    262.436 0.0000e+00
     11.420     38.479    17.0222   4.862359     3.8949     0.2122  1.3998270  17.876570    17.0203    38.2508    28.0069     6.0917    264.642 0.0000e+00
     11.831     39.479    16.7597   4.837291     3.9050     0.2061  1.3932133  17.653242    16.7577    38.2789    28.0922     6.1253    266.080 0.0000e+00
     12.129     40.479    16.6556   4.827676     3.9105     0.2057  1.3955027  17.191721    16.6536    38.2929    28.1281     6.1414    266.771 0.0000e+00
     12.685     41.479    16.5798   4.820402     3.9143     0.2070  1.3880749  17.080417    16.5777    38.3005    28.1521     6.1426    266.818 0.0000e+00
     13.066     42.479    16.4357   4.806256     3.9078     0.2104  1.3867013  17.032907    16.4336    38.3123    28.1956     6.1262    266.095 0.0000e+00
     13.288     43.479    16.3876   4.801528     3.9003     0.2182  1.3902116  16.777697    16.3854    38.3161    28.2101     6.1323    266.355 0.0000e+00
     13.856     44.479    16.2068   4.782272     3.9006     0.2205  1.3881258  16.617501    16.2045    38.3172    28.2538     6.1669    267.848 0.0000e+00
     14.553     45.479    16.0053   4.762129     3.9013     0.2197  1.3886854  16.549613    16.0029    38.3301    28.3113     6.1786    268.341 0.0000e+00
     15.007     46.479    15.9163   4.753413     3.8918     0.2211  1.3918396  16.419934    15.9139    38.3372    28.3376     6.1555    267.331 0.0000e+00
     15.371     47.479    15.8233   4.743735     3.8842     0.2327  1.3943834  16.148308    15.8209    38.3397    28.3612     6.1661    267.782 0.0000e+00
     16.106     48.479    15.5589   4.715793     3.8809     0.2449  1.3942817  16.031483    15.5564    38.3423    28.4246     6.1983    269.166 0.0000e+00
     16.991     49.479    15.3946   4.699735     3.8789     0.2824  1.3977411  15.823587    15.3919    38.3556    28.4727     6.2186    270.036 0.0000e+00
     17.372     50.479    15.2790   4.687505     3.8763     0.2949  1.3999288  15.764468    15.2763    38.3564    28.4998     6.2217    270.161 0.0000e+00
     17.670     51.479    15.2230   4.681229     3.8723     0.2971  1.4022182  15.617660    15.2202    38.3536    28.5104     6.2226    270.195 0.0000e+00
     18.484     52.479    15.1778   4.676675     3.8685     0.3046  1.4031339  15.503451    15.1749    38.3556    28.5223     6.2111    269.697 0.0000e+00
     19.243     53.479    15.1002   4.669001     3.8583     0.3200  1.4031339  15.504132    15.0972    38.3607    28.5439     6.1891    268.734 0.0000e+00
     19.621     54.479    15.0613   4.665199     3.8467     0.3162  1.4041514  15.444973    15.0583    38.3638    28.5550     6.1628    267.588 0.0000e+00
     20.178     55.479    14.9411   4.652429     3.8295     0.3193  1.4071021  15.291953    14.9379    38.3638    28.5822     6.1275    266.051 0.0000e+00
     20.959     56.479    14.8460   4.643428     3.8080     0.3373  1.4082723  15.248419    14.8428    38.3738    28.6113     6.0920    264.502 0.0000e+00
     21.505     57.479    14.7246   4.630941     3.7863     0.3505  1.4110704  15.171538    14.7213    38.3776    28.6414     6.0598    263.095 0.0000e+00
     21.929     58.479    14.6105   4.619267     3.7621     0.3512  1.4156492  15.000035    14.6071    38.3816    28.6700     6.0259    261.615 0.0000e+00
     22.582     59.479    14.5202   4.609563     3.7405     0.3554  1.4218559  14.852982    14.5168    38.3802    28.6890     6.0060    260.749 0.0000e+00
     23.291     60.479    14.4141   4.598737     3.7230     0.4047  1.4261803  14.810080    14.4106    38.3839    28.7153     5.9980    260.395 0.0000e+00
     23.817     61.479    14.3544   4.593304     3.7098     0.4287  1.4305047  14.754907    14.3508    38.3921    28.7348     5.9834    259.756 0.0000e+00
     24.190     62.479    14.3361   4.591730     3.6942     0.4392  1.4382376  14.557999    14.3325    38.3954    28.7415     5.9491    258.264 0.0000e+00
     24.901     63.479    14.3076   4.588694     3.6791     0.4625  1.4438339  14.528692    14.3039    38.3950    28.7474     5.9258    257.251 0.0000e+00
     25.757     64.479    14.2585   4.583783     3.6634     0.5080  1.4483618  14.466660    14.2547    38.3973    28.7600     5.9002    256.135 0.0000e+00
     26.296     65.479    14.2253   4.580383     3.6497     0.5462  1.4523301  14.446888    14.2214    38.3982    28.7679     5.8929    255.819 0.0000e+00
     26.667     66.479    14.2093   4.578831     3.6421     0.5512  1.4563492  14.381429    14.2053    38.3995    28.7725     5.8910    255.736 0.0000e+00
     27.239     67.479    14.2051   4.578397     3.6355     0.5480  1.4598087  14.384157    14.2010    38.3993    28.7733     5.8768    255.117 0.0000e+00
     28.003     68.479    14.1635   4.574120     3.6267     0.5974  1.4626578  14.373928    14.1593    38.4002    28.7831     5.8555    254.192 0.0000e+00
     28.619     69.479    14.1177   4.569183     3.6134     0.6482  1.4640822  14.376656    14.1134    38.3991    28.7922     5.8105    252.234 0.0000e+00
     29.138     70.479    14.0800   4.565749     3.5903     0.6656  1.4673383  14.291400    14.0757    38.4041    28.8043     5.7417    249.246 0.0000e+00
     29.746     71.479    14.0289   4.560073     3.5599     0.6857  1.4685593  14.274346    14.0245    38.4013    28.8133     5.6819    246.648 0.0000e+00
     30.360     72.479    13.9566   4.553174     3.5344     0.7684  1.4705434  14.245011    13.9521    38.4081    28.8342     5.6586    245.630 0.0000e+00
     30.906     73.479    13.9464   4.552402     3.5128     0.8583  1.4726801  14.204755    13.9418    38.4108    28.8386     5.6192    243.920 0.0000e+00
     31.447     74.479    13.9380   4.551737     3.4897     0.9283  1.4763940  14.124910    13.9334    38.4126    28.8418     5.5626    241.462 0.0000e+00
     32.144     75.479    13.9177   4.549631     3.4606     1.1334  1.4830078  14.126957    13.9130    38.4127    28.8463     5.4979    238.652 0.0000e+00
     32.833     76.479    13.8791   4.545681     3.4334     1.4212  1.4896724  14.112623    13.8743    38.4137    28.8554     5.4631    237.140 0.0000e+00
     33.313     77.479    13.8491   4.542829     3.4118     1.5870  1.4967949  14.087366    13.8442    38.4165    28.8640     5.4349    235.911 0.0000e+00
     33.774     78.479    13.8392   4.541883     3.3913     1.6640  1.5057997  13.980857    13.8342    38.4173    28.8668     5.3966    234.250 0.0000e+00
     34.416     79.479    13.8302   4.540887     3.3707     1.7960  1.5152625  13.974028    13.8252    38.4165    28.8682     5.3530    232.356 0.0000e+00
     35.148     80.479    13.8087   4.538838     3.3480     1.9094  1.5216727  13.986320    13.8036    38.4183    28.8742     5.3090    230.447 0.0000e+00
     35.741     81.479    13.7959   4.537647     3.3279     1.9491  1.5259971  13.986320    13.7907    38.4196    28.8779     5.2872    229.500 0.0000e+00
     36.225     82.479    13.7808   4.536211     3.3126     1.9483  1.5301180  13.928269    13.7755    38.4209    28.8823     5.2522    227.977 0.0000e+00
     36.843     83.479    13.7752   4.535603     3.2897     1.9420  1.5361721  13.908461    13.7698    38.4205    28.8831     5.1855    225.085 0.0000e+00
     37.403     84.479    13.7596   4.534286     3.2624     2.0367  1.5416158  13.929635    13.7541    38.4234    28.8888     5.1304    222.692 0.0000e+00
     38.039     85.479    13.7557   4.533992     3.2365     2.1087  1.5454314  13.905728    13.7502    38.4242    28.8902     5.0736    220.222 0.0000e+00
     38.705     86.479    13.7407   4.532647     3.2054     2.1195  1.5489418  13.908461    13.7350    38.4262    28.8951     4.9934    216.741 0.0000e+00
     39.264     87.479    13.7345   4.532277     3.1683     2.1016  1.5535715  13.890016    13.7288    38.4287    28.8983     4.9022    212.783 0.0000e+00
     39.841     88.479    13.7260   4.531653     3.1259     2.0847  1.5592186  13.850392    13.7202    38.4310    28.9019     4.8098    208.771 0.0000e+00
     40.484     89.479    13.7149   4.530668     3.0847     2.0839  1.5660359  13.850392    13.7090    38.4325    28.9055     4.7435    205.892 0.0000e+00
     41.186     90.479    13.7030   4.529524     3.0508     2.0825  1.5737180  13.852442    13.6970    38.4333    28.9086     4.7087    204.383 0.0000e+00
     41.697     91.479    13.6934   4.528565     3.0282     2.0343  1.5836386  13.839459    13.6873    38.4335    28.9109     4.6928    203.690 0.0000e+00
     42.271     92.479    13.6894   4.528152     3.0106     1.9889  1.5964591  13.795727    13.6832    38.4335    28.9118     4.6699    202.696 0.0000e+00
     42.979     93.479    13.6834   4.527662     2.9968     1.7860  1.6099918  13.788210    13.6771    38.4345    28.9138     4.6582    202.187 0.0000e+00
     43.505     94.479    13.6778   4.527266     2.9868     1.5325  1.6214896  13.786843    13.6714    38.4361    28.9163     4.6478    201.738 0.0000e+00
     44.121     95.479    13.6790   4.527431     2.9796     1.4553  1.6307488  13.775909    13.6725    38.4362    28.9161     4.6405    201.422 0.0000e+00
     44.863     96.479    13.6747   4.527063     2.9728     1.3566  1.6379222  13.755404    13.6681    38.4367    28.9175     4.6244    200.721 0.0000e+00
     45.401     97.479    13.6719   4.526886     2.9643     1.3017  1.6433150  13.759505    13.6653    38.4376    28.9188     4.6062    199.931 0.0000e+00
     45.773     98.479    13.6695   4.526767     2.9565     1.2555  1.6467745  13.749936    13.6628    38.4386    28.9201     4.5912    199.280 0.0000e+00
     46.447     99.479    13.6684   4.526714     2.9480     1.3095  1.6510989  13.740367    13.6616    38.4390    28.9206     4.5742    198.540 0.0000e+00
     47.389    100.479    13.6617   4.526202     2.9406     1.6883  1.6553216  13.723962    13.6547    38.4404    28.9232     4.5685    198.292 0.0000e+00
     47.934    101.479    13.6591   4.526001     2.9359     2.0195  1.6576109  13.738317    13.6521    38.4408    28.9241     4.5638    198.092 0.0000e+00
     48.251    102.479    13.6584   4.526005     2.9312     2.1167  1.6596968  13.732848    13.6514    38.4414    28.9247     4.5542    197.674 0.0000e+00
