Boussole/Data/SBEMOOSE/Work/cnv/bous235_02.cnv
* Sea-Bird SBE 9 Data File:
* FileName = C:\boussole\202110\bous235_02.hdr
* Software Version Seasave V 7.23.2
* Temperature SN = 1378
* Conductivity SN = 2929
* Number of Bytes Per Scan = 34
* Number of Voltage Words = 3
* Number of Scans Averaged by the Deck Unit = 1
* NMEA Latitude = 43 21.93 N
* NMEA Longitude = 007 53.76 E
* NMEA UTC (Time) = Oct 12 2021  12:10:20
* NMEA baud rate = 4800
** Campagne = BOUSSOLE 235
** Navire = Tethys II
** Station = BOUS235_02
** Date = 12/10/2021
** Heure debut [TU] = 12:10
** Heure fin [TU] = 13:35
** Heure locale / TU = +2
** Latitude = 43 21.932 N
** Longitude = 007 53.766 E
** Heure meteo [TU] = 12:10
** T air sec [deg C] = 19.8
** T mer [deg C] = 19.68
** Vent [noeuds, degres] = 3.1, 230
** Pression atm [hpa] = 1013.2
** Humidite [%] = 70.6
** Nebulosite [octas] = 1
** Etat de la mer [code S] = 2
# nquan = 14
# nvalues = 5136                        
# units = specified
# name 0 = prDM: Pressure, Digiquartz [db]
# name 1 = timeS: Time, Elapsed [seconds]
# name 2 = t090C: Temperature [ITS-90, deg C]
# name 3 = c0S/m: Conductivity [S/m]
# name 4 = sbeox0V: Oxygen raw, SBE 43 [V]
# name 5 = flC: Fluorescence, Chelsea Aqua 3 Chl Con [ug/l]
# name 6 = upoly0: Upoly 0, RINKOIII_DO
# name 7 = upoly1: Upoly 1, RINKOIII_Temp
# name 8 = potemp090C: Potential Temperature [ITS-90, deg C]
# name 9 = sal00: Salinity, Practical [PSU]
# name 10 = sigma-é00: Density [sigma-theta, kg/m^3]
# name 11 = sbeox0ML/L: Oxygen, SBE 43 [ml/l], WS = 2
# name 12 = sbox0Mm/Kg: Oxygen, SBE 43 [umol/kg], WS = 2
# name 13 = flag: flag
# span 0 =      0.875,    404.375       
# span 1 =      0.479,   5135.354       
# span 2 =    13.6812,    19.7498       
# span 3 =   4.534670,   5.169063       
# span 4 =     2.4060,     3.5948       
# span 5 =     0.1645,     0.7494       
# span 6 =  1.4217033,  1.8200041       
# span 7 =  13.664484,  19.688600       
# span 8 =    13.6214,    19.7495       
# span 9 =    38.3334,    38.6470       
# span 10 =    27.3802,    29.0830      
# span 11 =     3.6642,     5.7103      
# span 12 =    159.018,    247.963      
# span 13 = 0.0000e+00, 0.0000e+00      
# interval = seconds: 1                 
# start_time = Oct 12 2021 12:10:20 [NMEA time, header]
# bad_flag = -9.990e-29
*END*
[from data line 1342]
    133.127   1342.479    13.8636   4.568228     2.6400     0.2107  1.7492877  13.849709    13.8439    38.5979    29.0047     4.0133    174.181 0.0000e+00
    132.594   1343.479    13.8622   4.567977     2.6415     0.2068  1.7482702  13.846292    13.8426    38.5971    29.0043     4.0140    174.212 0.0000e+00
    131.947   1344.479    13.8608   4.567632     2.6424     0.2225  1.7476597  13.846976    13.8412    38.5956    29.0034     4.0153    174.269 0.0000e+00
    131.272   1345.479    13.8594   4.567364     2.6440     0.2220  1.7475579  13.844926    13.8400    38.5948    29.0031     4.0224    174.576 0.0000e+00
    130.864   1346.479    13.8583   4.567184     2.6470     0.2204  1.7464896  13.844926    13.8390    38.5943    29.0029     4.0297    174.896 0.0000e+00
    130.310   1347.479    13.8572   4.566931     2.6489     0.2193  1.7460826  13.844243    13.8379    38.5933    29.0024     4.0279    174.818 0.0000e+00
    129.485   1348.479    13.8529   4.566086     2.6495     0.2177  1.7456247  13.845609    13.8338    38.5900    29.0007     4.0278    174.812 0.0000e+00
    128.891   1349.479    13.8554   4.566264     2.6506     0.2131  1.7456247  13.845609    13.8364    38.5894    28.9996     4.0347    175.114 0.0000e+00
    128.433   1350.479    13.8565   4.566511     2.6540     0.2156  1.7450142  13.842876    13.8375    38.5908    29.0005     4.0469    175.639 0.0000e+00
    127.814   1351.479    13.8526   4.565349     2.6581     0.2241  1.7438950  13.842876    13.8337    38.5841    28.9961     4.0513    175.831 0.0000e+00
    127.193   1352.479    13.8520   4.565067     2.6596     0.2162  1.7431318  13.839460    13.8332    38.5823    28.9949     4.0536    175.933 0.0000e+00
    126.721   1353.479    13.8516   4.564991     2.6634     0.2136  1.7426231  13.841510    13.8329    38.5822    28.9948     4.0609    176.249 0.0000e+00
    126.055   1354.479    13.8486   4.564390     2.6644     0.2095  1.7414021  13.835360    13.8300    38.5797    28.9935     4.0559    176.034 0.0000e+00
    125.242   1355.479    13.8481   4.564267     2.6645     0.2148  1.7408933  13.844243    13.8295    38.5795    28.9935     4.0570    176.082 0.0000e+00
    124.610   1356.479    13.8508   4.564623     2.6663     0.2124  1.7411477  13.838093    13.8324    38.5804    28.9935     4.0629    176.335 0.0000e+00
    123.904   1357.479    13.8542   4.564893     2.6670     0.2098  1.7404355  13.835360    13.8359    38.5798    28.9924     4.0565    176.060 0.0000e+00
    123.031   1358.479    13.8573   4.565300     2.6663     0.2161  1.7400285  13.838093    13.8392    38.5810    28.9925     4.0567    176.066 0.0000e+00
    122.202   1359.479    13.8580   4.565301     2.6672     0.2136  1.7400284  13.842193    13.8399    38.5807    28.9921     4.0613    176.268 0.0000e+00
    121.482   1360.479    13.8572   4.565140     2.6685     0.2075  1.7393671  13.840826    13.8393    38.5802    28.9919     4.0627    176.327 0.0000e+00
    120.758   1361.479    13.8563   4.564880     2.6692     0.2068  1.7389092  13.841510    13.8384    38.5791    28.9912     4.0606    176.239 0.0000e+00
    120.094   1362.479    13.8560   4.564798     2.6680     0.2027  1.7385531  13.836726    13.8382    38.5789    28.9911     4.0540    175.949 0.0000e+00
    119.417   1363.479    13.8549   4.564588     2.6674     0.2080  1.7375356  13.840143    13.8372    38.5783    28.9909     4.0568    176.072 0.0000e+00
    118.592   1364.479    13.8537   4.564359     2.6680     0.2212  1.7376373  13.840826    13.8362    38.5777    28.9907     4.0591    176.172 0.0000e+00
    117.664   1365.479    13.8482   4.563565     2.6681     0.2250  1.7377899  13.838093    13.8309    38.5761    28.9905     4.0606    176.235 0.0000e+00
    116.925   1366.479    13.8337   4.561247     2.6700     0.2161  1.7384004  13.822377    13.8165    38.5690    28.9882     4.0704    176.664 0.0000e+00
    116.338   1367.479    13.8192   4.559040     2.6727     0.2093  1.7378917  13.807344    13.8020    38.5630    28.9866     4.0786    177.018 0.0000e+00
    115.591   1368.479    13.8082   4.557295     2.6755     0.2176  1.7366198  13.801877    13.7911    38.5578    28.9850     4.0809    177.119 0.0000e+00
    114.780   1369.479    13.8052   4.556822     2.6759     0.2169  1.7357041  13.812128    13.7882    38.5567    28.9847     4.0749    176.861 0.0000e+00
    114.071   1370.479    13.8048   4.556689     2.6754     0.2186  1.7352462  13.805978    13.7880    38.5561    28.9843     4.0767    176.936 0.0000e+00
    113.309   1371.479    13.8020   4.556209     2.6767     0.2209  1.7351953  13.804611    13.7853    38.5548    28.9838     4.0820    177.167 0.0000e+00
    112.567   1372.479    13.8006   4.555970     2.6785     0.2237  1.7349918  13.803928    13.7840    38.5542    28.9837     4.0871    177.387 0.0000e+00
    111.928   1373.479    13.8004   4.555880     2.6801     0.2296  1.7345848  13.792994    13.7839    38.5539    28.9834     4.0881    177.431 0.0000e+00
    111.159   1374.479    13.8000   4.555637     2.6814     0.2302  1.7338726  13.797094    13.7836    38.5523    28.9823     4.0869    177.380 0.0000e+00
    110.219   1375.479    13.8016   4.555816     2.6805     0.2308  1.7338726  13.810078    13.7854    38.5528    28.9823     4.0802    177.091 0.0000e+00
    109.423   1376.479    13.8055   4.556423     2.6798     0.2205  1.7341270  13.798460    13.7894    38.5550    28.9832     4.0826    177.195 0.0000e+00
    108.882   1377.479    13.8057   4.556452     2.6811     0.2256  1.7341270  13.789577    13.7897    38.5553    28.9834     4.0878    177.418 0.0000e+00
    108.256   1378.479    13.8021   4.555776     2.6824     0.2262  1.7335165  13.786160    13.7862    38.5528    28.9821     4.0900    177.516 0.0000e+00
    107.437   1379.479    13.8018   4.555635     2.6833     0.2225  1.7329568  13.788893    13.7860    38.5521    28.9817     4.0900    177.513 0.0000e+00
    106.635   1380.479    13.8029   4.555796     2.6838     0.2324  1.7326516  13.795044    13.7872    38.5529    28.9820     4.0882    177.435 0.0000e+00
    105.874   1381.479    13.8028   4.555714     2.6832     0.2247  1.7327533  13.795727    13.7872    38.5526    28.9817     4.0832    177.222 0.0000e+00
    105.104   1382.479    13.8027   4.555631     2.6820     0.2228  1.7328042  13.793677    13.7873    38.5522    28.9814     4.0801    177.083 0.0000e+00
    104.441   1383.479    13.8021   4.555528     2.6810     0.2213  1.7329060  13.786160    13.7867    38.5522    28.9815     4.0815    177.146 0.0000e+00
    103.724   1384.479    13.8029   4.555492     2.6821     0.2203  1.7328551  13.788210    13.7876    38.5514    28.9807     4.0865    177.363 0.0000e+00
    102.868   1385.479    13.8025   4.555314     2.6829     0.2132  1.7328042  13.786160    13.7873    38.5505    28.9801     4.0892    177.480 0.0000e+00
    102.111   1386.479    13.7997   4.554726     2.6852     0.2306  1.7322954  13.786843    13.7847    38.5481    28.9788     4.0993    177.918 0.0000e+00
    101.493   1387.479    13.7968   4.554137     2.6888     0.2325  1.7323463  13.782060    13.7818    38.5457    28.9775     4.1073    178.266 0.0000e+00
    100.818   1388.479    13.7949   4.553711     2.6915     0.2419  1.7311762  13.780693    13.7800    38.5438    28.9765     4.1116    178.452 0.0000e+00
    100.047   1389.479    13.7939   4.553478     2.6953     0.2327  1.7309218  13.779326    13.7791    38.5430    28.9760     4.1235    178.969 0.0000e+00
     99.185   1390.479    13.7905   4.552797     2.6998     0.2109  1.7304639  13.780693    13.7759    38.5403    28.9747     4.1264    179.097 0.0000e+00
     98.342   1391.479    13.7873   4.552125     2.7005     0.2067  1.7301078  13.776592    13.7729    38.5375    28.9731     4.1241    178.994 0.0000e+00
     97.631   1392.479    13.7890   4.552194     2.7029     0.2184  1.7288360  13.777276    13.7746    38.5368    28.9722     4.1303    179.265 0.0000e+00
     97.042   1393.479    13.7936   4.552730     2.7045     0.2219  1.7280220  13.780009    13.7793    38.5375    28.9718     4.1330    179.383 0.0000e+00
     96.381   1394.479    13.7959   4.552869     2.7072     0.2234  1.7269027  13.780009    13.7817    38.5368    28.9707     4.1374    179.576 0.0000e+00
     95.527   1395.479    13.7960   4.552752     2.7080     0.2200  1.7264448  13.779326    13.7819    38.5360    28.9700     4.1347    179.458 0.0000e+00
     94.603   1396.479    13.7933   4.552320     2.7092     0.2208  1.7269027  13.780009    13.7793    38.5351    28.9699     4.1402    179.694 0.0000e+00
     93.854   1397.479    13.7917   4.551978     2.7111     0.2367  1.7272080  13.779326    13.7779    38.5337    28.9691     4.1405    179.711 0.0000e+00
     93.485   1398.479    13.7916   4.551961     2.7106     0.2316  1.7258852  13.779326    13.7778    38.5339    28.9693     4.1340    179.426 0.0000e+00
     93.101   1399.479    13.7922   4.552128     2.7102     0.2248  1.7248677  13.777959    13.7785    38.5350    28.9700     4.1394    179.659 0.0000e+00
     92.572   1400.479    13.7919   4.551944     2.7125     0.2293  1.7240537  13.777959    13.7783    38.5338    28.9691     4.1468    179.984 0.0000e+00
     92.066   1401.479    13.7917   4.551767     2.7140     0.2286  1.7236467  13.777959    13.7782    38.5325    28.9681     4.1469    179.987 0.0000e+00
     91.421   1402.479    13.7920   4.551786     2.7152     0.2282  1.7233414  13.777959    13.7786    38.5327    28.9682     4.1504    180.141 0.0000e+00
     90.700   1403.479    13.7888   4.551265     2.7169     0.2337  1.7236467  13.774542    13.7754    38.5313    28.9678     4.1514    180.183 0.0000e+00
     90.139   1404.479    13.7828   4.550378     2.7176     0.2416  1.7233923  13.768391    13.7695    38.5292    28.9674     4.1558    180.372 0.0000e+00
     89.693   1405.479    13.7830   4.550378     2.7206     0.2330  1.7228836  13.767707    13.7698    38.5291    28.9673     4.1682    180.913 0.0000e+00
     89.086   1406.479    13.7824   4.550187     2.7250     0.2284  1.7220696  13.767024    13.7693    38.5283    28.9668     4.1794    181.399 0.0000e+00
     88.428   1407.479    13.7753   4.549046     2.7293     0.2418  1.7214591  13.763606    13.7623    38.5249    28.9656     4.1850    181.640 0.0000e+00
     87.836   1408.479    13.7698   4.548127     2.7324     0.2506  1.7212556  13.763606    13.7569    38.5219    28.9645     4.1929    181.984 0.0000e+00
     87.163   1409.479    13.7622   4.546852     2.7373     0.2635  1.7204925  13.762923    13.7494    38.5177    28.9629     4.2092    182.690 0.0000e+00
     86.386   1410.479    13.7492   4.544760     2.7434     0.2488  1.7195258  13.758822    13.7365    38.5113    28.9607     4.2172    183.038 0.0000e+00
     85.786   1411.479    13.7437   4.543930     2.7456     0.2388  1.7189153  13.747886    13.7311    38.5092    28.9602     4.2135    182.878 0.0000e+00
     85.442   1412.479    13.7428   4.543800     2.7471     0.2346  1.7175417  13.737633    13.7302    38.5091    28.9603     4.2156    182.972 0.0000e+00
     84.812   1413.479    13.7481   4.544530     2.7487     0.2384  1.7148962  13.732165    13.7357    38.5109    28.9605     4.2208    183.197 0.0000e+00
     83.975   1414.479    13.7401   4.543194     2.7512     0.2482  1.7140313  13.740367    13.7278    38.5067    28.9589     4.2234    183.309 0.0000e+00
     83.399   1415.479    13.7428   4.543628     2.7520     0.2616  1.7140822  13.738317    13.7305    38.5083    28.9596     4.2216    183.232 0.0000e+00
     82.933   1416.479    13.7435   4.543736     2.7525     0.2735  1.7136243  13.730798    13.7313    38.5088    28.9598     4.2230    183.292 0.0000e+00
     82.313   1417.479    13.7347   4.542237     2.7534     0.2638  1.7124542  13.728747    13.7226    38.5037    28.9578     4.2205    183.183 0.0000e+00
     81.917   1418.479    13.7357   4.542437     2.7511     0.2554  1.7118946  13.727380    13.7237    38.5048    28.9584     4.2123    182.827 0.0000e+00
     81.828   1419.479    13.7404   4.543172     2.7507     0.2498  1.7112332  13.725329    13.7284    38.5071    28.9592     4.2189    183.111 0.0000e+00
     81.387   1420.479    13.7346   4.542136     2.7529     0.2547  1.7111315  13.723962    13.7227    38.5032    28.9574     4.2293    183.566 0.0000e+00
     80.779   1421.479    13.7259   4.540661     2.7547     0.2528  1.7107245  13.728063    13.7140    38.4983    28.9554     4.2310    183.638 0.0000e+00
     80.254   1422.479    13.7233   4.540241     2.7568     0.2578  1.7110806  13.730114    13.7115    38.4972    28.9551     4.2383    183.957 0.0000e+00
     80.035   1423.479    13.7204   4.539788     2.7598     0.2677  1.7114367  13.720544    13.7087    38.4958    28.9546     4.2417    184.104 0.0000e+00
     80.204   1424.479    13.7239   4.540345     2.7596     0.2766  1.7104192  13.716442    13.7121    38.4976    28.9552     4.2303    183.610 0.0000e+00
     80.090   1425.479    13.7264   4.540742     2.7580     0.2700  1.7097578  13.715759    13.7147    38.4988    28.9557     4.2272    183.473 0.0000e+00
     80.022   1426.479    13.7301   4.541343     2.7563     0.2704  1.7100122  13.713708    13.7184    38.5009    28.9565     4.2250    183.378 0.0000e+00
     80.060   1427.479    13.7292   4.541081     2.7570     0.2638  1.7090965  13.717810    13.7175    38.4992    28.9554     4.2355    183.834 0.0000e+00
     80.058   1428.479    13.7265   4.540732     2.7595     0.2505  1.7090456  13.715759    13.7148    38.4987    28.9556     4.2393    183.998 0.0000e+00
     80.060   1429.479    13.7172   4.539229     2.7593     0.2476  1.7083333  13.719177    13.7055    38.4938    28.9537     4.2305    183.619 0.0000e+00
     80.159   1430.479    13.7195   4.539536     2.7575     0.2456  1.7085368  13.713024    13.7078    38.4943    28.9536     4.2297    183.584 0.0000e+00
     80.168   1431.479    13.7186   4.539455     2.7586     0.2481  1.7081298  13.707555    13.7069    38.4944    28.9539     4.2407    184.060 0.0000e+00
     79.997   1432.479    13.7159   4.538996     2.7610     0.2627  1.7081298  13.698668    13.7042    38.4929    28.9533     4.2418    184.107 0.0000e+00
     79.985   1433.479    13.7151   4.538870     2.7605     0.2722  1.7078754  13.700719    13.7034    38.4924    28.9531     4.2369    183.898 0.0000e+00
     80.110   1434.479    13.7165   4.539107     2.7609     0.2662  1.7074684  13.702770    13.7048    38.4933    28.9535     4.2399    184.024 0.0000e+00
     80.105   1435.479    13.7158   4.539010     2.7612     0.2729  1.7069597  13.700719    13.7041    38.4930    28.9534     4.2397    184.016 0.0000e+00
     80.090   1436.479    13.7156   4.538961     2.7610     0.2872  1.7065527  13.705504    13.7039    38.4928    28.9533     4.2377    183.930 0.0000e+00
     80.168   1437.479    13.7163   4.539068     2.7607     0.2877  1.7068071  13.708923    13.7046    38.4931    28.9534     4.2366    183.884 0.0000e+00
     80.115   1438.479    13.7157   4.539000     2.7598     0.2741  1.7066036  13.700719    13.7040    38.4931    28.9535     4.2319    183.679 0.0000e+00
     80.054   1439.479    13.7148   4.538845     2.7586     0.2774  1.7067562  13.697985    13.7031    38.4925    28.9532     4.2337    183.758 0.0000e+00
     80.014   1440.479    13.7142   4.538733     2.7592     0.2887  1.7063492  13.697985    13.7025    38.4921    28.9530     4.2379    183.941 0.0000e+00
     80.056   1441.479    13.7152   4.538905     2.7604     0.2941  1.7063492  13.706188    13.7035    38.4927    28.9533     4.2419    184.115 0.0000e+00
     80.216   1442.479    13.7162   4.539066     2.7617     0.2904  1.7064001  13.704821    13.7044    38.4932    28.9535     4.2422    184.126 0.0000e+00
     80.186   1443.479    13.7160   4.539058     2.7614     0.2751  1.7061966  13.699352    13.7043    38.4932    28.9536     4.2385    183.964 0.0000e+00
     80.037   1444.479    13.7143   4.538760     2.7615     0.2841  1.7060439  13.697985    13.7026    38.4922    28.9532     4.2408    184.065 0.0000e+00
