Boussole/Data/SBEMOOSE/Work/cnv/bous234_02.cnv
* Sea-Bird SBE 9 Data File:
* FileName = C:\boussole\202109\bous234_02.hdr
* Software Version Seasave V 7.23.2
* Temperature SN = 1378
* Conductivity SN = 2929
* Number of Bytes Per Scan = 34
* Number of Voltage Words = 3
* Number of Scans Averaged by the Deck Unit = 1
* NMEA Latitude = 43 22.09 N
* NMEA Longitude = 007 54.17 E
* NMEA UTC (Time) = Sep 13 2021  13:51:18
* NMEA baud rate = 4800
** Campagne = BOUSSOLE 234
** Navire = Tethys II
** Station = BOUS234_02
** Date = 13/09/2021
** Heure debut [TU] = 13:51
** Heure fin [TU] = 14:10
** Heure locale / TU = +2
** Latitude = 43 22.081 N
** Longitude = 007 54.154 E
** Heure meteo [TU] = 13:50
** T air sec [deg C] = 24.0
** T mer [deg C] = 23.88
** Vent [noeuds, degres] = 13, 246
** Pression atm [hpa] = 1016.1
** Humidite [%] = 83.8
** Nebulosite [octas] = 2
** Etat de la mer [code S] = 3
# nquan = 14
# nvalues = 1125                        
# units = specified
# name 0 = prDM: Pressure, Digiquartz [db]
# name 1 = timeS: Time, Elapsed [seconds]
# name 2 = t090C: Temperature [ITS-90, deg C]
# name 3 = c0S/m: Conductivity [S/m]
# name 4 = sbeox0V: Oxygen raw, SBE 43 [V]
# name 5 = flC: Fluorescence, Chelsea Aqua 3 Chl Con [ug/l]
# name 6 = upoly0: Upoly 0, RINKOIII_DO
# name 7 = upoly1: Upoly 1, RINKOIII_Temp
# name 8 = potemp090C: Potential Temperature [ITS-90, deg C]
# name 9 = sal00: Salinity, Practical [PSU]
# name 10 = sigma-é00: Density [sigma-theta, kg/m^3]
# name 11 = sbeox0ML/L: Oxygen, SBE 43 [ml/l], WS = 2
# name 12 = sbox0Mm/Kg: Oxygen, SBE 43 [umol/kg], WS = 2
# name 13 = flag: flag
# span 0 =      0.011,    300.832       
# span 1 =      0.479,   1124.479       
# span 2 =    13.6703,    23.9429       
# span 3 =   0.146908,   5.645570       
# span 4 =     2.4530,     4.1747       
# span 5 =    -0.2893,  1008.3704       
# span 6 =  1.3036223,  1.8098799       
# span 7 =  13.654227,  23.925170       
# span 8 =    13.6623,    23.9428       
# span 9 =     0.7614,    38.6630       
# span 10 =    -2.0090,    29.0791      
# span 11 =     3.7103,     6.6454      
# span 12 =    161.021,    288.647      
# span 13 = 0.0000e+00, 0.0000e+00      
# interval = seconds: 1                 
# start_time = Sep 13 2021 13:51:18 [NMEA time, header]
# bad_flag = -9.990e-29
*END*
[from data line 723]
    141.532    723.479    13.8247   4.567484     2.5597     0.1730  1.7812373  13.808028    13.8038    38.6262    29.0352     3.8601    167.530 0.0000e+00
    140.567    724.479    13.8236   4.567204     2.5624     0.1738  1.7811864  13.806661    13.8029    38.6251    29.0346     3.8667    167.815 0.0000e+00
    139.649    725.479    13.8208   4.566672     2.5654     0.1803  1.7798637  13.805294    13.8002    38.6233    29.0337     3.8706    167.982 0.0000e+00
    138.596    726.479    13.8198   4.566480     2.5670     0.1722  1.7794567  13.809394    13.7993    38.6230    29.0337     3.8696    167.940 0.0000e+00
    137.513    727.479    13.8131   4.565417     2.5682     0.1650  1.7792532  13.807344    13.7928    38.6202    29.0329     3.8717    168.031 0.0000e+00
    136.495    728.479    13.8087   4.564751     2.5692     0.1603  1.7792023  13.797094    13.7886    38.6187    29.0327     3.8754    168.194 0.0000e+00
    135.489    729.479    13.8086   4.564672     2.5717     0.1685  1.7779813  13.796410    13.7886    38.6185    29.0325     3.8842    168.574 0.0000e+00
    134.486    730.479    13.8004   4.563364     2.5750     0.1814  1.7775234  13.797094    13.7805    38.6148    29.0314     3.8921    168.919 0.0000e+00
    133.447    731.479    13.7939   4.562395     2.5779     0.1846  1.7771164  13.795044    13.7742    38.6126    29.0310     3.8983    169.184 0.0000e+00
    132.331    732.479    13.7909   4.561914     2.5817     0.1820  1.7763533  13.792310    13.7714    38.6116    29.0309     3.9081    169.612 0.0000e+00
    131.377    733.479    13.7896   4.561639     2.5855     0.1862  1.7755393  13.779326    13.7703    38.6107    29.0304     3.9111    169.743 0.0000e+00
    130.466    734.479    13.7898   4.561525     2.5870     0.1780  1.7745218  13.777959    13.7706    38.6098    29.0297     3.9062    169.530 0.0000e+00
    129.257    735.479    13.7908   4.561530     2.5863     0.1738  1.7730464  13.781376    13.7717    38.6094    29.0291     3.8984    169.193 0.0000e+00
    128.256    736.479    13.7915   4.561433     2.5852     0.1765  1.7726394  13.779326    13.7726    38.6082    29.0280     3.8964    169.106 0.0000e+00
    127.344    737.479    13.7917   4.561355     2.5841     0.1865  1.7719780  13.780009    13.7729    38.6077    29.0275     3.8964    169.106 0.0000e+00
    126.167    738.479    13.7919   4.561333     2.5854     0.1852  1.7711132  13.778643    13.7733    38.6078    29.0275     3.9053    169.490 0.0000e+00
    125.109    739.479    13.7917   4.561238     2.5863     0.1665  1.7707571  13.777276    13.7733    38.6076    29.0273     3.8922    168.924 0.0000e+00
    124.177    740.479    13.7917   4.561160     2.5814     0.1754  1.7705536  13.778643    13.7734    38.6073    29.0271     3.8854    168.626 0.0000e+00
    123.080    741.479    13.7921   4.561138     2.5841     0.1868  1.7702483  13.776592    13.7739    38.6072    29.0269     3.9078    169.600 0.0000e+00
    121.959    742.479    13.7930   4.561148     2.5877     0.1785  1.7700957  13.778643    13.7751    38.6068    29.0264     3.9107    169.726 0.0000e+00
    121.026    743.479    13.7937   4.561145     2.5901     0.1731  1.7697396  13.777276    13.7758    38.6066    29.0261     3.9120    169.781 0.0000e+00
    120.066    744.479    13.7944   4.561152     2.5913     0.1762  1.7693326  13.779326    13.7767    38.6063    29.0257     3.9126    169.810 0.0000e+00
    118.926    745.479    13.7944   4.561054     2.5929     0.1750  1.7691799  13.777276    13.7769    38.6059    29.0253     3.9146    169.893 0.0000e+00
    117.821    746.479    13.7931   4.560783     2.5935     0.1699  1.7693326  13.777959    13.7758    38.6051    29.0249     3.9148    169.902 0.0000e+00
    116.929    747.479    13.7913   4.560436     2.5953     0.1647  1.7689256  13.779326    13.7741    38.6041    29.0245     3.9197    170.118 0.0000e+00
    115.884    748.479    13.7898   4.560134     2.5963     0.1723  1.7687729  13.777959    13.7728    38.6032    29.0240     3.9222    170.226 0.0000e+00
    114.780    749.479    13.7886   4.559846     2.5990     0.1657  1.7681116  13.773175    13.7717    38.6022    29.0235     3.9295    170.540 0.0000e+00
    113.817    750.479    13.7888   4.559761     2.6004     0.1614  1.7680607  13.774542    13.7721    38.6016    29.0229     3.9256    170.374 0.0000e+00
    112.647    751.479    13.7884   4.559508     2.6010     0.1804  1.7673993  13.775225    13.7718    38.6002    29.0219     3.9301    170.570 0.0000e+00
    111.609    752.479    13.7875   4.559294     2.6038     0.1835  1.7669414  13.772491    13.7711    38.5994    29.0215     3.9405    171.018 0.0000e+00
    110.799    753.479    13.7868   4.559117     2.6070     0.1827  1.7664327  13.773858    13.7705    38.5989    29.0212     3.9441    171.176 0.0000e+00
    109.779    754.479    13.7839   4.558550     2.6088     0.1821  1.7658222  13.772491    13.7677    38.5969    29.0203     3.9447    171.201 0.0000e+00
    108.548    755.479    13.7793   4.557653     2.6103     0.1723  1.7655678  13.768391    13.7633    38.5936    29.0186     3.9487    171.377 0.0000e+00
    107.554    756.479    13.7762   4.557039     2.6129     0.1781  1.7654152  13.763606    13.7603    38.5913    29.0175     3.9552    171.659 0.0000e+00
    106.645    757.479    13.7744   4.556696     2.6150     0.1762  1.7642450  13.762923    13.7587    38.5903    29.0171     3.9596    171.848 0.0000e+00
    105.548    758.479    13.7736   4.556494     2.6184     0.1713  1.7631258  13.762923    13.7581    38.5896    29.0167     3.9702    172.310 0.0000e+00
    104.528    759.479    13.7680   4.555551     2.6220     0.1617  1.7629223  13.761556    13.7526    38.5868    29.0157     3.9758    172.553 0.0000e+00
    103.538    760.479    13.7660   4.555172     2.6258     0.1695  1.7623118  13.760189    13.7507    38.5857    29.0152     3.9920    173.256 0.0000e+00
    102.565    761.479    13.7627   4.554567     2.6337     0.1783  1.7607856  13.756772    13.7476    38.5837    29.0144     4.0141    174.216 0.0000e+00
    101.539    762.479    13.7581   4.553740     2.6411     0.1808  1.7601751  13.755404    13.7431    38.5809    29.0132     4.0244    174.660 0.0000e+00
    100.312    763.479    13.7551   4.553169     2.6468     0.1859  1.7593102  13.752670    13.7404    38.5790    29.0123     4.0296    174.890 0.0000e+00
     99.362    764.479    13.7523   4.552644     2.6506     0.1792  1.7580892  13.741734    13.7377    38.5773    29.0115     4.0294    174.878 0.0000e+00
     98.615    765.479    13.7496   4.552082     2.6521     0.1848  1.7550367  13.740367    13.7351    38.5750    29.0103     4.0327    175.022 0.0000e+00
     97.484    766.479    13.7504   4.552074     2.6553     0.1904  1.7521368  13.745152    13.7360    38.5747    29.0099     4.0380    175.255 0.0000e+00
     96.204    767.479    13.7495   4.551783     2.6572     0.1765  1.7523912  13.742418    13.7353    38.5734    29.0090     4.0410    175.381 0.0000e+00
     95.323    768.479    13.7488   4.551509     2.6600     0.1727  1.7505596  13.731481    13.7348    38.5719    29.0080     4.0486    175.713 0.0000e+00
     94.355    769.479    13.7471   4.551128     2.6633     0.1770  1.7484228  13.734215    13.7332    38.5704    29.0072     4.0584    176.137 0.0000e+00
     93.254    770.479    13.7454   4.550802     2.6680     0.1781  1.7477614  13.733532    13.7317    38.5695    29.0067     4.0693    176.614 0.0000e+00
     92.276    771.479    13.7416   4.550182     2.6725     0.1831  1.7471510  13.731481    13.7281    38.5679    29.0063     4.0774    176.965 0.0000e+00
     91.325    772.479    13.7396   4.549781     2.6770     0.1820  1.7464387  13.730114    13.7262    38.5666    29.0057     4.0906    177.537 0.0000e+00
     90.223    773.479    13.7373   4.549361     2.6835     0.1841  1.7451160  13.730114    13.7240    38.5654    29.0053     4.0995    177.925 0.0000e+00
     89.236    774.479    13.7344   4.548909     2.6858     0.1863  1.7437932  13.723278    13.7213    38.5644    29.0050     4.0909    177.550 0.0000e+00
     88.218    775.479    13.7337   4.548736     2.6851     0.1880  1.7415547  13.722595    13.7207    38.5640    29.0048     4.0866    177.362 0.0000e+00
     87.029    776.479    13.7340   4.548654     2.6858     0.1901  1.7399776  13.722595    13.7212    38.5634    29.0043     4.0912    177.564 0.0000e+00
     86.090    777.479    13.7355   4.548766     2.6877     0.1763  1.7390109  13.720544    13.7229    38.5634    29.0039     4.1037    178.106 0.0000e+00
     85.235    778.479    13.7358   4.548714     2.6926     0.1740  1.7374847  13.722595    13.7233    38.5630    29.0035     4.1140    178.553 0.0000e+00
     84.177    779.479    13.7340   4.548309     2.6965     0.1859  1.7367216  13.724645    13.7216    38.5614    29.0027     4.1233    178.957 0.0000e+00
     83.008    780.479    13.7309   4.547776     2.7019     0.1922  1.7367216  13.720544    13.7187    38.5600    29.0022     4.1362    179.515 0.0000e+00
     81.828    781.479    13.7277   4.547184     2.7067     0.1742  1.7357550  13.713708    13.7157    38.5582    29.0014     4.1437    179.841 0.0000e+00
     80.899    782.479    13.7228   4.546299     2.7115     0.1741  1.7340761  13.713024    13.7110    38.5550    29.0000     4.1462    179.952 0.0000e+00
     80.088    783.479    13.7222   4.546138     2.7120     0.1912  1.7310744  13.710290    13.7105    38.5545    28.9997     4.1414    179.742 0.0000e+00
     79.005    784.479    13.7231   4.546204     2.7142     0.1937  1.7294464  13.713708    13.7115    38.5547    28.9997     4.1488    180.065 0.0000e+00
     77.708    785.479    13.7229   4.546066     2.7156     0.1936  1.7292429  13.713024    13.7115    38.5542    28.9993     4.1467    179.971 0.0000e+00
     76.807    786.479    13.7241   4.546103     2.7156     0.1754  1.7286325  13.708239    13.7128    38.5537    28.9986     4.1362    179.515 0.0000e+00
     76.017    787.479    13.7282   4.546510     2.7113     0.1799  1.7272079  13.712341    13.7170    38.5539    28.9978     4.1172    178.691 0.0000e+00
     74.890    788.479    13.7332   4.547005     2.7060     0.1835  1.7262922  13.712341    13.7222    38.5540    28.9968     4.1054    178.180 0.0000e+00
     73.644    789.479    13.7337   4.546848     2.7006     0.1860  1.7261905  13.713024    13.7229    38.5526    28.9956     4.0933    177.657 0.0000e+00
     72.764    790.479    13.7323   4.546480     2.6959     0.1970  1.7268010  13.713708    13.7216    38.5509    28.9946     4.0906    177.538 0.0000e+00
     71.932    791.479    13.7311   4.546212     2.6944     0.1969  1.7286833  13.713708    13.7205    38.5500    28.9940     4.0995    177.927 0.0000e+00
     70.768    792.479    13.7288   4.545792     2.6969     0.2054  1.7295482  13.713708    13.7184    38.5488    28.9935     4.1180    178.729 0.0000e+00
     69.615    793.479    13.7258   4.545016     2.7036     0.2016  1.7296500  13.713024    13.7156    38.5449    28.9912     4.1404    179.700 0.0000e+00
     68.681    794.479    13.7262   4.544801     2.7114     0.1966  1.7298026  13.713024    13.7162    38.5429    28.9895     4.1480    180.031 0.0000e+00
     67.647    795.479    13.7235   4.544241     2.7133     0.2105  1.7299043  13.713024    13.7136    38.5408    28.9884     4.1399    179.679 0.0000e+00
     66.591    796.479    13.7164   4.542935     2.7162     0.2323  1.7296500  13.709606    13.7066    38.5360    28.9862     4.1499    180.112 0.0000e+00
     65.632    797.479    13.7114   4.542033     2.7174     0.2342  1.7294465  13.703454    13.7018    38.5329    28.9848     4.1389    179.638 0.0000e+00
     64.592    798.479    13.7086   4.541405     2.7146     0.2343  1.7294465  13.704137    13.6991    38.5302    28.9833     4.1308    179.283 0.0000e+00
     63.462    799.479    13.7058   4.540831     2.7138     0.2463  1.7287342  13.699352    13.6965    38.5281    28.9822     4.1298    179.241 0.0000e+00
     62.457    800.479    13.7022   4.540104     2.7108     0.2519  1.7282255  13.695934    13.6930    38.5253    28.9808     4.1197    178.804 0.0000e+00
     61.546    801.479    13.6972   4.539135     2.7090     0.2469  1.7284290  13.685679    13.6882    38.5214    28.9789     4.1221    178.911 0.0000e+00
     60.388    802.479    13.6961   4.538723     2.7085     0.2582  1.7288360  13.684995    13.6873    38.5192    28.9773     4.1204    178.836 0.0000e+00
     59.757    803.479    13.6940   4.538323     2.7068     0.2810  1.7288868  13.682944    13.6852    38.5178    28.9767     4.1164    178.662 0.0000e+00
     60.054    804.479    13.6955   4.538627     2.7064     0.2898  1.7289377  13.685679    13.6867    38.5190    28.9773     4.1256    179.059 0.0000e+00
     60.243    805.479    13.6973   4.539001     2.7102     0.2830  1.7285307  13.695934    13.6885    38.5206    28.9782     4.1430    179.818 0.0000e+00
     59.958    806.479    13.6961   4.538726     2.7160     0.2860  1.7287342  13.686362    13.6874    38.5193    28.9774     4.1549    180.331 0.0000e+00
     59.788    807.479    13.6820   4.536368     2.7188     0.3174  1.7283781  13.665851    13.6733    38.5112    28.9741     4.1473    180.003 0.0000e+00
     60.119    808.479    13.6820   4.536303     2.7179     0.3379  1.7264957  13.674740    13.6731    38.5105    28.9736     4.1459    179.942 0.0000e+00
     60.208    809.479    13.6848   4.536705     2.7204     0.3493  1.7256817  13.676791    13.6760    38.5114    28.9737     4.1573    180.438 0.0000e+00
     59.976    810.479    13.6797   4.535897     2.7221     0.3720  1.7250712  13.666535    13.6709    38.5090    28.9729     4.1560    180.379 0.0000e+00
     60.036    811.479    13.6802   4.536008     2.7228     0.3942  1.7244098  13.665168    13.6714    38.5095    28.9732     4.1555    180.361 0.0000e+00
     60.166    812.479    13.6815   4.536197     2.7226     0.4053  1.7234941  13.664484    13.6727    38.5099    28.9732     4.1496    180.104 0.0000e+00
     60.152    813.479    13.6814   4.536182     2.7211     0.4140  1.7234941  13.668586    13.6726    38.5099    28.9732     4.1504    180.137 0.0000e+00
     60.097    814.479    13.6802   4.535993     2.7224     0.4217  1.7234432  13.667903    13.6714    38.5093    28.9730     4.1533    180.264 0.0000e+00
     60.052    815.479    13.6800   4.535961     2.7200     0.4403  1.7231888  13.668586    13.6712    38.5093    28.9731     4.1326    179.365 0.0000e+00
     60.167    816.479    13.6831   4.536481     2.7138     0.4454  1.7229853  13.666535    13.6743    38.5110    28.9737     4.1197    178.803 0.0000e+00
     60.264    817.479    13.6856   4.536898     2.7103     0.4459  1.7226292  13.666535    13.6768    38.5124    28.9743     4.1187    178.764 0.0000e+00
     60.203    818.479    13.6848   4.536783     2.7081     0.4494  1.7230871  13.667219    13.6760    38.5122    28.9743     4.1229    178.945 0.0000e+00
     60.211    819.479    13.6858   4.536935     2.7097     0.4483  1.7232397  13.665851    13.6770    38.5126    28.9744     4.1383    179.612 0.0000e+00
     60.155    820.479    13.6834   4.536515     2.7135     0.4559  1.7233414  13.667219    13.6746    38.5110    28.9737     4.1384    179.616 0.0000e+00
     60.107    821.479    13.6807   4.536105     2.7117     0.4434  1.7229853  13.665851    13.6719    38.5099    28.9734     4.1228    178.941 0.0000e+00
     60.261    822.479    13.6860   4.536948     2.7084     0.4599  1.7229344  13.665851    13.6772    38.5125    28.9743     4.1125    178.495 0.0000e+00
     60.302    823.479    13.6878   4.537248     2.7042     0.4658  1.7228836  13.665851    13.6790    38.5135    28.9747     4.1040    178.123 0.0000e+00
     60.233    824.479    13.6862   4.537015     2.7018     0.4600  1.7234941  13.667219    13.6774    38.5130    28.9746     4.1105    178.407 0.0000e+00
