Boussole/Data/SBEMOOSE/Work/cnv/bous228_03.cnv
* Sea-Bird SBE 9 Data File:
* FileName = C:\boussole\202103\bous228_03.hdr
* Software Version Seasave V 7.23.2
* Temperature SN = 2473
* Conductivity SN = 2929
* Number of Bytes Per Scan = 37
* Number of Voltage Words = 4
* Number of Scans Averaged by the Deck Unit = 1
* NMEA Latitude = 43 22.32 N
* NMEA Longitude = 007 53.85 E
* NMEA UTC (Time) = Mar 03 2021  13:34:34
* NMEA baud rate = 4800
** Navire
** Station:
** Date
** Heure debut [TU]
** Heure fin [TU]
** Heure locale / TU = +0
** Latitude
** Longitude
** Heure meteo [TU]
** T air sec [deg C]
** T mer [deg C]
** Vent [noeuds, degres]
# nquan = 14
# nvalues = 1182                        
# units = specified
# name 0 = prDM: Pressure, Digiquartz [db]
# name 1 = timeS: Time, Elapsed [seconds]
# name 2 = t090C: Temperature [ITS-90, deg C]
# name 3 = c0S/m: Conductivity [S/m]
# name 4 = sbeox0V: Oxygen raw, SBE 43 [V]
# name 5 = flC: Fluorescence, Chelsea Aqua 3 Chl Con [ug/l]
# name 6 = upoly0: Upoly 0, RINKOIII_DO
# name 7 = upoly1: Upoly 1, RINKOIII_Temp
# name 8 = potemp090C: Potential Temperature [ITS-90, deg C]
# name 9 = sal00: Salinity, Practical [PSU]
# name 10 = sigma-é00: Density [sigma-theta, kg/m^3]
# name 11 = sbeox0ML/L: Oxygen, SBE 43 [ml/l], WS = 2
# name 12 = sbox0Mm/Kg: Oxygen, SBE 43 [umol/kg], WS = 2
# name 13 = flag: flag
# span 0 =      0.276,    304.175       
# span 1 =      0.479,   1181.104       
# span 2 =    13.3993,    13.9487       
# span 3 =   0.783956,   4.575171       
# span 4 =     2.1858,     3.0275       
# span 5 =     0.1695,     5.6114       
# span 6 =  1.5201974,  1.8323158       
# span 7 =  13.385354,  13.781376       
# span 8 =    13.3952,    13.9486       
# span 9 =     5.7284,    38.6578       
# span 10 =     3.7364,    29.0739      
# span 11 =     3.1935,     4.8379      
# span 12 =    138.591,    209.990      
# span 13 = 0.0000e+00, 0.0000e+00      
# interval = seconds: 1                 
# start_time = Mar 03 2021 13:34:34 [NMEA time, header]
# bad_flag = -9.990e-29
*END*
[from data line 104]
     45.091    104.479    13.4152   4.496077     2.9523     1.4990  1.5409035  13.401783    13.4087    38.4021    28.9458     4.7042    204.179 0.0000e+00
     45.582    105.479    13.4151   4.496104     2.9526     1.4744  1.5413614  13.401783    13.4086    38.4021    28.9459     4.6969    203.861 0.0000e+00
     45.995    106.479    13.4148   4.496080     2.9489     1.4944  1.5412596  13.401098    13.4082    38.4020    28.9459     4.6883    203.491 0.0000e+00
     46.447    107.479    13.4148   4.496091     2.9486     1.4666  1.5414122  13.401783    13.4081    38.4020    28.9459     4.6936    203.720 0.0000e+00
     47.042    108.479    13.4149   4.496141     2.9469     1.4599  1.5414631  13.401783    13.4081    38.4021    28.9459     4.6857    203.375 0.0000e+00
     47.755    109.479    13.4152   4.496194     2.9454     1.3908  1.5417684  13.401098    13.4083    38.4020    28.9458     4.6881    203.481 0.0000e+00
     48.539    110.479    13.4156   4.496280     2.9454     1.3602  1.5424298  13.401098    13.4086    38.4020    28.9457     4.6849    203.341 0.0000e+00
     49.224    111.479    13.4150   4.496260     2.9425     1.3854  1.5429385  13.401783    13.4079    38.4021    28.9460     4.6770    202.999 0.0000e+00
     49.633    112.479    13.4144   4.496230     2.9409     1.4013  1.5428368  13.401098    13.4072    38.4023    28.9463     4.6757    202.942 0.0000e+00
     49.983    113.479    13.4147   4.496265     2.9390     1.4507  1.5428368  13.401783    13.4075    38.4021    28.9461     4.6742    202.879 0.0000e+00
     50.563    114.479    13.4147   4.496271     2.9388     1.3899  1.5433455  13.400414    13.4074    38.4019    28.9460     4.6763    202.970 0.0000e+00
     51.243    115.479    13.4145   4.496276     2.9383     1.3049  1.5429894  13.400414    13.4071    38.4019    28.9460     4.6781    203.047 0.0000e+00
     51.887    116.479    13.4147   4.496392     2.9396     1.3895  1.5432946  13.401098    13.4072    38.4025    28.9465     4.6810    203.174 0.0000e+00
     52.529    117.479    13.4144   4.496476     2.9389     1.3839  1.5434473  13.401783    13.4068    38.4033    28.9472     4.6736    202.849 0.0000e+00
     53.126    118.479    13.4139   4.496484     2.9362     1.3506  1.5442104  13.401783    13.4062    38.4036    28.9475     4.6678    202.598 0.0000e+00
     53.669    119.479    13.4122   4.496411     2.9361     1.3077  1.5438543  13.401098    13.4045    38.4043    28.9485     4.6782    203.052 0.0000e+00
     54.134    120.479    13.4127   4.496465     2.9380     1.3491  1.5436508  13.401783    13.4049    38.4041    28.9482     4.6776    203.023 0.0000e+00
     54.620    121.479    13.4131   4.496508     2.9355     1.2989  1.5440578  13.401783    13.4052    38.4039    28.9480     4.6637    202.419 0.0000e+00
     55.266    122.479    13.4121   4.496477     2.9334     1.2405  1.5442612  13.399729    13.4041    38.4044    28.9486     4.6680    202.606 0.0000e+00
     55.898    123.479    13.4112   4.496476     2.9343     1.2408  1.5443630  13.399729    13.4031    38.4050    28.9492     4.6730    202.824 0.0000e+00
     56.494    124.479    13.4128   4.496602     2.9340     1.1914  1.5450244  13.401098    13.4046    38.4043    28.9484     4.6661    202.526 0.0000e+00
     57.199    125.479    13.4117   4.496599     2.9312     1.2078  1.5453296  13.398360    13.4034    38.4050    28.9492     4.6582    202.181 0.0000e+00
     57.853    126.479    13.4103   4.496564     2.9294     1.1876  1.5455331  13.399045    13.4019    38.4058    28.9502     4.6547    202.032 0.0000e+00
     58.213    127.479    13.4091   4.496546     2.9259     1.1918  1.5461436  13.397676    13.4007    38.4067    28.9511     4.6443    201.578 0.0000e+00
     58.501    128.479    13.4093   4.496586     2.9230     1.2218  1.5463471  13.400414    13.4009    38.4067    28.9511     4.6433    201.536 0.0000e+00
     59.135    129.479    13.4097   4.496680     2.9210     1.1966  1.5464489  13.399045    13.4012    38.4069    28.9512     4.6406    201.417 0.0000e+00
     60.049    130.479    13.4102   4.496821     2.9202     1.1702  1.5472629  13.395622    13.4016    38.4074    28.9514     4.6455    201.629 0.0000e+00
     60.735    131.479    13.4106   4.496948     2.9214     1.1194  1.5479751  13.394253    13.4018    38.4079    28.9518     4.6497    201.812 0.0000e+00
     61.150    132.479    13.4107   4.496979     2.9212     1.0634  1.5485856  13.397676    13.4019    38.4079    28.9518     4.6443    201.577 0.0000e+00
     61.725    133.479    13.4122   4.497270     2.9194     1.0813  1.5493996  13.399729    13.4033    38.4089    28.9522     4.6369    201.258 0.0000e+00
     62.306    134.479    13.4149   4.497746     2.9168     1.1393  1.5496032  13.397676    13.4059    38.4104    28.9529     4.6315    201.024 0.0000e+00
     62.742    135.479    13.4157   4.497911     2.9154     1.0533  1.5498575  13.394253    13.4067    38.4110    28.9532     4.6309    200.998 0.0000e+00
     63.373    136.479    13.4162   4.498055     2.9137     1.0037  1.5501628  13.398360    13.4071    38.4116    28.9535     4.6286    200.898 0.0000e+00
     64.103    137.479    13.4162   4.498169     2.9130     1.0456  1.5505190  13.399729    13.4069    38.4124    28.9542     4.6289    200.908 0.0000e+00
     64.721    138.479    13.4164   4.498271     2.9118     1.0285  1.5513330  13.400414    13.4071    38.4128    28.9545     4.6251    200.743 0.0000e+00
     65.267    139.479    13.4171   4.498417     2.9107     1.0199  1.5518926  13.399729    13.4077    38.4133    28.9548     4.6257    200.772 0.0000e+00
     65.770    140.479    13.4174   4.498509     2.9107     0.9974  1.5522487  13.401783    13.4079    38.4137    28.9550     4.6248    200.732 0.0000e+00
     66.357    141.479    13.4177   4.498628     2.9087     0.9825  1.5524522  13.401098    13.4081    38.4142    28.9554     4.6171    200.397 0.0000e+00
     66.988    142.479    13.4176   4.498909     2.9072     1.0068  1.5529101  13.401783    13.4079    38.4167    28.9573     4.6165    200.371 0.0000e+00
     67.556    143.479    13.4176   4.498989     2.9055     0.9907  1.5535715  13.401098    13.4079    38.4172    28.9577     4.6118    200.166 0.0000e+00
     68.219    144.479    13.4190   4.499361     2.9037     0.9809  1.5536223  13.402467    13.4092    38.4191    28.9589     4.6077    199.990 0.0000e+00
     68.911    145.479    13.4210   4.499772     2.9014     1.0065  1.5540802  13.401783    13.4111    38.4206    28.9597     4.6038    199.817 0.0000e+00
     69.435    146.479    13.4231   4.500131     2.9002     0.9886  1.5545381  13.402467    13.4131    38.4217    28.9601     4.6019    199.736 0.0000e+00
     69.958    147.479    13.4251   4.500498     2.8977     0.9491  1.5549960  13.401783    13.4150    38.4230    28.9607     4.5930    199.348 0.0000e+00
     70.617    148.479    13.4261   4.500694     2.8949     0.9586  1.5553012  13.401783    13.4159    38.4235    28.9609     4.5879    199.131 0.0000e+00
     71.268    149.479    13.4272   4.500824     2.8921     0.9971  1.5558608  13.402467    13.4169    38.4235    28.9607     4.5789    198.738 0.0000e+00
     71.828    150.479    13.4282   4.501163     2.8873     0.9894  1.5563187  13.403836    13.4179    38.4254    28.9619     4.5675    198.242 0.0000e+00
     72.368    151.479    13.4297   4.501650     2.8839     0.8981  1.5571327  13.408628    13.4193    38.4283    28.9639     4.5664    198.194 0.0000e+00
     72.985    152.479    13.4296   4.501904     2.8821     0.8545  1.5575397  13.406574    13.4190    38.4306    28.9658     4.5653    198.145 0.0000e+00
     73.757    153.479    13.4305   4.502102     2.8808     0.8279  1.5582520  13.409312    13.4198    38.4313    28.9661     4.5666    198.205 0.0000e+00
     74.433    154.479    13.4310   4.502267     2.8805     0.8070  1.5596256  13.408628    13.4202    38.4320    28.9666     4.5635    198.067 0.0000e+00
     74.812    155.479    13.4313   4.502386     2.8783     0.8280  1.5609992  13.414788    13.4205    38.4326    28.9670     4.5576    197.812 0.0000e+00
     75.195    156.479    13.4315   4.502460     2.8765     0.8139  1.5615080  13.409996    13.4206    38.4330    28.9672     4.5531    197.615 0.0000e+00
     75.827    157.479    13.4319   4.502693     2.8743     0.8053  1.5616097  13.409996    13.4209    38.4345    28.9684     4.5500    197.481 0.0000e+00
     76.602    158.479    13.4326   4.503029     2.8722     0.8185  1.5617115  13.413419    13.4215    38.4367    28.9699     4.5425    197.156 0.0000e+00
     77.375    159.479    13.4326   4.503165     2.8690     0.8177  1.5622202  13.412050    13.4215    38.4376    28.9706     4.5388    196.996 0.0000e+00
     77.844    160.479    13.4327   4.503245     2.8678     0.8635  1.5630851  13.413419    13.4215    38.4381    28.9710     4.5385    196.982 0.0000e+00
     78.146    161.479    13.4329   4.503292     2.8657     0.8416  1.5638991  13.414788    13.4216    38.4382    28.9711     4.5309    196.654 0.0000e+00
     78.713    162.479    13.4339   4.503501     2.8629     0.8087  1.5643570  13.415472    13.4225    38.4389    28.9715     4.5275    196.507 0.0000e+00
     79.430    163.479    13.4367   4.504081     2.8621     0.7950  1.5648148  13.416157    13.4253    38.4413    28.9727     4.5298    196.604 0.0000e+00
     80.121    164.479    13.4375   4.504241     2.8615     0.8073  1.5661885  13.414103    13.4260    38.4417    28.9729     4.5291    196.574 0.0000e+00
     80.709    165.479    13.4377   4.504299     2.8605     0.7718  1.5664429  13.416841    13.4260    38.4418    28.9730     4.5236    196.338 0.0000e+00
     81.230    166.479    13.4382   4.504399     2.8583     0.7617  1.5672569  13.418210    13.4265    38.4420    28.9730     4.5198    196.170 0.0000e+00
     81.800    167.479    13.4406   4.504784     2.8573     0.7688  1.5679182  13.418210    13.4288    38.4430    28.9733     4.5194    196.154 0.0000e+00
     82.421    168.479    13.4426   4.505085     2.8560     0.7521  1.5683761  13.418210    13.4307    38.4436    28.9733     4.5177    196.079 0.0000e+00
     83.049    169.479    13.4420   4.504995     2.8556     0.7442  1.5689357  13.418210    13.4300    38.4430    28.9730     4.5176    196.076 0.0000e+00
     83.573    170.479    13.4418   4.504987     2.8546     0.7345  1.5691392  13.420263    13.4297    38.4430    28.9731     4.5155    195.984 0.0000e+00
     84.066    171.479    13.4420   4.505025     2.8538     0.7256  1.5694445  13.421632    13.4298    38.4429    28.9730     4.5110    195.786 0.0000e+00
     84.685    172.479    13.4441   4.505426     2.8501     0.7241  1.5701059  13.423686    13.4318    38.4443    28.9737     4.4888    194.824 0.0000e+00
     85.405    173.479    13.4463   4.505804     2.8419     0.7280  1.5706655  13.421632    13.4340    38.4454    28.9740     4.4726    194.124 0.0000e+00
     86.065    174.479    13.4502   4.506631     2.8383     0.7268  1.5710216  13.421632    13.4378    38.4490    28.9761     4.4756    194.252 0.0000e+00
     86.605    175.479    13.4502   4.506789     2.8352     0.7113  1.5719373  13.427108    13.4377    38.4503    28.9771     4.4680    193.923 0.0000e+00
     87.114    176.479    13.4494   4.506783     2.8322     0.7049  1.5720900  13.427792    13.4368    38.4508    28.9777     4.4619    193.656 0.0000e+00
     87.604    177.479    13.4503   4.507046     2.8274     0.6974  1.5724461  13.430530    13.4377    38.4522    28.9786     4.4375    192.597 0.0000e+00
     88.079    178.479    13.4548   4.508103     2.8162     0.6707  1.5728022  13.430530    13.4421    38.4576    28.9818     4.3914    190.594 0.0000e+00
     88.734    179.479    13.4612   4.509451     2.7969     0.6652  1.5735653  13.429846    13.4483    38.4638    28.9853     4.3329    188.058 0.0000e+00
     89.579    180.479    13.4684   4.511524     2.7763     0.6066  1.5757530  13.436006    13.4554    38.4760    28.9932     4.2964    186.470 0.0000e+00
     90.241    181.479    13.4692   4.512111     2.7595     0.5184  1.5806878  13.438059    13.4561    38.4805    28.9966     4.2734    185.470 0.0000e+00
     90.596    182.479    13.4702   4.512326     2.7463     0.4658  1.5856227  13.437374    13.4571    38.4813    28.9970     4.2545    184.653 0.0000e+00
     91.002    183.479    13.4701   4.512295     2.7349     0.4700  1.5885735  13.436006    13.4569    38.4809    28.9967     4.2402    184.029 0.0000e+00
     91.567    184.479    13.4714   4.512610     2.7276     0.4484  1.5884717  13.436006    13.4581    38.4824    28.9976     4.2361    183.852 0.0000e+00
     92.228    185.479    13.4725   4.512786     2.7226     0.4195  1.5886752  13.438059    13.4591    38.4827    28.9977     4.2325    183.698 0.0000e+00
     92.930    186.479    13.4749   4.513205     2.7196     0.4026  1.5918295  13.445587    13.4614    38.4840    28.9982     4.2267    183.444 0.0000e+00
     93.497    187.479    13.4755   4.513373     2.7152     0.3897  1.5997151  13.451062    13.4619    38.4847    28.9986     4.2173    183.038 0.0000e+00
     93.913    188.479    13.4760   4.513484     2.7115     0.3862  1.6061762  13.451746    13.4624    38.4850    28.9987     4.2105    182.743 0.0000e+00
     94.479    189.479    13.4782   4.513883     2.7077     0.4044  1.6096357  13.451062    13.4645    38.4864    28.9994     4.2030    182.416 0.0000e+00
     95.228    190.479    13.4808   4.514293     2.7040     0.3954  1.6130952  13.451746    13.4669    38.4874    28.9996     4.1966    182.139 0.0000e+00
     95.764    191.479    13.4816   4.514480     2.7014     0.3679  1.6172161  13.454484    13.4677    38.4881    29.0000     4.1929    181.977 0.0000e+00
     96.083    192.479    13.4824   4.514596     2.6982     0.3750  1.6203703  13.454484    13.4685    38.4882    28.9999     4.1831    181.550 0.0000e+00
     96.680    193.479    13.4827   4.514704     2.6934     0.3733  1.6214896  13.451062    13.4686    38.4887    29.0003     4.1685    180.919 0.0000e+00
     97.471    194.479    13.4832   4.515027     2.6879     0.3692  1.6222018  13.456537    13.4691    38.4909    29.0019     4.1575    180.442 0.0000e+00
     97.993    195.479    13.4820   4.514968     2.6828     0.3550  1.6235755  13.457905    13.4678    38.4913    29.0025     4.1489    180.069 0.0000e+00
     98.348    196.479    13.4816   4.515043     2.6781     0.3402  1.6250000  13.459274    13.4673    38.4923    29.0034     4.1392    179.648 0.0000e+00
     98.930    197.479    13.4788   4.514846     2.6733     0.3607  1.6267297  13.464749    13.4645    38.4930    29.0045     4.1298    179.239 0.0000e+00
     99.680    198.479    13.4743   4.514409     2.6682     0.3515  1.6277472  13.461327    13.4599    38.4930    29.0055     4.1216    178.883 0.0000e+00
    100.275    199.479    13.4740   4.514415     2.6648     0.3317  1.6300875  13.455852    13.4595    38.4931    29.0056     4.1183    178.740 0.0000e+00
    100.669    200.479    13.4725   4.514256     2.6621     0.3369  1.6322751  13.456537    13.4579    38.4929    29.0058     4.1185    178.746 0.0000e+00
    101.102    201.479    13.4709   4.514066     2.6611     0.3330  1.6337505  13.455852    13.4562    38.4925    29.0058     4.1201    178.816 0.0000e+00
    101.676    202.479    13.4632   4.513105     2.6611     0.3260  1.6344627  13.455852    13.4485    38.4908    29.0062     4.1210    178.856 0.0000e+00
    102.402    203.479    13.4616   4.512986     2.6600     0.3164  1.6356328  13.455852    13.4468    38.4909    29.0066     4.1201    178.815 0.0000e+00
    103.128    204.479    13.4615   4.513017     2.6608     0.2961  1.6368030  13.451062    13.4465    38.4911    29.0068     4.1259    179.067 0.0000e+00
    103.588    205.479    13.4611   4.513016     2.6616     0.2987  1.6374135  13.445587    13.4461    38.4912    29.0071     4.1263    179.087 0.0000e+00
