Boussole/Data/SBEMOOSE/Work/cnv/bous234_03.cnv
* Sea-Bird SBE 9 Data File:
* FileName = C:\boussole\202109\bous234_03.hdr
* Software Version Seasave V 7.23.2
* Temperature SN = 1378
* Conductivity SN = 2929
* Number of Bytes Per Scan = 34
* Number of Voltage Words = 3
* Number of Scans Averaged by the Deck Unit = 1
* NMEA Latitude = 43 22.09 N
* NMEA Longitude = 007 54.02 E
* NMEA UTC (Time) = Sep 14 2021  09:06:31
* NMEA baud rate = 4800
** Campagne = BOUSSOLE 234
** Navire = Tethys II
** Station = BOUS234_03
** Date = 14/09/2021
** Heure debut [TU] = 09:06
** Heure fin [TU] = 10:30
** Heure locale / TU = +2
** Latitude = 43 22.097 N
** Longitude = 007 54.030 E
** Heure meteo [TU] = 09:04
** T air sec [deg C] = 23.7
** T mer [deg C] =
** Vent [noeuds, degres] = 3.3, 222
** Pression atm [hpa] = 1017.9
** Humidite [%] = 87.5
** Nebulosite [octas] = 7
** Etat de la mer [code S] = 2
# nquan = 14
# nvalues = 5043                        
# units = specified
# name 0 = prDM: Pressure, Digiquartz [db]
# name 1 = timeS: Time, Elapsed [seconds]
# name 2 = t090C: Temperature [ITS-90, deg C]
# name 3 = c0S/m: Conductivity [S/m]
# name 4 = sbeox0V: Oxygen raw, SBE 43 [V]
# name 5 = flC: Fluorescence, Chelsea Aqua 3 Chl Con [ug/l]
# name 6 = upoly0: Upoly 0, RINKOIII_DO
# name 7 = upoly1: Upoly 1, RINKOIII_Temp
# name 8 = potemp090C: Potential Temperature [ITS-90, deg C]
# name 9 = sal00: Salinity, Practical [PSU]
# name 10 = sigma-é00: Density [sigma-theta, kg/m^3]
# name 11 = sbeox0ML/L: Oxygen, SBE 43 [ml/l], WS = 2
# name 12 = sbox0Mm/Kg: Oxygen, SBE 43 [umol/kg], WS = 2
# name 13 = flag: flag
# span 0 =      0.238,    404.206       
# span 1 =      0.479,   5042.250       
# span 2 =    13.6102,    23.7858       
# span 3 =   0.760677,   5.633536       
# span 4 =     2.4229,     4.1219       
# span 5 =     0.1386,     0.9503       
# span 6 =  1.2691291,  1.8155270       
# span 7 =  13.597468,  23.777758       
# span 8 =    13.5507,    23.7855       
# span 9 =     4.3087,    38.6595       
# span 10 =     0.6039,    29.0886      
# span 11 =     3.4779,     6.3624      
# span 12 =    151.340,    276.484      
# span 13 = 0.0000e+00, 0.0000e+00      
# interval = seconds: 1                 
# start_time = Sep 14 2021 09:06:31 [NMEA time, header]
# bad_flag = -9.990e-29
*END*
[from data line 3613]
     30.584   3613.479    14.4271   4.606767     3.5442     0.4591  1.4678979  14.446888    14.4225    38.4430    28.7584     5.7074    247.767 0.0000e+00
     30.460   3614.479    14.4318   4.607469     3.5487     0.4459  1.4677453  14.437343    14.4272    38.4450    28.7589     5.7140    248.055 0.0000e+00
     30.218   3615.479    14.4638   4.610756     3.5503     0.4498  1.4672874  14.455070    14.4592    38.4441    28.7511     5.6942    247.195 0.0000e+00
     30.380   3616.479    14.4523   4.609568     3.5437     0.4381  1.4672365  14.451661    14.4477    38.4443    28.7538     5.6739    246.313 0.0000e+00
     30.682   3617.479    14.4106   4.605061     3.5412     0.4435  1.4675926  14.440070    14.4060    38.4434    28.7624     5.6973    247.328 0.0000e+00
     30.644   3618.479    14.4096   4.605015     3.5468     0.4589  1.4676435  14.443479    14.4050    38.4440    28.7630     5.7147    248.081 0.0000e+00
     30.363   3619.479    14.4464   4.609057     3.5483     0.4555  1.4677453  14.437343    14.4418    38.4453    28.7559     5.7010    247.488 0.0000e+00
     30.240   3620.479    14.4537   4.609658     3.5481     0.4464  1.4670839  14.453706    14.4492    38.4437    28.7531     5.6982    247.370 0.0000e+00
     30.425   3621.479    14.4431   4.608548     3.5475     0.4605  1.4672874  14.446888    14.4385    38.4439    28.7556     5.6979    247.356 0.0000e+00
     30.598   3622.479    14.4266   4.606814     3.5475     0.4602  1.4676944  14.441434    14.4220    38.4439    28.7592     5.7033    247.589 0.0000e+00
     30.533   3623.479    14.4297   4.607115     3.5487     0.4536  1.4674909  14.442798    14.4251    38.4438    28.7584     5.7078    247.783 0.0000e+00
     30.361   3624.479    14.4449   4.608864     3.5503     0.4524  1.4673891  14.446888    14.4403    38.4451    28.7561     5.7110    247.925 0.0000e+00
     30.243   3625.479    14.4547   4.609809     3.5533     0.4534  1.4671348  14.461206    14.4501    38.4442    28.7532     5.7193    248.287 0.0000e+00
     30.126   3626.479    14.4672   4.611127     3.5565     0.4529  1.4664225  14.466660    14.4626    38.4442    28.7505     5.7284    248.682 0.0000e+00
     30.041   3627.479    14.4796   4.612355     3.5631     0.4531  1.4656085  14.472114    14.4750    38.4434    28.7471     5.7505    249.640 0.0000e+00
     29.842   3628.479    14.4930   4.613836     3.5720     0.4501  1.4646927  14.477568    14.4885    38.4440    28.7446     5.7720    250.573 0.0000e+00
     29.453   3629.479    14.5214   4.617126     3.5843     0.4470  1.4634718  14.504836    14.5169    38.4467    28.7404     5.8100    252.227 0.0000e+00
     29.176   3630.479    14.5578   4.621244     3.6025     0.4328  1.4617420  14.542325    14.5534    38.4491    28.7342     5.8564    254.241 0.0000e+00
     28.968   3631.479    14.5958   4.625464     3.6251     0.4154  1.4595544  14.572995    14.5914    38.4509    28.7271     5.8933    255.846 0.0000e+00
     28.597   3632.479    14.6567   4.632676     3.6408     0.4295  1.4576211  14.573676    14.6524    38.4578    28.7189     5.9015    256.205 0.0000e+00
     28.060   3633.479    14.7135   4.638411     3.6574     0.4287  1.4546704  14.615927    14.7092    38.4552    28.7041     5.9382    257.800 0.0000e+00
     27.463   3634.479    14.7452   4.641710     3.6774     0.4204  1.4508547  14.632962    14.7410    38.4548    28.6967     5.9781    259.535 0.0000e+00
     26.911   3635.479    14.8204   4.649340     3.6986     0.4102  1.4466829  14.711994    14.8163    38.4514    28.6773     6.0154    261.159 0.0000e+00
     26.555   3636.479    14.9215   4.659791     3.7225     0.3960  1.4413410  14.812804    14.9174    38.4486    28.6524     6.0613    263.156 0.0000e+00
     26.130   3637.479    15.0216   4.670856     3.7507     0.4006  1.4357448  14.902689    15.0175    38.4524    28.6327     6.1097    265.264 0.0000e+00
     25.514   3638.479    15.1801   4.688090     3.7788     0.3984  1.4309116  14.936728    15.1761    38.4555    28.5991     6.1247    265.923 0.0000e+00
     24.761   3639.479    15.3509   4.706400     3.7946     0.3907  1.4277574  14.969408    15.3470    38.4563    28.5607     6.1065    265.143 0.0000e+00
     24.049   3640.479    15.5397   4.725970     3.8064     0.3939  1.4223138  15.132734    15.5359    38.4508    28.5130     6.1055    265.113 0.0000e+00
     23.714   3641.479    15.5190   4.723180     3.8214     0.3877  1.4150895  15.334802    15.5153    38.4457    28.5138     6.1422    266.708 0.0000e+00
     23.485   3642.479    15.6223   4.734823     3.8349     0.3720  1.4159035  15.192631    15.6185    38.4511    28.4942     6.1459    266.873 0.0000e+00
     23.083   3643.479    15.7485   4.747633     3.8457     0.3661  1.4090863  15.348391    15.7448    38.4447    28.4599     6.1455    266.865 0.0000e+00
     22.618   3644.479    15.7887   4.751288     3.8553     0.3572  1.3999796  15.646209    15.7851    38.4389    28.4461     6.1573    267.380 0.0000e+00
     22.374   3645.479    15.8309   4.754331     3.8638     0.3234  1.3924501  15.759713    15.8273    38.4256    28.4259     6.1644    267.692 0.0000e+00
     22.321   3646.479    15.9819   4.771803     3.8719     0.3035  1.3868030  15.803883    15.9783    38.4370    28.3995     6.1706    267.970 0.0000e+00
     22.405   3647.479    15.9432   4.767290     3.8871     0.3089  1.3854803  15.796406    15.9396    38.4338    28.4060     6.2251    270.335 0.0000e+00
     22.127   3648.479    16.0323   4.777761     3.9095     0.3088  1.3832926  15.860957    16.0287    38.4421    28.3915     6.2648    272.063 0.0000e+00
     21.532   3649.479    16.2790   4.801094     3.9291     0.3207  1.3788665  15.983252    16.2755    38.4136    28.3113     6.2583    271.802 0.0000e+00
     21.220   3650.479    16.2614   4.799291     3.9446     0.3307  1.3762719  15.994799    16.2579    38.4145    28.3161     6.2755    272.548 0.0000e+00
     21.177   3651.479    16.3961   4.813180     3.9516     0.3236  1.3751527  15.964910    16.3926    38.4092    28.2800     6.2681    272.232 0.0000e+00
     20.796   3652.479    16.4439   4.818323     3.9694     0.3125  1.3709300  16.107544    16.4404    38.4093    28.2687     6.3170    274.363 0.0000e+00
     20.286   3653.479    16.4758   4.820925     3.9831     0.3125  1.3642145  16.354751    16.4724    38.4021    28.2555     6.3080    273.973 0.0000e+00
     20.157   3654.479    16.7049   4.845385     3.9874     0.3227  1.3595849  16.403642    16.7015    38.4002    28.1989     6.2915    273.273 0.0000e+00
     20.359   3655.479    16.7805   4.852956     3.9990     0.3216  1.3557184  16.474933    16.7771    38.3949    28.1768     6.3115    274.148 0.0000e+00
     20.404   3656.479    16.8195   4.855842     4.0081     0.3096  1.3546500  16.491907    16.8161    38.3831    28.1582     6.3084    274.015 0.0000e+00
     20.358   3657.479    16.9182   4.862279     4.0118     0.3070  1.3518010  16.531283    16.9148    38.3457    28.1056     6.3066    273.954 0.0000e+00
     20.361   3658.479    16.9403   4.868251     4.0173     0.3003  1.3487993  16.622252    16.9369    38.3776    28.1247     6.2956    273.471 0.0000e+00
     20.245   3659.479    16.9150   4.865549     4.0119     0.3022  1.3473748  16.656194    16.9116    38.3779    28.1311     6.2833    272.935 0.0000e+00
     20.277   3660.479    16.9558   4.870312     4.0139     0.3041  1.3422873  16.808245    16.9524    38.3810    28.1236     6.3044    273.855 0.0000e+00
     20.490   3661.479    16.9067   4.865810     4.0210     0.3026  1.3423891  16.790597    16.9033    38.3880    28.1410     6.3189    274.477 0.0000e+00
     20.490   3662.479    16.9015   4.865073     4.0236     0.2950  1.3426943  16.707785    16.8981    38.3865    28.1410     6.3217    274.601 0.0000e+00
     20.366   3663.479    16.9357   4.868195     4.0257     0.2983  1.3399979  16.834039    16.9323    38.3815    28.1289     6.3110    274.140 0.0000e+00
     20.359   3664.479    16.9616   4.871191     4.0223     0.3014  1.3395401  16.825215    16.9582    38.3832    28.1239     6.2921    273.320 0.0000e+00
     20.320   3665.479    16.9556   4.870880     4.0166     0.3054  1.3393366  16.854401    16.9522    38.3863    28.1277     6.2800    272.794 0.0000e+00
     20.264   3666.479    16.9856   4.873927     4.0132     0.3040  1.3389295  16.855759    16.9822    38.3846    28.1191     6.2868    273.091 0.0000e+00
     20.529   3667.479    16.9106   4.865820     4.0186     0.2971  1.3390313  16.873406    16.9072    38.3843    28.1372     6.3185    274.464 0.0000e+00
     20.656   3668.479    16.8619   4.860840     4.0237     0.2852  1.3400488  16.836075    16.8585    38.3867    28.1508     6.3269    274.822 0.0000e+00
     20.345   3669.479    16.9216   4.867409     4.0243     0.2944  1.3383191  16.891054    16.9182    38.3880    28.1373     6.3125    274.200 0.0000e+00
     20.200   3670.479    16.9715   4.872498     4.0255     0.3050  1.3383699  16.912773    16.9681    38.3854    28.1231     6.3161    274.361 0.0000e+00
     20.381   3671.479    16.9197   4.866606     4.0283     0.3128  1.3390313  16.863904    16.9163    38.3827    28.1337     6.3219    274.612 0.0000e+00
     20.454   3672.479    16.8990   4.864606     4.0274     0.3241  1.3398962  16.851007    16.8956    38.3848    28.1403     6.3178    274.432 0.0000e+00
     20.461   3673.479    16.9240   4.867227     4.0259     0.3139  1.3394892  16.827251    16.9206    38.3840    28.1337     6.3096    274.074 0.0000e+00
     20.549   3674.479    16.9174   4.866513     4.0233     0.3078  1.3389804  16.832002    16.9140    38.3841    28.1353     6.3060    273.919 0.0000e+00
     20.434   3675.479    16.9166   4.866598     4.0219     0.3086  1.3388787  16.831324    16.9132    38.3855    28.1366     6.3047    273.862 0.0000e+00
     20.203   3676.479    16.9617   4.871549     4.0202     0.3084  1.3382682  16.910737    16.9583    38.3864    28.1263     6.2972    273.540 0.0000e+00
     20.356   3677.479    16.9568   4.870935     4.0207     0.3128  1.3376068  16.895805    16.9534    38.3856    28.1269     6.3098    274.085 0.0000e+00
     20.592   3678.479    16.8703   4.861544     4.0253     0.3182  1.3385734  16.867976    16.8669    38.3850    28.1475     6.3276    274.854 0.0000e+00
     20.437   3679.479    16.9065   4.865557     4.0264     0.3209  1.3385734  16.880194    16.9031    38.3861    28.1395     6.3209    274.566 0.0000e+00
     20.321   3680.479    16.9571   4.870707     4.0274     0.3148  1.3384717  16.886981    16.9537    38.3833    28.1251     6.3209    274.571 0.0000e+00
     20.498   3681.479    16.9248   4.867254     4.0319     0.3145  1.3385226  16.871370    16.9214    38.3835    28.1331     6.3367    275.253 0.0000e+00
     20.533   3682.479    16.8855   4.863376     4.0338     0.3195  1.3390822  16.859153    16.8821    38.3867    28.1450     6.3174    274.414 0.0000e+00
     20.302   3683.479    16.9506   4.870365     4.0182     0.3273  1.3379120  16.897841    16.9472    38.3865    28.1291     6.2648    272.132 0.0000e+00
     20.270   3684.479    16.9698   4.872463     4.0123     0.3264  1.3382173  16.899199    16.9664    38.3867    28.1246     6.2810    272.837 0.0000e+00
     20.470   3685.479    16.9269   4.867571     4.0160     0.3077  1.3384208  16.874764    16.9235    38.3843    28.1331     6.3196    274.512 0.0000e+00
     20.602   3686.479    16.8728   4.862084     4.0273     0.3011  1.3385226  16.865940    16.8693    38.3874    28.1487     6.3376    275.288 0.0000e+00
     20.441   3687.479    16.9266   4.867766     4.0259     0.3069  1.3387769  16.880873    16.9232    38.3863    28.1348     6.3121    274.183 0.0000e+00
     20.373   3688.479    16.9525   4.870509     4.0270     0.3177  1.3383699  16.895805    16.9491    38.3859    28.1282     6.3182    274.450 0.0000e+00
     20.454   3689.479    16.9227   4.867636     4.0285     0.3084  1.3389804  16.878157    16.9193    38.3889    28.1377     6.3248    274.734 0.0000e+00
     20.331   3690.479    16.9414   4.869459     4.0304     0.3079  1.3389296  16.868655    16.9380    38.3873    28.1320     6.3238    274.692 0.0000e+00
     20.291   3691.479    16.9599   4.871279     4.0302     0.3107  1.3381156  16.902593    16.9565    38.3857    28.1262     6.3128    274.217 0.0000e+00
     20.578   3692.479    16.8986   4.864567     4.0259     0.3183  1.3384717  16.897163    16.8951    38.3847    28.1404     6.3080    274.006 0.0000e+00
     20.688   3693.479    16.8756   4.862117     4.0227     0.3191  1.3385226  16.893090    16.8721    38.3850    28.1461     6.3039    273.827 0.0000e+00
     20.372   3694.479    16.9144   4.866710     4.0169     0.3272  1.3378612  16.901914    16.9110    38.3887    28.1396     6.2903    273.236 0.0000e+00
     20.215   3695.479    16.9491   4.870093     4.0176     0.3134  1.3371489  16.937208    16.9457    38.3856    28.1288     6.3093    274.065 0.0000e+00
     20.377   3696.479    16.9036   4.865206     4.0246     0.3107  1.3377594  16.898520    16.9002    38.3857    28.1399     6.3288    274.910 0.0000e+00
     20.459   3697.479    16.8854   4.863371     4.0286     0.3095  1.3380647  16.889696    16.8820    38.3868    28.1452     6.3347    275.164 0.0000e+00
     20.572   3698.479    16.8981   4.864700     4.0314     0.3175  1.3386752  16.874085    16.8946    38.3864    28.1418     6.3320    275.048 0.0000e+00
     20.594   3699.479    16.9024   4.865094     4.0311     0.3143  1.3389804  16.845577    16.8989    38.3858    28.1403     6.3252    274.752 0.0000e+00
     20.388   3700.479    16.9266   4.867953     4.0301     0.3088  1.3381664  16.873406    16.9232    38.3880    28.1361     6.3217    274.600 0.0000e+00
     20.288   3701.479    16.9547   4.870814     4.0302     0.3266  1.3374033  16.901914    16.9513    38.3866    28.1282     6.3209    274.566 0.0000e+00
     20.347   3702.479    16.9281   4.867924     4.0320     0.3229  1.3376577  16.889696    16.9247    38.3863    28.1344     6.3309    275.002 0.0000e+00
     20.511   3703.479    16.9151   4.866550     4.0327     0.3277  1.3378103  16.892411    16.9117    38.3866    28.1378     6.3298    274.951 0.0000e+00
     20.579   3704.479    16.8999   4.864978     4.0331     0.3205  1.3377086  16.880194    16.8964    38.3871    28.1419     6.3266    274.810 0.0000e+00
     20.438   3705.479    16.9391   4.869143     4.0289     0.3230  1.3382682  16.873406    16.9357    38.3867    28.1320     6.3128    274.214 0.0000e+00
     20.317   3706.479    16.9723   4.872907     4.0284     0.3227  1.3376068  16.891054    16.9689    38.3882    28.1252     6.3145    274.290 0.0000e+00
     20.441   3707.479    16.9298   4.868068     4.0299     0.3224  1.3375050  16.898520    16.9264    38.3859    28.1337     6.3270    274.833 0.0000e+00
     20.533   3708.479    16.9052   4.865445     4.0309     0.3199  1.3376577  16.898520    16.9018    38.3863    28.1400     6.3236    274.683 0.0000e+00
     20.411   3709.479    16.9370   4.868898     4.0281     0.3155  1.3377594  16.899878    16.9336    38.3865    28.1324     6.3134    274.241 0.0000e+00
     20.369   3710.479    16.9562   4.870937     4.0281     0.3108  1.3371489  16.898520    16.9528    38.3862    28.1275     6.3180    274.443 0.0000e+00
     20.428   3711.479    16.9336   4.868375     4.0298     0.3061  1.3366911  16.914131    16.9302    38.3851    28.1322     6.3246    274.730 0.0000e+00
     20.437   3712.479    16.9244   4.867611     4.0304     0.3064  1.3375559  16.910737    16.9210    38.3871    28.1359     6.3233    274.668 0.0000e+00
     20.468   3713.479    16.9236   4.867514     4.0298     0.3197  1.3371489  16.908022    16.9202    38.3870    28.1361     6.3181    274.444 0.0000e+00
     20.612   3714.479    16.9149   4.866532     4.0268     0.3208  1.3374542  16.908701    16.9114    38.3866    28.1378     6.3092    274.057 0.0000e+00
     20.401   3715.479    16.9408   4.869672     4.0236     0.3211  1.3373524  16.921597    16.9374    38.3897    28.1339     6.3032    273.796 0.0000e+00
