Boussole/Data/SBEMOOSE/Work/cnv/bous227_02.cnv
* Sea-Bird SBE 9 Data File:
* FileName = C:\boussole\202102\bous227_02.hdr
* Software Version Seasave V 7.23.2
* Temperature SN = 2473
* Conductivity SN = 2929
* Number of Bytes Per Scan = 37
* Number of Voltage Words = 4
* Number of Scans Averaged by the Deck Unit = 1
* NMEA Latitude = 43 22.07 N
* NMEA Longitude = 007 54.06 E
* NMEA UTC (Time) = Feb 18 2021  09:46:25
* NMEA baud rate = 4800
** Campagne = BOUSSOLE 227
** Navire = Tethys II
** Station = BOUS227_02
** Date = 18/02/2021
** Heure debut [TU] = 09:47
** Heure fin [TU] = 11:21
** Heure locale / TU = +0
** Latitude = 43 22.085 N
** Longitude = 007 54.062 E
** Heure meteo [TU] = 09:48
** T air sec [deg C] = 13.3
** T mer [deg C] = 13.512
** Vent [noeuds, degres] = 13, 210
** Pression atm [hpa] = 1022.8
** Humidite [%] = 78
** Nebulosite [octas] = 6
** Etat de la mer [code S] = 3
# nquan = 14
# nvalues = 5706                        
# units = specified
# name 0 = prDM: Pressure, Digiquartz [db]
# name 1 = timeS: Time, Elapsed [seconds]
# name 2 = t090C: Temperature [ITS-90, deg C]
# name 3 = c0S/m: Conductivity [S/m]
# name 4 = sbeox0V: Oxygen raw, SBE 43 [V]
# name 5 = flC: Fluorescence, Chelsea Aqua 3 Chl Con [ug/l]
# name 6 = upoly0: Upoly 0, RINKOIII_DO
# name 7 = upoly1: Upoly 1, RINKOIII_Temp
# name 8 = potemp090C: Potential Temperature [ITS-90, deg C]
# name 9 = sal00: Salinity, Practical [PSU]
# name 10 = sigma-é00: Density [sigma-theta, kg/m^3]
# name 11 = sbeox0ML/L: Oxygen, SBE 43 [ml/l], WS = 2
# name 12 = sbox0Mm/Kg: Oxygen, SBE 43 [umol/kg], WS = 2
# name 13 = flag: flag
# span 0 =      0.137,    405.342       
# span 1 =      0.479,   5705.333       
# span 2 =    13.2795,    13.8354       
# span 3 =   0.785266,   4.573900       
# span 4 =     2.2035,     3.0029       
# span 5 =    -0.0832,     1.3509       
# span 6 =  1.5509259,  1.8422873       
# span 7 =  13.108604,  13.812811       
# span 8 =    13.2795,    13.7991       
# span 9 =     5.7435,    38.6389       
# span 10 =     3.7854,    29.0831      
# span 11 =     3.2708,     5.5584      
# span 12 =    141.945,    247.301      
# span 13 = 0.0000e+00, 0.0000e+00      
# interval = seconds: 1                 
# start_time = Feb 18 2021 09:46:25 [NMEA time, header]
# bad_flag = -9.990e-29
*END*
[from data line 517]
    283.540    517.479    13.7867   4.571290     2.2376     0.1954  1.8272792  13.769758    13.7447    38.6367    29.0560     3.2884    142.714 0.0000e+00
    284.086    518.479    13.7857   4.571248     2.2365     0.1947  1.8273300  13.767707    13.7436    38.6371    29.0566     3.2863    142.623 0.0000e+00
    284.854    519.479    13.7841   4.571147     2.2357     0.1995  1.8274318  13.763606    13.7419    38.6374    29.0572     3.2876    142.677 0.0000e+00
    285.393    520.479    13.7842   4.571168     2.2357     0.1995  1.8272792  13.764973    13.7419    38.6373    29.0571     3.2881    142.702 0.0000e+00
    285.937    521.479    13.7843   4.571221     2.2357     0.2044  1.8272792  13.766340    13.7419    38.6374    29.0572     3.2892    142.748 0.0000e+00
    286.697    522.479    13.7830   4.571128     2.2358     0.2051  1.8275336  13.764290    13.7405    38.6375    29.0576     3.2908    142.816 0.0000e+00
    287.081    523.479    13.7833   4.571188     2.2363     0.2006  1.8278897  13.766340    13.7408    38.6376    29.0576     3.2904    142.801 0.0000e+00
    287.225    524.479    13.7836   4.571220     2.2358     0.1879  1.8276862  13.767024    13.7410    38.6375    29.0575     3.2875    142.674 0.0000e+00
    287.791    525.479    13.7823   4.571132     2.2353     0.1874  1.8280932  13.763606    13.7396    38.6378    29.0580     3.2872    142.661 0.0000e+00
    288.827    526.479    13.7801   4.571022     2.2344     0.1808  1.8283984  13.762923    13.7373    38.6385    29.0590     3.2834    142.495 0.0000e+00
    289.629    527.479    13.7795   4.571003     2.2330     0.1785  1.8286019  13.763606    13.7366    38.6385    29.0592     3.2811    142.399 0.0000e+00
    289.585    528.479    13.7806   4.571072     2.2322     0.1868  1.8286019  13.763606    13.7377    38.6381    29.0587     3.2805    142.372 0.0000e+00
    289.624    529.479    13.7803   4.571061     2.2315     0.1928  1.8286019  13.763606    13.7374    38.6382    29.0588     3.2814    142.409 0.0000e+00
    290.400    530.479    13.7766   4.570719     2.2318     0.1951  1.8287546  13.762923    13.7336    38.6384    29.0597     3.2816    142.418 0.0000e+00
    291.435    531.479    13.7722   4.570355     2.2308     0.1858  1.8289072  13.762240    13.7291    38.6389    29.0611     3.2800    142.349 0.0000e+00
    292.121    532.479    13.7727   4.570425     2.2308     0.1898  1.8294159  13.758822    13.7294    38.6388    29.0609     3.2820    142.435 0.0000e+00
    292.258    533.479    13.7753   4.570695     2.2309     0.1856  1.8296194  13.762240    13.7320    38.6386    29.0603     3.2818    142.426 0.0000e+00
    292.531    534.479    13.7739   4.570548     2.2309     0.1885  1.8297212  13.762240    13.7306    38.6385    29.0605     3.2825    142.458 0.0000e+00
    293.247    535.479    13.7720   4.570410     2.2310     0.1838  1.8298738  13.761556    13.7286    38.6388    29.0611     3.2820    142.436 0.0000e+00
    293.998    536.479    13.7715   4.570398     2.2308     0.1798  1.8300264  13.756088    13.7280    38.6388    29.0613     3.2838    142.512 0.0000e+00
    294.561    537.479    13.7718   4.570445     2.2316     0.1880  1.8303825  13.753354    13.7281    38.6388    29.0612     3.2858    142.598 0.0000e+00
    295.238    538.479    13.7718   4.570492     2.2316     0.1740  1.8305352  13.756088    13.7280    38.6389    29.0614     3.2854    142.580 0.0000e+00
    295.625    539.479    13.7718   4.570502     2.2319     0.1660  1.8304843  13.752671    13.7280    38.6388    29.0613     3.2867    142.637 0.0000e+00
    295.674    540.479    13.7723   4.570550     2.2320     0.1810  1.8304843  13.756088    13.7285    38.6388    29.0612     3.2845    142.544 0.0000e+00
    296.488    541.479    13.7720   4.570573     2.2312     0.1859  1.8307387  13.755404    13.7280    38.6389    29.0614     3.2825    142.455 0.0000e+00
    297.626    542.479    13.7719   4.570608     2.2308     0.1900  1.8306878  13.751987    13.7278    38.6389    29.0614     3.2819    142.429 0.0000e+00
    297.684    543.479    13.7722   4.570625     2.2299     0.1869  1.8308913  13.756088    13.7281    38.6387    29.0611     3.2817    142.421 0.0000e+00
    297.761    544.479    13.7723   4.570650     2.2307     0.1854  1.8308404  13.757455    13.7282    38.6388    29.0612     3.2869    142.647 0.0000e+00
    298.597    545.479    13.7720   4.570664     2.2315     0.1748  1.8306878  13.756772    13.7277    38.6389    29.0614     3.2880    142.695 0.0000e+00
    299.359    546.479    13.7719   4.570692     2.2319     0.1799  1.8308404  13.756771    13.7275    38.6388    29.0614     3.2881    142.700 0.0000e+00
    299.836    547.479    13.7720   4.570715     2.2319     0.1888  1.8308404  13.756088    13.7276    38.6387    29.0613     3.2849    142.560 0.0000e+00
    300.387    548.479    13.7714   4.570678     2.2304     0.1964  1.8306878  13.758139    13.7269    38.6388    29.0615     3.2795    142.326 0.0000e+00
    300.924    549.479    13.7701   4.570563     2.2293     0.1947  1.8306878  13.758139    13.7255    38.6388    29.0618     3.2809    142.386 0.0000e+00
    301.401    550.479    13.7704   4.570602     2.2295     0.1960  1.8309931  13.749937    13.7257    38.6386    29.0616     3.2843    142.533 0.0000e+00
    301.881    551.479    13.7691   4.570499     2.2300     0.1770  1.8310948  13.751303    13.7243    38.6388    29.0620     3.2852    142.574 0.0000e+00
    302.634    552.479    13.7655   4.570161     2.2299     0.1766  1.8308913  13.747886    13.7207    38.6388    29.0628     3.2835    142.497 0.0000e+00
    303.242    553.479    13.7650   4.570155     2.2292     0.1838  1.8314509  13.747203    13.7201    38.6389    29.0631     3.2813    142.404 0.0000e+00
    303.419    554.479    13.7661   4.570259     2.2289     0.1920  1.8316544  13.751987    13.7211    38.6388    29.0627     3.2822    142.442 0.0000e+00
    303.943    555.479    13.7654   4.570206     2.2287     0.1909  1.8316544  13.748569    13.7204    38.6387    29.0628     3.2827    142.463 0.0000e+00
    304.867    556.479    13.7641   4.570111     2.2287     0.1914  1.8315527  13.747202    13.7190    38.6387    29.0631     3.2829    142.475 0.0000e+00
    305.421    557.479    13.7644   4.570173     2.2287     0.1914  1.8319088  13.746519    13.7191    38.6388    29.0631     3.2833    142.492 0.0000e+00
    305.576    558.479    13.7650   4.570235     2.2285     0.1870  1.8316544  13.748569    13.7197    38.6387    29.0630     3.2826    142.460 0.0000e+00
    306.182    559.479    13.7639   4.570150     2.2285     0.1757  1.8318071  13.746519    13.7185    38.6387    29.0633     3.2822    142.445 0.0000e+00
    306.875    560.479    13.7631   4.570100     2.2277     0.1901  1.8319088  13.747886    13.7177    38.6387    29.0634     3.2801    142.353 0.0000e+00
    307.329    561.479    13.7636   4.570172     2.2274     0.1827  1.8318070  13.746519    13.7181    38.6387    29.0633     3.2802    142.358 0.0000e+00
    307.952    562.479    13.7620   4.570007     2.2269     0.1818  1.8321123  13.746519    13.7164    38.6385    29.0635     3.2795    142.326 0.0000e+00
    308.686    563.479    13.7599   4.569821     2.2268     0.1883  1.8322649  13.747202    13.7142    38.6384    29.0639     3.2807    142.376 0.0000e+00
    309.180    564.479    13.7604   4.569896     2.2268     0.1946  1.8324175  13.745835    13.7146    38.6385    29.0639     3.2826    142.462 0.0000e+00
    309.518    565.479    13.7607   4.569932     2.2273     0.1902  1.8326719  13.747886    13.7148    38.6384    29.0638     3.2843    142.533 0.0000e+00
    310.041    566.479    13.7603   4.569918     2.2283     0.1774  1.8320614  13.746519    13.7143    38.6384    29.0639     3.2871    142.657 0.0000e+00
    310.736    567.479    13.7592   4.569846     2.2285     0.1751  1.8323158  13.746519    13.7132    38.6385    29.0642     3.2846    142.545 0.0000e+00
    311.412    568.479    13.7593   4.569874     2.2275     0.1861  1.8325193  13.746519    13.7131    38.6384    29.0642     3.2786    142.286 0.0000e+00
    311.851    569.479    13.7593   4.569902     2.2259     0.1771  1.8322649  13.746519    13.7131    38.6384    29.0642     3.2774    142.233 0.0000e+00
    312.293    570.479    13.7593   4.569928     2.2255     0.1703  1.8323667  13.745835    13.7131    38.6384    29.0642     3.2789    142.300 0.0000e+00
    313.023    571.479    13.7536   4.569282     2.2255     0.1789  1.8324176  13.745152    13.7073    38.6378    29.0649     3.2819    142.428 0.0000e+00
    313.737    572.479    13.7502   4.568963     2.2262     0.1860  1.8326210  13.734215    13.7038    38.6378    29.0657     3.2846    142.547 0.0000e+00
    313.900    573.479    13.7531   4.569291     2.2269     0.1842  1.8327737  13.736949    13.7065    38.6380    29.0653     3.2853    142.580 0.0000e+00
    314.083    574.479    13.7518   4.569099     2.2269     0.1844  1.8328754  13.743101    13.7053    38.6374    29.0650     3.2817    142.420 0.0000e+00
    314.981    575.479    13.7440   4.568266     2.2254     0.1850  1.8333842  13.732848    13.6973    38.6370    29.0664     3.2778    142.251 0.0000e+00
    316.035    576.479    13.7413   4.568021     2.2248     0.1894  1.8333842  13.728747    13.6945    38.6368    29.0669     3.2807    142.380 0.0000e+00
    316.331    577.479    13.7435   4.568292     2.2249     0.1985  1.8331298  13.728747    13.6967    38.6371    29.0666     3.2813    142.402 0.0000e+00
    316.145    578.479    13.7434   4.568260     2.2251     0.1942  1.8332315  13.732848    13.6966    38.6370    29.0666     3.2845    142.541 0.0000e+00
    316.758    579.479    13.7418   4.568101     2.2262     0.1889  1.8333333  13.731481    13.6949    38.6368    29.0668     3.2863    142.619 0.0000e+00
    317.806    580.479    13.7393   4.567864     2.2264     0.1868  1.8335368  13.728063    13.6922    38.6366    29.0672     3.2845    142.543 0.0000e+00
    318.418    581.479    13.7403   4.568035     2.2256     0.1836  1.8333333  13.727380    13.6932    38.6369    29.0673     3.2803    142.360 0.0000e+00
    318.856    582.479    13.7396   4.567965     2.2243     0.1843  1.8333333  13.728063    13.6924    38.6367    29.0673     3.2780    142.262 0.0000e+00
    319.189    583.479    13.7411   4.568105     2.2239     0.1877  1.8330789  13.730798    13.6939    38.6364    29.0667     3.2803    142.361 0.0000e+00
    319.576    584.479    13.7384   4.567850     2.2239     0.1900  1.8331298  13.729430    13.6911    38.6365    29.0674     3.2810    142.392 0.0000e+00
    320.306    585.479    13.7336   4.567313     2.2239     0.1975  1.8334350  13.723278    13.6862    38.6360    29.0681     3.2802    142.356 0.0000e+00
    321.132    586.479    13.7275   4.566670     2.2234     0.1950  1.8335368  13.716442    13.6800    38.6357    29.0691     3.2798    142.337 0.0000e+00
    321.551    587.479    13.7287   4.566818     2.2229     0.1812  1.8334859  13.716442    13.6811    38.6357    29.0689     3.2783    142.274 0.0000e+00
    321.916    588.479    13.7297   4.566935     2.2221     0.1886  1.8334350  13.717810    13.6821    38.6356    29.0686     3.2782    142.269 0.0000e+00
    322.388    589.479    13.7253   4.566428     2.2228     0.1783  1.8335368  13.713708    13.6776    38.6350    29.0691     3.2830    142.478 0.0000e+00
    323.026    590.479    13.7215   4.566040     2.2234     0.1752  1.8331298  13.712341    13.6737    38.6349    29.0699     3.2818    142.425 0.0000e+00
    323.859    591.479    13.7203   4.565949     2.2223     0.1910  1.8333842  13.708923    13.6724    38.6349    29.0702     3.2768    142.209 0.0000e+00
    324.495    592.479    13.7201   4.565960     2.2216     0.1987  1.8337912  13.702770    13.6721    38.6348    29.0702     3.2791    142.306 0.0000e+00
    324.755    593.479    13.7210   4.566068     2.2219     0.1958  1.8340964  13.706872    13.6729    38.6349    29.0701     3.2816    142.418 0.0000e+00
    325.072    594.479    13.7213   4.566103     2.2225     0.1791  1.8338421  13.713024    13.6732    38.6347    29.0699     3.2829    142.472 0.0000e+00
    325.752    595.479    13.7194   4.565917     2.2228     0.1827  1.8339947  13.703454    13.6712    38.6346    29.0702     3.2825    142.454 0.0000e+00
    326.613    596.479    13.7190   4.565924     2.2225     0.1869  1.8341982  13.702770    13.6706    38.6347    29.0704     3.2811    142.394 0.0000e+00
    327.234    597.479    13.7192   4.565964     2.2222     0.1689  1.8341982  13.705504    13.6708    38.6346    29.0703     3.2812    142.397 0.0000e+00
    327.442    598.479    13.7197   4.566034     2.2219     0.1732  1.8339947  13.702770    13.6712    38.6347    29.0703     3.2802    142.357 0.0000e+00
    327.938    599.479    13.7195   4.566043     2.2215     0.1927  1.8340456  13.704137    13.6710    38.6347    29.0703     3.2791    142.307 0.0000e+00
    328.696    600.479    13.7185   4.565957     2.2213     0.1955  1.8341473  13.704137    13.6699    38.6346    29.0705     3.2809    142.385 0.0000e+00
    329.172    601.479    13.7185   4.565987     2.2217     0.1906  1.8340964  13.699352    13.6698    38.6346    29.0705     3.2820    142.433 0.0000e+00
    329.591    602.479    13.7187   4.566023     2.2212     0.1935  1.8346561  13.704821    13.6700    38.6346    29.0704     3.2785    142.282 0.0000e+00
    330.345    603.479    13.7180   4.565976     2.2207     0.1859  1.8343508  13.703454    13.6692    38.6345    29.0705     3.2799    142.343 0.0000e+00
    330.984    604.479    13.7179   4.565990     2.2210     0.1912  1.8343508  13.698668    13.6689    38.6344    29.0705     3.2822    142.440 0.0000e+00
    331.177    605.479    13.7181   4.566023     2.2214     0.1861  1.8346052  13.702770    13.6691    38.6345    29.0705     3.2832    142.485 0.0000e+00
    331.739    606.479    13.7182   4.566072     2.2217     0.1769  1.8350122  13.700719    13.6691    38.6346    29.0706     3.2830    142.478 0.0000e+00
    332.568    607.479    13.7174   4.566007     2.2216     0.1791  1.8348087  13.699352    13.6682    38.6344    29.0707     3.2817    142.422 0.0000e+00
    332.985    608.479    13.7175   4.566051     2.2213     0.1852  1.8347069  13.702086    13.6682    38.6345    29.0708     3.2828    142.470 0.0000e+00
    333.320    609.479    13.7176   4.566071     2.2217     0.1819  1.8349104  13.702086    13.6683    38.6345    29.0707     3.2844    142.539 0.0000e+00
    334.113    610.479    13.7162   4.565931     2.2219     0.1953  1.8347578  13.698668    13.6668    38.6342    29.0708     3.2838    142.512 0.0000e+00
    334.775    611.479    13.7157   4.565906     2.2216     0.1803  1.8350122  13.698668    13.6662    38.6342    29.0710     3.2829    142.471 0.0000e+00
    335.114    612.479    13.7160   4.565960     2.2211     0.1831  1.8346561  13.700036    13.6664    38.6342    29.0709     3.2798    142.337 0.0000e+00
    335.556    613.479    13.7153   4.565875     2.2197     0.1799  1.8350631  13.700035    13.6657    38.6339    29.0709     3.2762    142.184 0.0000e+00
    336.231    614.479    13.7107   4.565359     2.2191     0.1765  1.8351648  13.697985    13.6610    38.6333    29.0714     3.2788    142.296 0.0000e+00
    336.875    615.479    13.7092   4.565216     2.2191     0.1742  1.8352666  13.695250    13.6593    38.6333    29.0717     3.2813    142.402 0.0000e+00
    337.399    616.479    13.7089   4.565218     2.2198     0.1875  1.8355718  13.695934    13.6590    38.6333    29.0718     3.2827    142.465 0.0000e+00
    337.959    617.479    13.7070   4.564982     2.2199     0.1844  1.8358262  13.695250    13.6570    38.6328    29.0718     3.2810    142.390 0.0000e+00
    338.460    618.479    13.7048   4.564788     2.2189     0.1747  1.8359279  13.689097    13.6548    38.6329    29.0724     3.2765    142.194 0.0000e+00
