Boussole/Data/SBEMOOSE/Work/cnv/bous227_03.cnv
* Sea-Bird SBE 9 Data File:
* FileName = C:\boussole\202102\bous227_03.hdr
* Software Version Seasave V 7.23.2
* Temperature SN = 2473
* Conductivity SN = 2929
* Number of Bytes Per Scan = 37
* Number of Voltage Words = 4
* Number of Scans Averaged by the Deck Unit = 1
* NMEA Latitude = 43 22.04 N
* NMEA Longitude = 007 54.17 E
* NMEA UTC (Time) = Feb 18 2021  12:07:25
* NMEA baud rate = 4800
** Campagne = BOUSSOLE 227
** Navire = Tethys II
** Station = BOUS227_03
** Date = 18/02/2021
** Heure debut [TU] = 12:08
** Heure fin [TU] = 12:49
** Heure locale / TU = +0
** Latitude = 43 22.051 N
** Longitude = 007 54.181 E
** Heure meteo [TU] = 12:10
** T air sec [deg C] = 13.3
** T mer [deg C] = 13.64
** Vent [noeuds, degres] = 11.3, 220
** Pression atm [hpa] = 1022.5
** Humidite [%] = 77
** Nebulosite [octas] = 8
** Etat de la mer [code S] = 3
# nquan = 14
# nvalues = 2175                        
# units = specified
# name 0 = prDM: Pressure, Digiquartz [db]
# name 1 = timeS: Time, Elapsed [seconds]
# name 2 = t090C: Temperature [ITS-90, deg C]
# name 3 = c0S/m: Conductivity [S/m]
# name 4 = sbeox0V: Oxygen raw, SBE 43 [V]
# name 5 = flC: Fluorescence, Chelsea Aqua 3 Chl Con [ug/l]
# name 6 = upoly0: Upoly 0, RINKOIII_DO
# name 7 = upoly1: Upoly 1, RINKOIII_Temp
# name 8 = potemp090C: Potential Temperature [ITS-90, deg C]
# name 9 = sal00: Salinity, Practical [PSU]
# name 10 = sigma-é00: Density [sigma-theta, kg/m^3]
# name 11 = sbeox0ML/L: Oxygen, SBE 43 [ml/l], WS = 2
# name 12 = sbox0Mm/Kg: Oxygen, SBE 43 [umol/kg], WS = 2
# name 13 = flag: flag
# span 0 =      0.158,    404.750       
# span 1 =      0.479,   2174.229       
# span 2 =    13.1812,    13.9963       
# span 3 =   0.675502,   4.584242       
# span 4 =     2.2367,     3.0174       
# span 5 =    -0.2893,     0.8743       
# span 6 =  1.5549451,  1.8417277       
# span 7 =  13.324413,  13.961053       
# span 8 =    13.1812,    13.9737       
# span 9 =     4.8676,    38.6389       
# span 10 =     3.0882,    29.0846      
# span 11 =     3.3403,     4.8133      
# span 12 =    144.964,    208.941      
# span 13 = 0.0000e+00, 0.0000e+00      
# interval = seconds: 1                 
# start_time = Feb 18 2021 12:07:25 [NMEA time, header]
# bad_flag = -9.990e-29
*END*
[from data line 413]
    217.834    413.479    13.8299   4.570543     2.3286     0.1995  1.8060643  13.812811    13.7976    38.6156    29.0283     3.4516    149.799 0.0000e+00
    218.221    414.479    13.8291   4.570492     2.3278     0.2017  1.8062169  13.814178    13.7968    38.6157    29.0286     3.4493    149.700 0.0000e+00
    218.732    415.479    13.8284   4.570436     2.3280     0.2099  1.8066239  13.813495    13.7960    38.6156    29.0287     3.4528    149.852 0.0000e+00
    219.608    416.479    13.8270   4.570324     2.3282     0.2245  1.8069800  13.812811    13.7945    38.6156    29.0290     3.4538    149.896 0.0000e+00
    220.129    417.479    13.8267   4.570328     2.3287     0.2093  1.8072853  13.812128    13.7941    38.6157    29.0292     3.4531    149.866 0.0000e+00
    220.356    418.479    13.8275   4.570425     2.3280     0.2155  1.8068783  13.812128    13.7949    38.6157    29.0290     3.4514    149.791 0.0000e+00
    221.057    419.479    13.8269   4.570399     2.3279     0.2070  1.8073362  13.812128    13.7942    38.6158    29.0292     3.4524    149.836 0.0000e+00
    221.769    420.479    13.8267   4.570406     2.3280     0.2081  1.8077432  13.812128    13.7938    38.6157    29.0292     3.4532    149.871 0.0000e+00
    222.141    421.479    13.8260   4.570365     2.3277     0.2092  1.8078958  13.812128    13.7931    38.6159    29.0295     3.4504    149.748 0.0000e+00
    222.694    422.479    13.8263   4.570411     2.3266     0.2088  1.8077940  13.812811    13.7933    38.6158    29.0294     3.4485    149.664 0.0000e+00
    223.418    423.479    13.8257   4.570378     2.3263     0.2034  1.8077940  13.811445    13.7926    38.6158    29.0295     3.4484    149.663 0.0000e+00
    223.920    424.479    13.8249   4.570325     2.3258     0.2095  1.8080993  13.811445    13.7917    38.6159    29.0298     3.4490    149.686 0.0000e+00
    224.377    425.479    13.8245   4.570302     2.3253     0.2167  1.8079975  13.811445    13.7913    38.6158    29.0298     3.4456    149.541 0.0000e+00
    224.966    426.479    13.8228   4.570149     2.3242     0.2185  1.8082519  13.812811    13.7894    38.6158    29.0302     3.4435    149.447 0.0000e+00
    225.504    427.479    13.8216   4.570059     2.3233     0.2176  1.8080484  13.811445    13.7882    38.6159    29.0306     3.4414    149.358 0.0000e+00
    226.079    428.479    13.8187   4.569820     2.3218     0.2198  1.8085063  13.811445    13.7852    38.6163    29.0315     3.4391    149.256 0.0000e+00
    226.729    429.479    13.8171   4.569711     2.3214     0.2136  1.8084554  13.810761    13.7835    38.6166    29.0321     3.4413    149.350 0.0000e+00
    227.267    430.479    13.8154   4.569564     2.3207     0.2015  1.8091168  13.808028    13.7817    38.6167    29.0326     3.4373    149.177 0.0000e+00
    227.700    431.479    13.8140   4.569471     2.3196     0.2026  1.8093712  13.807344    13.7803    38.6170    29.0332     3.4369    149.161 0.0000e+00
    228.269    432.479    13.8136   4.569468     2.3191     0.1901  1.8093712  13.807344    13.7798    38.6171    29.0333     3.4341    149.040 0.0000e+00
    228.951    433.479    13.8133   4.569477     2.3171     0.1844  1.8095747  13.800511    13.7794    38.6171    29.0334     3.4282    148.784 0.0000e+00
    229.406    434.479    13.8129   4.569470     2.3157     0.1986  1.8102869  13.797777    13.7789    38.6173    29.0337     3.4306    148.888 0.0000e+00
    229.968    435.479    13.8124   4.569462     2.3163     0.1962  1.8100834  13.799144    13.7784    38.6175    29.0339     3.4347    149.068 0.0000e+00
    230.768    436.479    13.8107   4.569393     2.3166     0.2067  1.8106431  13.796410    13.7766    38.6182    29.0349     3.4364    149.140 0.0000e+00
    231.196    437.479    13.8103   4.569428     2.3176     0.2073  1.8109992  13.796410    13.7761    38.6188    29.0354     3.4377    149.195 0.0000e+00
    231.496    438.479    13.8103   4.569439     2.3171     0.2001  1.8112536  13.796410    13.7760    38.6187    29.0353     3.4326    148.972 0.0000e+00
    232.130    439.479    13.8098   4.569517     2.3160     0.2150  1.8118132  13.798460    13.7755    38.6197    29.0362     3.4299    148.857 0.0000e+00
    232.947    440.479    13.8095   4.569633     2.3146     0.2067  1.8120167  13.796410    13.7750    38.6207    29.0371     3.4271    148.737 0.0000e+00
    233.758    441.479    13.8120   4.570130     2.3135     0.2038  1.8123219  13.795727    13.7774    38.6226    29.0381     3.4261    148.691 0.0000e+00
    233.859    442.479    13.8119   4.570046     2.3132     0.2151  1.8128307  13.796410    13.7772    38.6218    29.0375     3.4271    148.733 0.0000e+00
    233.766    443.479    13.8114   4.569967     2.3126     0.2131  1.8133394  13.796410    13.7768    38.6216    29.0375     3.4255    148.666 0.0000e+00
    234.636    444.479    13.8153   4.570726     2.3122     0.2076  1.8130342  13.795044    13.7806    38.6244    29.0388     3.4253    148.655 0.0000e+00
    235.890    445.479    13.8180   4.571241     2.3121     0.1987  1.8143569  13.795727    13.7831    38.6260    29.0395     3.4254    148.661 0.0000e+00
    236.074    446.479    13.8167   4.570989     2.3114     0.1944  1.8144078  13.795727    13.7817    38.6249    29.0390     3.4219    148.511 0.0000e+00
    236.005    447.479    13.8173   4.571119     2.3103     0.1951  1.8148148  13.795727    13.7823    38.6255    29.0393     3.4197    148.414 0.0000e+00
    236.594    448.479    13.8184   4.571302     2.3096     0.1990  1.8149674  13.796410    13.7833    38.6260    29.0394     3.4179    148.336 0.0000e+00
    237.591    449.479    13.8198   4.571611     2.3081     0.1970  1.8147130  13.796410    13.7846    38.6270    29.0400     3.4153    148.222 0.0000e+00
    238.135    450.479    13.8201   4.571733     2.3077     0.1974  1.8156797  13.797777    13.7848    38.6276    29.0404     3.4160    148.252 0.0000e+00
    238.215    451.479    13.8191   4.571476     2.3066     0.2033  1.8148657  13.799144    13.7838    38.6261    29.0395     3.4115    148.056 0.0000e+00
    238.653    452.479    13.8196   4.571644     2.3055     0.2041  1.8152218  13.798460    13.7842    38.6271    29.0401     3.4123    148.091 0.0000e+00
    239.520    453.479    13.8186   4.571627     2.3057     0.2028  1.8152218  13.798460    13.7831    38.6275    29.0407     3.4144    148.183 0.0000e+00
    240.144    454.479    13.8181   4.571637     2.3052     0.1993  1.8158323  13.797094    13.7825    38.6278    29.0410     3.4122    148.089 0.0000e+00
    240.273    455.479    13.8188   4.571670     2.3051     0.2033  1.8154253  13.799827    13.7832    38.6274    29.0406     3.4135    148.143 0.0000e+00
    240.683    456.479    13.8189   4.571739     2.3051     0.2075  1.8161884  13.799144    13.7832    38.6278    29.0409     3.4135    148.144 0.0000e+00
    241.521    457.479    13.8194   4.571906     2.3051     0.1897  1.8159341  13.798460    13.7836    38.6285    29.0413     3.4148    148.203 0.0000e+00
    242.166    458.479    13.8182   4.571838     2.3057     0.1963  1.8160867  13.799827    13.7823    38.6287    29.0418     3.4170    148.294 0.0000e+00
    242.395    459.479    13.8186   4.571876     2.3059     0.2093  1.8166972  13.801194    13.7827    38.6286    29.0416     3.4145    148.189 0.0000e+00
    242.771    460.479    13.8178   4.571839     2.3049     0.1988  1.8163919  13.803927    13.7818    38.6289    29.0420     3.4113    148.047 0.0000e+00
    243.517    461.479    13.8164   4.571754     2.3043     0.1928  1.8163919  13.797094    13.7804    38.6291    29.0425     3.4118    148.069 0.0000e+00
    244.154    462.479    13.8145   4.571616     2.3036     0.2037  1.8170024  13.799827    13.7783    38.6295    29.0433     3.4100    147.992 0.0000e+00
    244.419    463.479    13.8138   4.571568     2.3030     0.2038  1.8170533  13.799827    13.7776    38.6296    29.0435     3.4082    147.916 0.0000e+00
    244.836    464.479    13.8134   4.571551     2.3020     0.1958  1.8174094  13.802561    13.7771    38.6297    29.0436     3.4078    147.896 0.0000e+00
    245.573    465.479    13.8127   4.571527     2.3021     0.2058  1.8174603  13.798460    13.7763    38.6298    29.0439     3.4096    147.976 0.0000e+00
    246.236    466.479    13.8124   4.571542     2.3017     0.2084  1.8179182  13.796410    13.7760    38.6299    29.0441     3.4063    147.832 0.0000e+00
    246.529    467.479    13.8123   4.571549     2.3006     0.2020  1.8181217  13.796410    13.7758    38.6299    29.0441     3.4044    147.750 0.0000e+00
    246.896    468.479    13.8124   4.571567     2.2997     0.2072  1.8183761  13.799827    13.7758    38.6299    29.0441     3.4023    147.657 0.0000e+00
    247.618    469.479    13.8122   4.571583     2.2990     0.2095  1.8183252  13.796410    13.7755    38.6299    29.0441     3.4021    147.648 0.0000e+00
    248.162    470.479    13.8121   4.571633     2.2982     0.2096  1.8184778  13.795727    13.7753    38.6302    29.0445     3.4010    147.602 0.0000e+00
    248.485    471.479    13.8123   4.571668     2.2979     0.2042  1.8187322  13.797094    13.7755    38.6302    29.0444     3.4032    147.696 0.0000e+00
    249.176    472.479    13.8124   4.571723     2.2990     0.1982  1.8186813  13.797094    13.7755    38.6303    29.0445     3.4062    147.828 0.0000e+00
    249.737    473.479    13.8121   4.571738     2.2986     0.1968  1.8190374  13.794360    13.7751    38.6305    29.0447     3.4025    147.669 0.0000e+00
    249.942    474.479    13.8123   4.571752     2.2981     0.1967  1.8191900  13.796410    13.7752    38.6304    29.0446     3.4027    147.676 0.0000e+00
    250.607    475.479    13.8120   4.571767     2.2983     0.1908  1.8190883  13.795727    13.7748    38.6305    29.0448     3.4061    147.825 0.0000e+00
    251.329    476.479    13.8114   4.571747     2.2993     0.2014  1.8193936  13.795727    13.7741    38.6306    29.0450     3.4093    147.963 0.0000e+00
    251.544    477.479    13.8117   4.571803     2.2998     0.2079  1.8194444  13.795727    13.7744    38.6307    29.0450     3.4059    147.815 0.0000e+00
    251.994    478.479    13.8109   4.571728     2.2984     0.1954  1.8196479  13.795727    13.7736    38.6306    29.0451     3.4018    147.638 0.0000e+00
    252.786    479.479    13.8085   4.571544     2.2983     0.1913  1.8196988  13.796410    13.7710    38.6310    29.0460     3.4051    147.780 0.0000e+00
    253.203    480.479    13.8077   4.571507     2.2980     0.1892  1.8197497  13.795044    13.7702    38.6312    29.0463     3.4032    147.697 0.0000e+00
    253.466    481.479    13.8075   4.571487     2.2972     0.1957  1.8200041  13.795727    13.7699    38.6311    29.0463     3.3991    147.519 0.0000e+00
    254.160    482.479    13.8054   4.571302     2.2960     0.1957  1.8200549  13.795727    13.7677    38.6312    29.0468     3.3985    147.491 0.0000e+00
    254.853    483.479    13.8007   4.570814     2.2951     0.1989  1.8199532  13.790943    13.7629    38.6310    29.0477     3.3964    147.400 0.0000e+00
    255.013    484.479    13.8009   4.570872     2.2940     0.1919  1.8200549  13.794360    13.7631    38.6313    29.0479     3.3935    147.274 0.0000e+00
    255.464    485.479    13.7999   4.570755     2.2927     0.1905  1.8205128  13.796410    13.7621    38.6309    29.0478     3.3923    147.222 0.0000e+00
    256.294    486.479    13.7964   4.570407     2.2922     0.1952  1.8206146  13.791627    13.7584    38.6307    29.0485     3.3939    147.293 0.0000e+00
    256.830    487.479    13.7950   4.570301     2.2923     0.1916  1.8208181  13.783426    13.7570    38.6309    29.0490     3.3976    147.453 0.0000e+00
    257.128    488.479    13.7949   4.570308     2.2932     0.1986  1.8214285  13.790943    13.7568    38.6310    29.0490     3.3979    147.464 0.0000e+00
    257.574    489.479    13.7949   4.570340     2.2930     0.1875  1.8213268  13.792310    13.7568    38.6310    29.0491     3.3975    147.447 0.0000e+00
    258.147    490.479    13.7950   4.570386     2.2934     0.1923  1.8216829  13.792310    13.7567    38.6312    29.0492     3.3973    147.438 0.0000e+00
    258.802    491.479    13.7950   4.570437     2.2923     0.1872  1.8210724  13.785476    13.7567    38.6313    29.0493     3.3942    147.307 0.0000e+00
    259.185    492.479    13.7950   4.570455     2.2925     0.1920  1.8218355  13.781376    13.7566    38.6313    29.0493     3.3976    147.454 0.0000e+00
    259.688    493.479    13.7952   4.570499     2.2928     0.1898  1.8218864  13.780009    13.7567    38.6314    29.0493     3.3979    147.467 0.0000e+00
    260.364    494.479    13.7952   4.570541     2.2925     0.1963  1.8220899  13.780693    13.7566    38.6314    29.0494     3.3949    147.336 0.0000e+00
    260.710    495.479    13.7951   4.570553     2.2918     0.2075  1.8223443  13.779326    13.7565    38.6314    29.0494     3.3940    147.298 0.0000e+00
    261.061    496.479    13.7953   4.570584     2.2913     0.2153  1.8220390  13.782060    13.7566    38.6314    29.0494     3.3935    147.275 0.0000e+00
    261.788    497.479    13.7954   4.570633     2.2910     0.1973  1.8229548  13.780009    13.7566    38.6314    29.0494     3.3951    147.345 0.0000e+00
    262.400    498.479    13.7954   4.570669     2.2917     0.2050  1.8224969  13.779326    13.7565    38.6316    29.0495     3.3970    147.428 0.0000e+00
    262.741    499.479    13.7954   4.570682     2.2911     0.2074  1.8230565  13.780693    13.7565    38.6315    29.0495     3.3930    147.255 0.0000e+00
    263.193    500.479    13.7956   4.570729     2.2905     0.2143  1.8230566  13.784110    13.7565    38.6316    29.0495     3.3912    147.175 0.0000e+00
    263.815    501.479    13.7956   4.570773     2.2894     0.2089  1.8232092  13.780693    13.7565    38.6317    29.0496     3.3885    147.058 0.0000e+00
    264.342    502.479    13.7955   4.570801     2.2885     0.1958  1.8231074  13.779326    13.7563    38.6318    29.0497     3.3883    147.051 0.0000e+00
    264.723    503.479    13.7954   4.570834     2.2879     0.1962  1.8232092  13.779326    13.7562    38.6320    29.0500     3.3875    147.017 0.0000e+00
    265.415    504.479    13.7952   4.571014     2.2878     0.2094  1.8234636  13.779326    13.7559    38.6336    29.0513     3.3891    147.083 0.0000e+00
    266.084    505.479    13.7946   4.571064     2.2873     0.2176  1.8232601  13.779326    13.7552    38.6344    29.0520     3.3873    147.006 0.0000e+00
    266.234    506.479    13.7947   4.571056     2.2872     0.1955  1.8237179  13.779326    13.7553    38.6342    29.0518     3.3883    147.048 0.0000e+00
    266.569    507.479    13.7946   4.571079     2.2871     0.1919  1.8235653  13.782060    13.7551    38.6344    29.0520     3.3874    147.013 0.0000e+00
    267.373    508.479    13.7934   4.571067     2.2867     0.1874  1.8237688  13.779326    13.7538    38.6351    29.0528     3.3871    146.997 0.0000e+00
    268.206    509.479    13.7925   4.571056     2.2865     0.1913  1.8239214  13.778643    13.7527    38.6355    29.0534     3.3865    146.969 0.0000e+00
    268.442    510.479    13.7925   4.571066     2.2859     0.1928  1.8239214  13.779326    13.7527    38.6355    29.0534     3.3842    146.870 0.0000e+00
    268.459    511.479    13.7932   4.571100     2.2848     0.2030  1.8241249  13.779326    13.7534    38.6351    29.0529     3.3814    146.751 0.0000e+00
    269.180    512.479    13.7923   4.571099     2.2842     0.2121  1.8241758  13.779326    13.7525    38.6356    29.0536     3.3814    146.749 0.0000e+00
    270.124    513.479    13.7910   4.571050     2.2836     0.1944  1.8247354  13.776592    13.7510    38.6360    29.0542     3.3823    146.790 0.0000e+00
    270.336    514.479    13.7914   4.571084     2.2838     0.1897  1.8247354  13.778643    13.7513    38.6359    29.0541     3.3838    146.855 0.0000e+00
    270.444    515.479    13.7925   4.571171     2.2839     0.1940  1.8246337  13.778643    13.7524    38.6356    29.0535     3.3828    146.810 0.0000e+00
