Boussole/Data/SBEMOOSE/Work/cnv/bous233_01.cnv
* Sea-Bird SBE 9 Data File:
* FileName = C:\boussole\202108\bous233_01.hdr
* Software Version Seasave V 7.23.2
* Temperature SN = 1378
* Conductivity SN = 2929
* Number of Bytes Per Scan = 34
* Number of Voltage Words = 3
* Number of Scans Averaged by the Deck Unit = 1
* NMEA Latitude = 43 22.07 N
* NMEA Longitude = 007 53.85 E
* NMEA UTC (Time) = Aug 18 2021  06:29:59
* NMEA baud rate = 4800
** Campagne = BOUSSOLE 233
** Navire = Tethys II
** Station = BOUS233_01
** Date = 18/08/2021
** Heure debut [TU] = 06:30
** Heure fin [TU] = 07:59
** Heure locale / TU = +2
** Latitude = 43 22.082 N
** Longitude = 007 53.846 E
** Heure meteo [TU] = 06:18
** T air sec [deg C] = 24
** T mer [deg C] = 24.178
** Vent [noeuds, degres] = 3.5, 170
** Pression atm [hpa] = 1011.3
** Humidite [%] = 73
** Nebulosite [octas] = 0
** Etat de la mer [code S] = 3
# nquan = 14
# nvalues = 5376                        
# units = specified
# name 0 = prDM: Pressure, Digiquartz [db]
# name 1 = timeS: Time, Elapsed [seconds]
# name 2 = t090C: Temperature [ITS-90, deg C]
# name 3 = c0S/m: Conductivity [S/m]
# name 4 = sbeox0V: Oxygen raw, SBE 43 [V]
# name 5 = flC: Fluorescence, Chelsea Aqua 3 Chl Con [ug/l]
# name 6 = upoly0: Upoly 0, RINKOIII_DO
# name 7 = upoly1: Upoly 1, RINKOIII_Temp
# name 8 = potemp090C: Potential Temperature [ITS-90, deg C]
# name 9 = sal00: Salinity, Practical [PSU]
# name 10 = sigma-é00: Density [sigma-theta, kg/m^3]
# name 11 = sbeox0ML/L: Oxygen, SBE 43 [ml/l], WS = 2
# name 12 = sbox0Mm/Kg: Oxygen, SBE 43 [umol/kg], WS = 2
# name 13 = flag: flag
# span 0 =      0.107,    404.416       
# span 1 =      0.479,   5375.354       
# span 2 =    13.6152,    24.3118       
# span 3 =   0.279793,   5.688317       
# span 4 =     2.4226,     4.1156       
# span 5 =    -0.1967,     1.3590       
# span 6 =  1.2854090,  1.8055556       
# span 7 =  13.598836,  24.287426       
# span 8 =    13.6006,    24.3116       
# span 9 =     1.4780,    38.6641       
# span 10 =    -1.6052,    29.0855      
# span 11 =     3.6893,     6.5793      
# span 12 =    160.111,    285.729      
# span 13 = 0.0000e+00, 0.0000e+00      
# interval = seconds: 1                 
# start_time = Aug 18 2021 06:29:59 [NMEA time, header]
# bad_flag = -9.990e-29
*END*
[from data line 4026]
     19.913   4026.479    14.9487   4.657539     3.7266     0.2765  1.4132580  14.927882    14.9456    38.4038    28.6114     5.9814    259.698 0.0000e+00
     19.817   4027.479    14.9494   4.657622     3.7276     0.2902  1.4135124  14.929244    14.9463    38.4039    28.6113     5.9901    260.078 0.0000e+00
     19.921   4028.479    14.9485   4.657530     3.7293     0.2920  1.4131563  14.929244    14.9454    38.4039    28.6115     5.9947    260.275 0.0000e+00
     19.959   4029.479    14.9479   4.657506     3.7320     0.2843  1.4131054  14.926521    14.9448    38.4043    28.6119     5.9937    260.232 0.0000e+00
     19.977   4030.479    14.9485   4.657527     3.7278     0.2868  1.4130545  14.926521    14.9454    38.4038    28.6114     5.9707    259.235 0.0000e+00
     20.057   4031.479    14.9480   4.657478     3.7242     0.2796  1.4133598  14.925159    14.9449    38.4038    28.6116     5.9828    259.761 0.0000e+00
     20.199   4032.479    14.9429   4.656968     3.7291     0.2824  1.4131563  14.925159    14.9398    38.4041    28.6129     6.0018    260.584 0.0000e+00
     20.235   4033.479    14.9432   4.657012     3.7320     0.2781  1.4134107  14.926521    14.9401    38.4042    28.6130     5.9955    260.309 0.0000e+00
     19.916   4034.479    14.9475   4.657437     3.7293     0.2818  1.4133089  14.928563    14.9445    38.4040    28.6118     5.9837    259.801 0.0000e+00
     19.454   4035.479    14.9522   4.657839     3.7301     0.2812  1.4131054  14.933329    14.9492    38.4033    28.6102     5.9957    260.321 0.0000e+00
     19.432   4036.479    14.9518   4.657814     3.7323     0.2892  1.4134107  14.932648    14.9488    38.4035    28.6104     6.0040    260.679 0.0000e+00
     20.134   4037.479    14.9450   4.657197     3.7367     0.3001  1.4132072  14.929925    14.9419    38.4042    28.6125     6.0130    261.071 0.0000e+00
     20.688   4038.479    14.9244   4.655265     3.7389     0.3024  1.4131563  14.927882    14.9212    38.4064    28.6189     6.0148    261.148 0.0000e+00
     20.318   4039.479    14.9436   4.657061     3.7382     0.2982  1.4133089  14.931967    14.9405    38.4042    28.6128     5.9997    260.493 0.0000e+00
     19.692   4040.479    14.9620   4.658838     3.7359     0.2875  1.4127493  14.941498    14.9590    38.4028    28.6076     5.9965    260.354 0.0000e+00
     19.634   4041.479    14.9580   4.658429     3.7349     0.2785  1.4128510  14.942860    14.9550    38.4030    28.6087     5.9951    260.293 0.0000e+00
     19.996   4042.479    14.9444   4.657157     3.7336     0.2672  1.4132072  14.938094    14.9413    38.4044    28.6128     5.9947    260.278 0.0000e+00
     20.016   4043.479    14.9461   4.657301     3.7330     0.2682  1.4133089  14.934690    14.9430    38.4041    28.6122     5.9933    260.214 0.0000e+00
     19.815   4044.479    14.9486   4.657518     3.7316     0.2658  1.4129528  14.934009    14.9455    38.4037    28.6113     5.9898    260.063 0.0000e+00
     19.891   4045.479    14.9490   4.657582     3.7316     0.2710  1.4132580  14.934690    14.9459    38.4039    28.6114     5.9950    260.289 0.0000e+00
     20.104   4046.479    14.9468   4.657376     3.7311     0.2710  1.4128510  14.928563    14.9437    38.4040    28.6120     5.9851    259.859 0.0000e+00
     20.100   4047.479    14.9466   4.657358     3.7279     0.2651  1.4134615  14.929925    14.9435    38.4041    28.6121     5.9850    259.854 0.0000e+00
     20.014   4048.479    14.9459   4.657282     3.7306     0.2770  1.4131563  14.928563    14.9428    38.4041    28.6123     5.9990    260.463 0.0000e+00
     20.072   4049.479    14.9450   4.657206     3.7310     0.2849  1.4131563  14.928563    14.9419    38.4043    28.6126     5.9951    260.293 0.0000e+00
     20.068   4050.479    14.9456   4.657257     3.7336     0.2743  1.4132580  14.931286    14.9425    38.4042    28.6124     6.0018    260.583 0.0000e+00
     19.792   4051.479    14.9490   4.657585     3.7326     0.2741  1.4129528  14.934009    14.9459    38.4040    28.6114     5.9962    260.341 0.0000e+00
     19.741   4052.479    14.9493   4.657587     3.7359     0.2790  1.4131563  14.934009    14.9462    38.4037    28.6112     6.0151    261.162 0.0000e+00
     20.093   4053.479    14.9454   4.657247     3.7403     0.2733  1.4132071  14.931286    14.9423    38.4042    28.6125     6.0160    261.201 0.0000e+00
     20.137   4054.479    14.9456   4.657268     3.7395     0.2867  1.4131054  14.931967    14.9425    38.4042    28.6124     6.0080    260.854 0.0000e+00
     19.905   4055.479    14.9483   4.657518     3.7401     0.2876  1.4128002  14.935371    14.9452    38.4040    28.6116     6.0055    260.745 0.0000e+00
     19.919   4056.479    14.9487   4.657560     3.7350     0.2832  1.4131054  14.938094    14.9456    38.4040    28.6115     5.9776    259.533 0.0000e+00
     20.040   4057.479    14.9487   4.657568     3.7279     0.2689  1.4130545  14.935371    14.9456    38.4040    28.6115     5.9808    259.674 0.0000e+00
     19.946   4058.479    14.9487   4.657557     3.7309     0.2725  1.4129019  14.931967    14.9456    38.4039    28.6114     5.9999    260.501 0.0000e+00
     19.905   4059.479    14.9491   4.657586     3.7308     0.2817  1.4131054  14.935371    14.9460    38.4038    28.6113     5.9752    259.431 0.0000e+00
     20.121   4060.479    14.9484   4.657537     3.7222     0.2823  1.4132071  14.931967    14.9453    38.4040    28.6116     5.9661    259.034 0.0000e+00
     20.189   4061.479    14.9481   4.657520     3.7251     0.2748  1.4132072  14.929925    14.9450    38.4041    28.6118     5.9934    260.221 0.0000e+00
     20.016   4062.479    14.9484   4.657522     3.7294     0.2638  1.4133089  14.934690    14.9453    38.4039    28.6115     6.0009    260.547 0.0000e+00
     19.841   4063.479    14.9489   4.657559     3.7331     0.2768  1.4131563  14.936052    14.9458    38.4037    28.6113     6.0025    260.615 0.0000e+00
     19.753   4064.479    14.9481   4.657509     3.7332     0.2718  1.4130037  14.936052    14.9450    38.4041    28.6118     5.9957    260.320 0.0000e+00
     19.779   4065.479    14.9477   4.657461     3.7335     0.2689  1.4129019  14.938094    14.9446    38.4041    28.6118     5.9943    260.260 0.0000e+00
     19.944   4066.479    14.9480   4.657487     3.7306     0.2724  1.4129528  14.931286    14.9449    38.4040    28.6117     5.9819    259.721 0.0000e+00
     20.306   4067.479    14.9451   4.657200     3.7288     0.2766  1.4132580  14.931967    14.9419    38.4040    28.6124     5.9935    260.223 0.0000e+00
     20.328   4068.479    14.9426   4.656981     3.7322     0.2870  1.4131563  14.931286    14.9395    38.4044    28.6133     5.9970    260.377 0.0000e+00
     19.924   4069.479    14.9476   4.657438     3.7296     0.2855  1.4131054  14.932648    14.9445    38.4039    28.6117     5.9766    259.489 0.0000e+00
     19.764   4070.479    14.9486   4.657522     3.7255     0.2779  1.4130036  14.936732    14.9455    38.4038    28.6114     5.9839    259.807 0.0000e+00
     20.043   4071.479    14.9459   4.657272     3.7300     0.2887  1.4132580  14.933329    14.9428    38.4040    28.6122     5.9990    260.462 0.0000e+00
     20.225   4072.479    14.9448   4.657178     3.7304     0.2880  1.4129528  14.931967    14.9417    38.4042    28.6126     5.9883    259.997 0.0000e+00
     19.815   4073.479    14.9478   4.657427     3.7293     0.2931  1.4131054  14.933329    14.9448    38.4036    28.6115     5.9920    260.161 0.0000e+00
     19.292   4074.479    14.9519   4.657819     3.7310     0.2799  1.4130545  14.938094    14.9489    38.4035    28.6104     5.9895    260.049 0.0000e+00
     19.521   4075.479    14.9498   4.657646     3.7285     0.2724  1.4130036  14.938775    14.9467    38.4039    28.6112     5.9795    259.615 0.0000e+00
     20.384   4076.479    14.9453   4.657248     3.7266     0.2634  1.4131054  14.930605    14.9422    38.4042    28.6125     5.9786    259.576 0.0000e+00
     20.632   4077.479    14.9454   4.657269     3.7244     0.2757  1.4131054  14.928563    14.9422    38.4042    28.6125     5.9783    259.564 0.0000e+00
     20.201   4078.479    14.9471   4.657395     3.7255     0.2808  1.4128510  14.938775    14.9440    38.4039    28.6118     5.9783    259.565 0.0000e+00
     19.925   4079.479    14.9490   4.657577     3.7224     0.2704  1.4126984  14.940136    14.9459    38.4039    28.6114     5.9777    259.538 0.0000e+00
     19.967   4080.479    14.9476   4.657458     3.7273     0.2634  1.4130036  14.940136    14.9445    38.4041    28.6119     6.0004    260.522 0.0000e+00
     19.776   4081.479    14.9544   4.658089     3.7321     0.2629  1.4129019  14.942860    14.9514    38.4033    28.6097     6.0035    260.660 0.0000e+00
     19.480   4082.479    14.9608   4.658664     3.7323     0.2700  1.4124440  14.955114    14.9578    38.4024    28.6076     5.9827    259.758 0.0000e+00
     19.621   4083.479    14.9546   4.658131     3.7286     0.2649  1.4127493  14.946264    14.9515    38.4036    28.6099     5.9867    259.929 0.0000e+00
     20.125   4084.479    14.9492   4.657619     3.7304     0.2741  1.4128510  14.941498    14.9461    38.4039    28.6114     5.9975    260.398 0.0000e+00
     20.443   4085.479    14.9438   4.657134     3.7342     0.2743  1.4127493  14.937413    14.9406    38.4046    28.6131     6.0104    260.956 0.0000e+00
     20.337   4086.479    14.9483   4.657515     3.7358     0.2651  1.4128510  14.936732    14.9451    38.4038    28.6115     5.9985    260.443 0.0000e+00
     20.010   4087.479    14.9485   4.657548     3.7336     0.2669  1.4129019  14.941498    14.9454    38.4040    28.6116     5.9962    260.341 0.0000e+00
     19.783   4088.479    14.9495   4.657621     3.7339     0.2717  1.4129019  14.944902    14.9464    38.4038    28.6112     5.9941    260.249 0.0000e+00
     19.749   4089.479    14.9490   4.657574     3.7320     0.2721  1.4128510  14.940817    14.9459    38.4039    28.6114     5.9839    259.809 0.0000e+00
     19.835   4090.479    14.9484   4.657511     3.7268     0.2687  1.4126475  14.941498    14.9453    38.4038    28.6115     5.9705    259.226 0.0000e+00
     19.994   4091.479    14.9478   4.657479     3.7247     0.2676  1.4129528  14.940817    14.9447    38.4040    28.6118     5.9881    259.991 0.0000e+00
     20.122   4092.479    14.9463   4.657326     3.7314     0.2758  1.4129528  14.941498    14.9432    38.4040    28.6121     6.0091    260.901 0.0000e+00
     20.124   4093.479    14.9475   4.657470     3.7330     0.2810  1.4128510  14.942179    14.9444    38.4043    28.6120     5.9869    259.938 0.0000e+00
     20.071   4094.479    14.9467   4.657372     3.7278     0.2836  1.4127493  14.940817    14.9436    38.4041    28.6121     5.9817    259.713 0.0000e+00
     19.903   4095.479    14.9474   4.657425     3.7291     0.2787  1.4129528  14.940817    14.9443    38.4040    28.6119     5.9942    260.257 0.0000e+00
     19.793   4096.479    14.9486   4.657526     3.7320     0.2760  1.4131054  14.939456    14.9455    38.4038    28.6114     6.0033    260.651 0.0000e+00
     19.875   4097.479    14.9485   4.657534     3.7349     0.2798  1.4130037  14.936732    14.9454    38.4039    28.6115     6.0047    260.712 0.0000e+00
     20.026   4098.479    14.9472   4.657406     3.7345     0.2786  1.4130545  14.938775    14.9441    38.4039    28.6118     5.9930    260.202 0.0000e+00
     20.148   4099.479    14.9463   4.657334     3.7326     0.2799  1.4130036  14.940136    14.9432    38.4042    28.6122     5.9967    260.364 0.0000e+00
     20.036   4100.479    14.9477   4.657462     3.7338     0.2911  1.4130545  14.937413    14.9446    38.4040    28.6117     5.9952    260.298 0.0000e+00
     19.861   4101.479    14.9484   4.657531     3.7312     0.2896  1.4128510  14.939456    14.9453    38.4040    28.6116     5.9883    259.998 0.0000e+00
     20.053   4102.479    14.9473   4.657428     3.7320     0.2941  1.4129019  14.938775    14.9442    38.4041    28.6119     6.0045    260.702 0.0000e+00
     20.299   4103.479    14.9455   4.657274     3.7370     0.2937  1.4130545  14.935371    14.9424    38.4043    28.6125     6.0120    261.029 0.0000e+00
     20.060   4104.479    14.9473   4.657416     3.7366     0.2966  1.4132580  14.937413    14.9442    38.4040    28.6118     5.9986    260.445 0.0000e+00
     19.611   4105.479    14.9503   4.657690     3.7344     0.2989  1.4124949  14.940817    14.9473    38.4037    28.6109     5.9941    260.253 0.0000e+00
     19.454   4106.479    14.9513   4.657768     3.7342     0.2917  1.4130037  14.942179    14.9483    38.4036    28.6106     6.0020    260.595 0.0000e+00
     19.743   4107.479    14.9485   4.657532     3.7370     0.2872  1.4128001  14.938094    14.9454    38.4040    28.6116     6.0047    260.712 0.0000e+00
     20.284   4108.479    14.9447   4.657190     3.7343     0.2918  1.4129019  14.938094    14.9416    38.4043    28.6127     5.9916    260.144 0.0000e+00
     20.529   4109.479    14.9440   4.657142     3.7330     0.2920  1.4130545  14.933329    14.9408    38.4044    28.6130     6.0005    260.529 0.0000e+00
     20.279   4110.479    14.9467   4.657358     3.7364     0.2808  1.4130545  14.936052    14.9435    38.4039    28.6120     6.0065    260.787 0.0000e+00
     19.823   4111.479    14.9490   4.657582     3.7336     0.2743  1.4130545  14.940817    14.9459    38.4039    28.6114     5.9807    259.669 0.0000e+00
     19.726   4112.479    14.9503   4.657678     3.7285     0.2767  1.4131563  14.939456    14.9472    38.4036    28.6109     5.9878    259.975 0.0000e+00
     19.966   4113.479    14.9465   4.657358     3.7327     0.2771  1.4129019  14.938775    14.9434    38.4043    28.6122     6.0036    260.664 0.0000e+00
     19.832   4114.479    14.9479   4.657472     3.7331     0.2885  1.4128510  14.940817    14.9448    38.4040    28.6117     5.9888    260.021 0.0000e+00
     19.571   4115.479    14.9499   4.657652     3.7284     0.2953  1.4130037  14.940817    14.9469    38.4038    28.6111     5.9807    259.669 0.0000e+00
     19.859   4116.479    14.9487   4.657561     3.7300     0.3045  1.4129528  14.942179    14.9457    38.4040    28.6115     6.0006    260.532 0.0000e+00
     20.357   4117.479    14.9445   4.657166     3.7350     0.2996  1.4126475  14.939456    14.9414    38.4043    28.6127     6.0171    261.247 0.0000e+00
     20.366   4118.479    14.9454   4.657268     3.7396     0.2905  1.4130545  14.938094    14.9422    38.4044    28.6126     6.0134    261.089 0.0000e+00
     20.103   4119.479    14.9487   4.657572     3.7377     0.2817  1.4128510  14.938775    14.9456    38.4039    28.6115     5.9939    260.242 0.0000e+00
     19.967   4120.479    14.9475   4.657470     3.7332     0.2834  1.4129528  14.941498    14.9444    38.4043    28.6120     5.9878    259.979 0.0000e+00
     19.942   4121.479    14.9476   4.657442     3.7314     0.2852  1.4130037  14.941498    14.9444    38.4040    28.6118     5.9796    259.620 0.0000e+00
     19.784   4122.479    14.9488   4.657558     3.7243     0.2871  1.4125967  14.940817    14.9457    38.4039    28.6115     5.9684    259.134 0.0000e+00
     19.650   4123.479    14.9498   4.657650     3.7249     0.2810  1.4128002  14.942179    14.9468    38.4038    28.6111     5.9855    259.875 0.0000e+00
     19.793   4124.479    14.9486   4.657539     3.7277     0.2799  1.4126475  14.940817    14.9455    38.4039    28.6115     5.9967    260.361 0.0000e+00
     20.079   4125.479    14.9470   4.657411     3.7322     0.2808  1.4125967  14.940817    14.9439    38.4042    28.6121     6.0053    260.737 0.0000e+00
     20.273   4126.479    14.9463   4.657328     3.7338     0.2965  1.4130545  14.940817    14.9432    38.4041    28.6122     6.0014    260.569 0.0000e+00
     20.285   4127.479    14.9447   4.657176     3.7356     0.2976  1.4131054  14.941498    14.9416    38.4042    28.6126     6.0040    260.678 0.0000e+00
     20.138   4128.479    14.9456   4.657267     3.7341     0.2895  1.4129019  14.938775    14.9425    38.4042    28.6124     5.9915    260.137 0.0000e+00
