Boussole/Data/SBEMOOSE/Work/cnv/bous227_03.cnv
* Sea-Bird SBE 9 Data File:
* FileName = C:\boussole\202102\bous227_03.hdr
* Software Version Seasave V 7.23.2
* Temperature SN = 2473
* Conductivity SN = 2929
* Number of Bytes Per Scan = 37
* Number of Voltage Words = 4
* Number of Scans Averaged by the Deck Unit = 1
* NMEA Latitude = 43 22.04 N
* NMEA Longitude = 007 54.17 E
* NMEA UTC (Time) = Feb 18 2021  12:07:25
* NMEA baud rate = 4800
** Campagne = BOUSSOLE 227
** Navire = Tethys II
** Station = BOUS227_03
** Date = 18/02/2021
** Heure debut [TU] = 12:08
** Heure fin [TU] = 12:49
** Heure locale / TU = +0
** Latitude = 43 22.051 N
** Longitude = 007 54.181 E
** Heure meteo [TU] = 12:10
** T air sec [deg C] = 13.3
** T mer [deg C] = 13.64
** Vent [noeuds, degres] = 11.3, 220
** Pression atm [hpa] = 1022.5
** Humidite [%] = 77
** Nebulosite [octas] = 8
** Etat de la mer [code S] = 3
# nquan = 14
# nvalues = 2175                        
# units = specified
# name 0 = prDM: Pressure, Digiquartz [db]
# name 1 = timeS: Time, Elapsed [seconds]
# name 2 = t090C: Temperature [ITS-90, deg C]
# name 3 = c0S/m: Conductivity [S/m]
# name 4 = sbeox0V: Oxygen raw, SBE 43 [V]
# name 5 = flC: Fluorescence, Chelsea Aqua 3 Chl Con [ug/l]
# name 6 = upoly0: Upoly 0, RINKOIII_DO
# name 7 = upoly1: Upoly 1, RINKOIII_Temp
# name 8 = potemp090C: Potential Temperature [ITS-90, deg C]
# name 9 = sal00: Salinity, Practical [PSU]
# name 10 = sigma-é00: Density [sigma-theta, kg/m^3]
# name 11 = sbeox0ML/L: Oxygen, SBE 43 [ml/l], WS = 2
# name 12 = sbox0Mm/Kg: Oxygen, SBE 43 [umol/kg], WS = 2
# name 13 = flag: flag
# span 0 =      0.158,    404.750       
# span 1 =      0.479,   2174.229       
# span 2 =    13.1812,    13.9963       
# span 3 =   0.675502,   4.584242       
# span 4 =     2.2367,     3.0174       
# span 5 =    -0.2893,     0.8743       
# span 6 =  1.5549451,  1.8417277       
# span 7 =  13.324413,  13.961053       
# span 8 =    13.1812,    13.9737       
# span 9 =     4.8676,    38.6389       
# span 10 =     3.0882,    29.0846      
# span 11 =     3.3403,     4.8133      
# span 12 =    144.964,    208.941      
# span 13 = 0.0000e+00, 0.0000e+00      
# interval = seconds: 1                 
# start_time = Feb 18 2021 12:07:25 [NMEA time, header]
# bad_flag = -9.990e-29
*END*
[from data line 1755]
     61.053   1755.479    13.5239   4.504447     2.7723     0.3478  1.6408730  13.543431    13.5151    38.3652    28.8946     4.3423    188.482 0.0000e+00
     60.422   1756.479    13.5219   4.504396     2.7758     0.3509  1.6382275  13.551640    13.5131    38.3671    28.8965     4.3477    188.715 0.0000e+00
     60.056   1757.479    13.5209   4.504229     2.7789     0.3601  1.6362942  13.540011    13.5122    38.3666    28.8964     4.3499    188.813 0.0000e+00
     60.018   1758.479    13.5206   4.504197     2.7804     0.3642  1.6353785  13.525645    13.5119    38.3666    28.8964     4.3494    188.791 0.0000e+00
     60.062   1759.479    13.5239   4.504588     2.7812     0.3767  1.6334961  13.517435    13.5152    38.3670    28.8961     4.3504    188.834 0.0000e+00
     60.023   1760.479    13.5199   4.504082     2.7825     0.3747  1.6319190  13.517435    13.5112    38.3662    28.8963     4.3549    189.029 0.0000e+00
     59.882   1761.479    13.5203   4.504200     2.7836     0.3743  1.6308506  13.514014    13.5116    38.3670    28.8968     4.3535    188.966 0.0000e+00
     59.844   1762.479    13.5197   4.504091     2.7834     0.3663  1.6307488  13.514014    13.5110    38.3666    28.8966     4.3532    188.953 0.0000e+00
     60.056   1763.479    13.5202   4.504151     2.7841     0.3715  1.6301892  13.504435    13.5115    38.3666    28.8965     4.3552    189.040 0.0000e+00
     60.305   1764.479    13.5201   4.504159     2.7844     0.3786  1.6294770  13.505119    13.5114    38.3666    28.8966     4.3560    189.075 0.0000e+00
     60.097   1765.479    13.5205   4.504242     2.7844     0.3667  1.6292226  13.513330    13.5118    38.3671    28.8969     4.3516    188.885 0.0000e+00
     59.701   1766.479    13.5261   4.504977     2.7833     0.3603  1.6289682  13.516751    13.5174    38.3687    28.8969     4.3487    188.759 0.0000e+00
     59.765   1767.479    13.5266   4.504945     2.7824     0.3595  1.6293752  13.515383    13.5179    38.3679    28.8962     4.3495    188.795 0.0000e+00
     60.312   1768.479    13.5215   4.504349     2.7835     0.3665  1.6292735  13.510593    13.5127    38.3670    28.8966     4.3551    189.036 0.0000e+00
     60.362   1769.479    13.5197   4.504122     2.7836     0.3755  1.6294261  13.511277    13.5110    38.3666    28.8966     4.3526    188.928 0.0000e+00
     59.837   1770.479    13.5278   4.505240     2.7839     0.3752  1.6294261  13.517435    13.5191    38.3694    28.8971     4.3518    188.894 0.0000e+00
     59.675   1771.479    13.5291   4.505272     2.7825     0.3688  1.6297313  13.518119    13.5205    38.3684    28.8960     4.3461    188.644 0.0000e+00
     60.218   1772.479    13.5214   4.504341     2.7825     0.3803  1.6300875  13.511277    13.5126    38.3671    28.8967     4.3518    188.892 0.0000e+00
     60.339   1773.479    13.5218   4.504420     2.7828     0.3835  1.6300875  13.513330    13.5131    38.3674    28.8968     4.3501    188.817 0.0000e+00
     59.909   1774.479    13.5278   4.505193     2.7823     0.3827  1.6301383  13.516751    13.5191    38.3690    28.8967     4.3505    188.835 0.0000e+00
     59.796   1775.479    13.5297   4.505381     2.7835     0.3815  1.6305962  13.516751    13.5210    38.3689    28.8963     4.3545    189.011 0.0000e+00
     60.179   1776.479    13.5232   4.504573     2.7836     0.3750  1.6303927  13.515383    13.5145    38.3675    28.8966     4.3497    188.803 0.0000e+00
     60.282   1777.479    13.5231   4.504583     2.7821     0.3763  1.6303927  13.516067    13.5144    38.3677    28.8967     4.3462    188.648 0.0000e+00
     59.951   1778.479    13.5261   4.505005     2.7817     0.3624  1.6299857  13.516751    13.5174    38.3688    28.8970     4.3483    188.740 0.0000e+00
     59.895   1779.479    13.5276   4.505131     2.7820     0.3673  1.6302401  13.516751    13.5189    38.3686    28.8965     4.3484    188.747 0.0000e+00
     60.178   1780.479    13.5230   4.504556     2.7818     0.3674  1.6304945  13.515383    13.5143    38.3676    28.8967     4.3497    188.799 0.0000e+00
     60.213   1781.479    13.5227   4.504531     2.7825     0.3729  1.6306980  13.514014    13.5140    38.3676    28.8968     4.3528    188.935 0.0000e+00
     60.020   1782.479    13.5226   4.504517     2.7832     0.3782  1.6302401  13.517435    13.5139    38.3677    28.8969     4.3530    188.944 0.0000e+00
     60.062   1783.479    13.5241   4.504693     2.7835     0.3764  1.6303418  13.516067    13.5154    38.3678    28.8967     4.3542    188.996 0.0000e+00
     60.173   1784.479    13.5237   4.504644     2.7843     0.3706  1.6304945  13.514014    13.5150    38.3677    28.8966     4.3544    189.007 0.0000e+00
     60.089   1785.479    13.5219   4.504423     2.7837     0.3758  1.6304436  13.511962    13.5132    38.3674    28.8968     4.3498    188.806 0.0000e+00
     60.131   1786.479    13.5226   4.504522     2.7826     0.3735  1.6302910  13.505119    13.5139    38.3676    28.8968     4.3472    188.692 0.0000e+00
     60.291   1787.479    13.5226   4.504516     2.7818     0.3633  1.6301892  13.511277    13.5140    38.3675    28.8967     4.3461    188.644 0.0000e+00
     60.170   1788.479    13.5213   4.504351     2.7809     0.3646  1.6301383  13.512646    13.5126    38.3673    28.8968     4.3487    188.756 0.0000e+00
     60.025   1789.479    13.5212   4.504310     2.7827     0.3753  1.6298331  13.516751    13.5125    38.3671    28.8967     4.3565    189.097 0.0000e+00
     60.072   1790.479    13.5186   4.504001     2.7841     0.3821  1.6296296  13.508541    13.5099    38.3667    28.8969     4.3572    189.126 0.0000e+00
     60.352   1791.479    13.5200   4.504180     2.7850     0.3879  1.6299348  13.503751    13.5112    38.3669    28.8968     4.3573    189.133 0.0000e+00
     60.483   1792.479    13.5180   4.503931     2.7851     0.3738  1.6293243  13.501014    13.5093    38.3664    28.8969     4.3539    188.983 0.0000e+00
     59.990   1793.479    13.5185   4.503970     2.7835     0.3672  1.6293752  13.503067    13.5098    38.3666    28.8968     4.3487    188.757 0.0000e+00
     59.700   1794.479    13.5203   4.504199     2.7827     0.3787  1.6290191  13.502383    13.5117    38.3671    28.8968     4.3510    188.859 0.0000e+00
     60.291   1795.479    13.5189   4.504042     2.7838     0.3858  1.6289173  13.501014    13.5102    38.3667    28.8969     4.3566    189.099 0.0000e+00
     60.496   1796.479    13.5196   4.504152     2.7842     0.3921  1.6292735  13.501698    13.5108    38.3670    28.8970     4.3524    188.918 0.0000e+00
     59.759   1797.479    13.5239   4.504738     2.7828     0.3904  1.6292226  13.505804    13.5152    38.3686    28.8973     4.3484    188.746 0.0000e+00
     59.085   1798.479    13.5354   4.506132     2.7829     0.3776  1.6294261  13.511962    13.5268    38.3706    28.8964     4.3496    188.797 0.0000e+00
     58.864   1799.479    13.5323   4.505653     2.7829     0.3668  1.6298840  13.510593    13.5238    38.3693    28.8960     4.3481    188.732 0.0000e+00
     58.703   1800.479    13.5344   4.506046     2.7818     0.3749  1.6298331  13.511962    13.5259    38.3710    28.8968     4.3417    188.455 0.0000e+00
     58.346   1801.479    13.5395   4.506628     2.7800     0.3696  1.6297313  13.514698    13.5310    38.3716    28.8963     4.3370    188.251 0.0000e+00
     57.565   1802.479    13.5409   4.506779     2.7784     0.3654  1.6301892  13.514698    13.5326    38.3719    28.8962     4.3367    188.238 0.0000e+00
     56.891   1803.479    13.5414   4.506795     2.7787     0.3600  1.6303927  13.517435    13.5332    38.3719    28.8960     4.3398    188.374 0.0000e+00
     56.684   1804.479    13.5402   4.506629     2.7788     0.3690  1.6306471  13.518119    13.5320    38.3716    28.8960     4.3384    188.311 0.0000e+00
     56.302   1805.479    13.5405   4.506629     2.7786     0.3856  1.6312067  13.519488    13.5323    38.3716    28.8960     4.3380    188.295 0.0000e+00
     55.462   1806.479    13.5399   4.506474     2.7785     0.3813  1.6312576  13.520172    13.5319    38.3710    28.8956     4.3371    188.254 0.0000e+00
     54.899   1807.479    13.5388   4.506306     2.7780     0.3745  1.6313085  13.518803    13.5308    38.3708    28.8956     4.3332    188.086 0.0000e+00
     54.643   1808.479    13.5392   4.506357     2.7765     0.3711  1.6311558  13.518803    13.5313    38.3710    28.8957     4.3291    187.906 0.0000e+00
     54.183   1809.479    13.5445   4.507049     2.7752     0.3689  1.6317155  13.518803    13.5366    38.3725    28.8958     4.3259    187.768 0.0000e+00
     53.510   1810.479    13.5462   4.507226     2.7744     0.3743  1.6315120  13.521540    13.5385    38.3727    28.8955     4.3266    187.799 0.0000e+00
     52.987   1811.479    13.5477   4.507393     2.7738     0.3802  1.6319698  13.522224    13.5400    38.3731    28.8955     4.3218    187.590 0.0000e+00
     52.610   1812.479    13.5525   4.508112     2.7721     0.3726  1.6317664  13.522224    13.5448    38.3753    28.8962     4.3170    187.385 0.0000e+00
     51.998   1813.479    13.5630   4.509390     2.7709     0.3659  1.6319698  13.529065    13.5555    38.3772    28.8954     4.3154    187.313 0.0000e+00
     51.487   1814.479    13.5671   4.509931     2.7705     0.3653  1.6316646  13.527697    13.5596    38.3785    28.8955     4.3145    187.276 0.0000e+00
     51.217   1815.479    13.5706   4.510386     2.7692     0.3812  1.6318172  13.533170    13.5632    38.3794    28.8955     4.3067    186.937 0.0000e+00
     50.572   1816.479    13.5839   4.512194     2.7666     0.3950  1.6323260  13.537275    13.5766    38.3836    28.8958     4.2985    186.580 0.0000e+00
     49.808   1817.479    13.5927   4.513226     2.7644     0.3885  1.6326312  13.540011    13.5855    38.3849    28.8950     4.2965    186.495 0.0000e+00
     49.474   1818.479    13.5912   4.512966     2.7643     0.3953  1.6332417  13.546168    13.5840    38.3841    28.8946     4.3002    186.652 0.0000e+00
     49.597   1819.479    13.5853   4.512180     2.7636     0.3977  1.6340557  13.554376    13.5781    38.3825    28.8947     4.2947    186.417 0.0000e+00
     49.487   1820.479    13.5908   4.513091     2.7618     0.3901  1.6347171  13.554376    13.5836    38.3857    28.8960     4.2898    186.202 0.0000e+00
     49.310   1821.479    13.6059   4.515007     2.7599     0.3787  1.6352767  13.559165    13.5987    38.3889    28.8952     4.2818    185.854 0.0000e+00
     49.358   1822.479    13.6147   4.516038     2.7570     0.3801  1.6353276  13.569425    13.6075    38.3899    28.8941     4.2783    185.704 0.0000e+00
     49.520   1823.479    13.6155   4.516143     2.7573     0.3904  1.6356837  13.583105    13.6083    38.3900    28.8941     4.2839    185.948 0.0000e+00
     49.535   1824.479    13.6160   4.516195     2.7569     0.3888  1.6364977  13.590629    13.6088    38.3899    28.8939     4.2791    185.736 0.0000e+00
     49.395   1825.479    13.6187   4.516548     2.7548     0.3847  1.6379222  13.589945    13.6115    38.3907    28.8939     4.2700    185.343 0.0000e+00
     49.479   1826.479    13.6182   4.516479     2.7523     0.3880  1.6386345  13.597468    13.6111    38.3904    28.8938     4.2695    185.324 0.0000e+00
     49.588   1827.479    13.6183   4.516499     2.7528     0.3953  1.6395502  13.598836    13.6111    38.3905    28.8939     4.2770    185.647 0.0000e+00
     49.485   1828.479    13.6167   4.516229     2.7536     0.3757  1.6401099  13.598836    13.6095    38.3896    28.8935     4.2775    185.668 0.0000e+00
     49.457   1829.479    13.6172   4.516320     2.7541     0.3624  1.6402625  13.598152    13.6100    38.3899    28.8936     4.2789    185.728 0.0000e+00
     49.572   1830.479    13.6144   4.515966     2.7548     0.3614  1.6407204  13.598152    13.6072    38.3893    28.8938     4.2757    185.588 0.0000e+00
     49.535   1831.479    13.6152   4.516056     2.7525     0.3796  1.6408221  13.598836    13.6080    38.3894    28.8937     4.2680    185.256 0.0000e+00
     49.472   1832.479    13.6170   4.516328     2.7514     0.3873  1.6408730  13.599520    13.6098    38.3902    28.8939     4.2685    185.279 0.0000e+00
     49.555   1833.479    13.6136   4.515860     2.7508     0.3741  1.6411782  13.600204    13.6064    38.3891    28.8938     4.2693    185.312 0.0000e+00
     49.642   1834.479    13.6134   4.515888     2.7509     0.3796  1.6411782  13.598152    13.6062    38.3896    28.8942     4.2714    185.404 0.0000e+00
     49.552   1835.479    13.6179   4.516458     2.7513     0.3709  1.6411273  13.598836    13.6107    38.3905    28.8940     4.2706    185.368 0.0000e+00
     49.483   1836.479    13.6206   4.516803     2.7507     0.3457  1.6411782  13.597468    13.6134    38.3911    28.8939     4.2677    185.243 0.0000e+00
     49.657   1837.479    13.6206   4.516807     2.7503     0.3682  1.6413817  13.598836    13.6134    38.3911    28.8938     4.2674    185.231 0.0000e+00
     49.639   1838.479    13.6216   4.516931     2.7500     0.3812  1.6410765  13.598836    13.6144    38.3913    28.8938     4.2678    185.248 0.0000e+00
     49.441   1839.479    13.6235   4.517176     2.7502     0.3703  1.6412291  13.598152    13.6163    38.3918    28.8937     4.2689    185.295 0.0000e+00
     49.454   1840.479    13.6227   4.517056     2.7510     0.3678  1.6409238  13.598836    13.6155    38.3914    28.8936     4.2733    185.487 0.0000e+00
     49.773   1841.479    13.6225   4.517074     2.7521     0.3740  1.6410765  13.598836    13.6153    38.3916    28.8939     4.2742    185.525 0.0000e+00
     49.901   1842.479    13.6223   4.517027     2.7524     0.3845  1.6411782  13.599520    13.6150    38.3914    28.8937     4.2729    185.467 0.0000e+00
     49.356   1843.479    13.6232   4.517147     2.7520     0.3710  1.6414326  13.599520    13.6160    38.3919    28.8939     4.2719    185.425 0.0000e+00
     49.090   1844.479    13.6231   4.517104     2.7527     0.3664  1.6414835  13.598836    13.6160    38.3916    28.8937     4.2742    185.526 0.0000e+00
     49.758   1845.479    13.6224   4.517038     2.7522     0.3725  1.6414326  13.598836    13.6152    38.3914    28.8937     4.2681    185.259 0.0000e+00
     49.939   1846.479    13.6223   4.517036     2.7507     0.3751  1.6414835  13.599520    13.6150    38.3914    28.8938     4.2673    185.227 0.0000e+00
     49.453   1847.479    13.6235   4.517165     2.7505     0.3841  1.6416361  13.598836    13.6163    38.3916    28.8936     4.2701    185.349 0.0000e+00
     49.297   1848.479    13.6234   4.517146     2.7517     0.3677  1.6412800  13.598836    13.6161    38.3917    28.8937     4.2740    185.515 0.0000e+00
     49.598   1849.479    13.6227   4.517083     2.7523     0.3542  1.6413817  13.599520    13.6155    38.3916    28.8938     4.2728    185.466 0.0000e+00
     49.760   1850.479    13.6228   4.517079     2.7518     0.3648  1.6415343  13.598152    13.6156    38.3915    28.8936     4.2679    185.253 0.0000e+00
     49.573   1851.479    13.6239   4.517087     2.7503     0.3589  1.6414835  13.599520    13.6167    38.3905    28.8927     4.2657    185.159 0.0000e+00
     49.499   1852.479    13.6244   4.517307     2.7504     0.3607  1.6415343  13.600204    13.6172    38.3921    28.8938     4.2694    185.316 0.0000e+00
     49.591   1853.479    13.6243   4.517284     2.7504     0.3566  1.6414326  13.600204    13.6171    38.3919    28.8937     4.2658    185.160 0.0000e+00
     49.637   1854.479    13.6242   4.517280     2.7490     0.3700  1.6411782  13.602255    13.6170    38.3920    28.8938     4.2631    185.045 0.0000e+00
     49.695   1855.479    13.6241   4.517261     2.7491     0.3812  1.6416361  13.602255    13.6169    38.3919    28.8937     4.2668    185.206 0.0000e+00
     49.569   1856.479    13.6236   4.517166     2.7493     0.3875  1.6416870  13.602939    13.6164    38.3916    28.8936     4.2661    185.172 0.0000e+00
     49.296   1857.479    13.6226   4.517053     2.7493     0.3891  1.6416870  13.602255    13.6154    38.3916    28.8938     4.2661    185.174 0.0000e+00
