Boussole/Data/SBEMOOSE/Work/cnv/Bous222_02.cnv
* Sea-Bird SBE 9 Data File:
* FileName = C:\boussole\202009\Bous222_02.hdr
* Software Version Seasave V 7.23.2
* Temperature SN = 5545
* Conductivity SN = 4097
* Number of Bytes Per Scan = 37
* Number of Voltage Words = 4
* Number of Scans Averaged by the Deck Unit = 1
* NMEA Latitude = 43 21.97 N
* NMEA Longitude = 007 53.80 E
* NMEA UTC (Time) = Sep 12 2020  12:12:21
* NMEA baud rate = 4800
** Navire
** Station:
** Date
** Heure debut [TU]
** Heure fin [TU]
** Heure locale / TU = +0
** Latitude
** Longitude
** Heure meteo [TU]
** T air sec [deg C]
** T mer [deg C]
** Vent [noeuds, degres]
# nquan = 21
# nvalues = 275                         
# units = specified
# name 0 = prDM: Pressure, Digiquartz [db]
# name 1 = timeS: Time, Elapsed [seconds]
# name 2 = t090C: Temperature [ITS-90, deg C]
# name 3 = t190C: Temperature, 2 [ITS-90, deg C]
# name 4 = c0S/m: Conductivity [S/m]
# name 5 = c1S/m: Conductivity, 2 [S/m]
# name 6 = sbeox0V: Oxygen raw, SBE 43 [V]
# name 7 = v2: Voltage 2
# name 8 = flC: Fluorescence, Chelsea Aqua 3 Chl Con [ug/l]
# name 9 = v3: Voltage 3
# name 10 = CStarTr0: Beam Transmission, WET Labs C-Star [%]
# name 11 = CStarAt0: Beam Attenuation, WET Labs C-Star [1/m]
# name 12 = sbeox0ML/L: Oxygen, SBE 43 [ml/l], WS = 2
# name 13 = sbox0Mm/Kg: Oxygen, SBE 43 [umol/kg], WS = 2
# name 14 = potemp090C: Potential Temperature [ITS-90, deg C]
# name 15 = potemp190C: Potential Temperature, 2 [ITS-90, deg C]
# name 16 = sal00: Salinity, Practical [PSU]
# name 17 = sal11: Salinity, Practical, 2 [PSU]
# name 18 = sigma-é00: Density [sigma-theta, kg/m^3]
# name 19 = sigma-é11: Density, 2 [sigma-theta, kg/m^3]
# name 20 = flag: flag
# span 0 =      2.631,    101.481       
# span 1 =      0.479,    274.083       
# span 2 =    13.6284,    23.0271       
# span 3 =    13.6324,    23.0347       
# span 4 =   4.525455,   5.539328       
# span 5 =   4.525886,   5.539384       
# span 6 =     2.4830,     3.8269       
# span 7 =     1.1963,     1.8005       
# span 8 =    -0.0114,     0.8845       
# span 9 =     4.4029,     4.7386       
# span 10 =    92.5070,    99.5843      
# span 11 =     0.0167,     0.3115      
# span 12 =     3.7318,     6.1109      
# span 13 =    161.967,    265.424      
# span 14 =    13.6184,    23.0265      
# span 15 =    13.6224,    23.0341      
# span 16 =    38.2482,    38.5305      
# span 17 =    38.3460,    38.5290      
# span 18 =    26.5025,    28.9897      
# span 19 =    26.4974,    28.9878      
# span 20 = 0.0000e+00, 0.0000e+00      
# interval = seconds: 1                 
# start_time = Sep 12 2020 12:12:21 [NMEA time, header]
# bad_flag = -9.990e-29
*END*
[from data line 138]
     54.576    138.479    13.6742    13.6798   4.527297   4.527988     2.6262     1.6648     0.5432     4.6504    97.7249     0.0921     3.9746    172.517    13.6662    13.6718    38.4350    38.4359    28.9165    28.9161 0.0000e+00
     54.890    139.479    13.6680    13.6715   4.526815   4.527310     2.6149     1.6625     0.4993     4.6573    97.8708     0.0861     3.9554    171.683    13.6600    13.6635    38.4365    38.4377    28.9191    28.9192 0.0000e+00
     55.380    140.479    13.6588    13.6677   4.526074   4.527064     2.6055     1.6540     0.4476     4.6675    98.0842     0.0774     3.9427    171.131    13.6507    13.6596    38.4385    38.4389    28.9226    28.9210 0.0000e+00
     56.030    141.479    13.6527    13.6597   4.525647   4.526381     2.5982     1.6310     0.4255     4.6672    98.0778     0.0776     3.9358    170.830    13.6445    13.6515    38.4402    38.4402    28.9252    28.9237 0.0000e+00
     56.409    142.479    13.6500    13.6526   4.525504   4.525886     2.5937     1.6023     0.3943     4.6741    98.2236     0.0717     3.9373    170.894    13.6418    13.6444    38.4414    38.4424    28.9268    28.9270 0.0000e+00
     56.749    143.479    13.6481    13.6519   4.525455   4.525888     2.5924     1.5895     0.3691     4.6809    98.3662     0.0659     3.9416    171.081    13.6398    13.6436    38.4427    38.4430    28.9282    28.9276 0.0000e+00
     57.322    144.479    13.6476    13.6538   4.525536   4.526132     2.5922     1.5705     0.3628     4.6844    98.4391     0.0629     3.9406    171.038    13.6393    13.6455    38.4437    38.4431    28.9291    28.9273 0.0000e+00
     57.880    145.479    13.6471    13.6508   4.525733   4.526107     2.5904     1.5548     0.3659     4.6858    98.4702     0.0617     3.9328    170.700    13.6386    13.6423    38.4459    38.4457    28.9309    28.9300 0.0000e+00
     58.223    146.479    13.6468    13.6497   4.525757   4.526068     2.5882     1.5507     0.3431     4.6893    98.5442     0.0586     3.9290    170.535    13.6383    13.6412    38.4462    38.4463    28.9312    28.9307 0.0000e+00
     58.699    147.479    13.6446    13.6508   4.525635   4.526214     2.5862     1.5527     0.3287     4.6909    98.5775     0.0573     3.9277    170.480    13.6360    13.6422    38.4471    38.4463    28.9324    28.9305 0.0000e+00
     59.366    148.479    13.6430    13.6480   4.525908   4.526334     2.5856     1.5377     0.3162     4.6946    98.6569     0.0541     3.9285    170.511    13.6343    13.6393    38.4510    38.4500    28.9358    28.9340 0.0000e+00
     59.787    149.479    13.6434    13.6471   4.526162   4.526507     2.5844     1.5280     0.2931     4.6957    98.6783     0.0532     3.9238    170.307    13.6347    13.6384    38.4528    38.4524    28.9371    28.9360 0.0000e+00
     60.038    150.479    13.6423    13.6468   4.526149   4.526466     2.5826     1.5194     0.2677     4.6990    98.7480     0.0504     3.9182    170.064    13.6335    13.6380    38.4537    38.4522    28.9380    28.9359 0.0000e+00
     60.526    151.479    13.6404    13.6471   4.526050   4.526637     2.5803     1.5030     0.2525     4.7025    98.8220     0.0474     3.9148    169.919    13.6315    13.6382    38.4544    38.4533    28.9391    28.9367 0.0000e+00
     61.187    152.479    13.6397    13.6442   4.526029   4.526409     2.5788     1.4842     0.2613     4.7022    98.8155     0.0476     3.9133    169.855    13.6308    13.6353    38.4546    38.4537    28.9393    28.9377 0.0000e+00
     61.695    153.479    13.6389    13.6434   4.525976   4.526373     2.5771     1.4726     0.2508     4.7032    98.8370     0.0468     3.9082    169.631    13.6300    13.6344    38.4546    38.4539    28.9395    28.9380 0.0000e+00
     62.139    154.479    13.6377    13.6437   4.525874   4.526406     2.5746     1.4794     0.2514     4.7031    98.8359     0.0469     3.9013    169.330    13.6286    13.6346    38.4547    38.4537    28.9399    28.9378 0.0000e+00
     62.507    155.479    13.6373    13.6418   4.525872   4.526237     2.5719     1.4713     0.2599     4.6750    98.2429     0.0710     3.8981    169.191    13.6282    13.6327    38.4550    38.4539    28.9402    28.9384 0.0000e+00
     62.920    156.479    13.6366    13.6409   4.525867   4.526209     2.5705     1.4718     0.2447     4.6522    97.7614     0.0906     3.8999    169.270    13.6274    13.6318    38.4554    38.4543    28.9407    28.9389 0.0000e+00
     63.583    157.479    13.6359    13.6407   4.525937   4.526300     2.5704     1.4783     0.2418     4.7035    98.8423     0.0466     3.9006    169.300    13.6266    13.6315    38.4565    38.4551    28.9417    28.9396 0.0000e+00
     64.047    158.479    13.6343    13.6393   4.525883   4.526279     2.5693     1.4665     0.2575     4.7073    98.9238     0.0433     3.8950    169.060    13.6249    13.6299    38.4574    38.4561    28.9428    28.9407 0.0000e+00
     64.192    159.479    13.6337    13.6393   4.525854   4.526263     2.5675     1.4643     0.2465     4.7052    98.8798     0.0450     3.8925    168.947    13.6243    13.6299    38.4576    38.4559    28.9430    28.9405 0.0000e+00
     64.641    160.479    13.6333    13.6380   4.525872   4.526224     2.5669     1.4765     0.2268     4.7079    98.9356     0.0428     3.8951    169.060    13.6239    13.6285    38.4580    38.4567    28.9434    28.9414 0.0000e+00
     65.480    161.479    13.6334    13.6382   4.526007   4.526361     2.5671     1.4679     0.2237     4.7092    98.9624     0.0417     3.8954    169.075    13.6238    13.6287    38.4588    38.4573    28.9441    28.9419 0.0000e+00
     66.183    162.479    13.6330    13.6377   4.526068   4.526418     2.5661     1.4523     0.2101     4.7107    98.9957     0.0404     3.8904    168.860    13.6233    13.6280    38.4595    38.4581    28.9447    28.9426 0.0000e+00
     66.692    163.479    13.6323    13.6380   4.526060   4.526500     2.5647     1.4497     0.2021     4.7115    99.0128     0.0397     3.8935    168.993    13.6226    13.6283    38.4599    38.4583    28.9452    28.9428 0.0000e+00
     67.383    164.479    13.6315    13.6358   4.526040   4.526365     2.5675     1.4384     0.2059     4.7130    99.0439     0.0384     3.9130    169.836    13.6217    13.6260    38.4602    38.4589    28.9456    28.9437 0.0000e+00
     68.006    165.479    13.6304    13.6342   4.526063   4.526320     2.5738     1.4317     0.2084     4.7138    99.0611     0.0377     3.9329    170.703    13.6205    13.6243    38.4612    38.4598    28.9467    28.9448 0.0000e+00
     68.214    166.479    13.6286    13.6356   4.526040   4.526468     2.5805     1.4349     0.1926     4.7150    99.0847     0.0368     3.9417    171.085    13.6186    13.6256    38.4628    38.4598    28.9482    28.9445 0.0000e+00
     68.430    167.479    13.6284    13.6324   4.526129   4.526387     2.5843     1.4370     0.1796     4.7184    99.1576     0.0338     3.9432    171.150    13.6184    13.6224    38.4637    38.4621    28.9490    28.9469 0.0000e+00
     68.913    168.479    13.6289    13.6341   4.526317   4.526680     2.5869     1.4235     0.1653     4.7188    99.1662     0.0335     3.9465    171.294    13.6189    13.6240    38.4647    38.4629    28.9497    28.9472 0.0000e+00
     69.297    169.479    13.6302    13.6341   4.526526   4.526812     2.5886     1.4121     0.1504     4.7196    99.1844     0.0327     3.9398    171.000    13.6201    13.6240    38.4652    38.4640    28.9499    28.9481 0.0000e+00
     69.589    170.479    13.6324    13.6355   4.526971   4.527126     2.5854     1.3993     0.1428     4.7223    99.2402     0.0305     3.9266    170.426    13.6222    13.6254    38.4671    38.4654    28.9509    28.9489 0.0000e+00
     69.989    171.479    13.6370    13.6403   4.527827   4.527965     2.5827     1.3853     0.1475     4.7233    99.2605     0.0297     3.9211    170.191    13.6268    13.6301    38.4705    38.4685    28.9525    28.9503 0.0000e+00
     70.473    172.479    13.6388    13.6424   4.528106   4.528326     2.5797     1.3781     0.1399     4.7242    99.2798     0.0289     3.9153    169.936    13.6285    13.6321    38.4711    38.4696    28.9526    28.9507 0.0000e+00
     71.023    173.479    13.6399    13.6433   4.528369   4.528562     2.5770     1.3826     0.1364     4.7252    99.2992     0.0281     3.9092    169.674    13.6295    13.6329    38.4723    38.4707    28.9533    28.9514 0.0000e+00
     71.528    174.479    13.6425    13.6461   4.528776   4.528985     2.5740     1.3753     0.1274     4.7242    99.2798     0.0289     3.9051    169.493    13.6320    13.6357    38.4733    38.4716    28.9536    28.9515 0.0000e+00
     71.963    175.479    13.6480    13.6505   4.529719   4.529704     2.5720     1.3719     0.1220     4.7254    99.3045     0.0279     3.9001    169.276    13.6375    13.6400    38.4766    38.4738    28.9549    28.9523 0.0000e+00
     72.525    176.479    13.6579    13.6598   4.531373   4.531262     2.5689     1.3629     0.1225     4.7049    98.8723     0.0454     3.8906    168.863    13.6473    13.6492    38.4821    38.4791    28.9571    28.9544 0.0000e+00
     73.271    177.479    13.6639    13.6671   4.532265   4.532341     2.5656     1.3576     0.1114     4.7253    99.3034     0.0280     3.8870    168.708    13.6532    13.6564    38.4842    38.4817    28.9575    28.9549 0.0000e+00
     73.961    178.479    13.6654    13.6693   4.532472   4.532659     2.5644     1.3581     0.1039     4.7291    99.3839     0.0247     3.8860    168.663    13.6546    13.6585    38.4843    38.4822    28.9573    28.9548 0.0000e+00
     74.345    179.479    13.6659    13.6695   4.532593   4.532730     2.5617     1.3467     0.0951     4.7306    99.4149     0.0235     3.8770    168.274    13.6550    13.6586    38.4848    38.4825    28.9575    28.9550 0.0000e+00
     74.838    180.479    13.6694    13.6727   4.533178   4.533171     2.5587     1.3389     0.0814     4.7314    99.4321     0.0228     3.8703    167.981    13.6585    13.6618    38.4866    38.4832    28.9582    28.9549 0.0000e+00
     75.590    181.479    13.6739    13.6776   4.534045   4.534137     2.5555     1.3295     0.0881     4.7321    99.4460     0.0222     3.8649    167.747    13.6629    13.6665    38.4900    38.4872    28.9599    28.9570 0.0000e+00
     76.330    182.479    13.6728    13.6766   4.533976   4.534193     2.5533     1.3146     0.0899     4.7325    99.4546     0.0219     3.8616    167.605    13.6616    13.6655    38.4902    38.4884    28.9603    28.9581 0.0000e+00
     76.829    183.479    13.6707    13.6762   4.533732   4.534154     2.5509     1.3219     0.0864     4.7327    99.4589     0.0217     3.8595    167.516    13.6594    13.6650    38.4897    38.4881    28.9604    28.9580 0.0000e+00
     77.265    184.479    13.6688    13.6760   4.533538   4.534162     2.5501     1.3239     0.0841     4.7320    99.4439     0.0223     3.8609    167.573    13.6575    13.6647    38.4896    38.4882    28.9607    28.9582 0.0000e+00
     77.857    185.479    13.6671    13.6718   4.533356   4.533689     2.5490     1.3200     0.0788     4.7246    99.2884     0.0286     3.8571    167.409    13.6557    13.6604    38.4893    38.4877    28.9609    28.9587 0.0000e+00
     78.477    186.479    13.6660    13.6699   4.533238   4.533509     2.5472     1.3176     0.0785     4.6942    98.6482     0.0545     3.8515    167.169    13.6545    13.6584    38.4890    38.4877    28.9610    28.9591 0.0000e+00
     78.980    187.479    13.6618    13.6689   4.532733   4.533415     2.5449     1.3117     0.0867     4.6619    97.9673     0.0821     3.8481    167.018    13.6502    13.6573    38.4882    38.4875    28.9612    28.9592 0.0000e+00
     79.391    188.479    13.6547    13.6642   4.531935   4.532875     2.5436     1.3113     0.0957     4.6616    97.9598     0.0824     3.8498    167.092    13.6431    13.6526    38.4875    38.4869    28.9622    28.9597 0.0000e+00
     79.801    189.479    13.6489    13.6537   4.531247   4.531692     2.5433     1.3204     0.0985     4.6607    97.9405     0.0832     3.8506    167.125    13.6372    13.6420    38.4867    38.4860    28.9628    28.9613 0.0000e+00
     80.330    190.479    13.6463    13.6503   4.530988   4.531322     2.5423     1.3302     0.1102     4.6681    98.0960     0.0769     3.8491    167.064    13.6346    13.6385    38.4866    38.4857    28.9633    28.9618 0.0000e+00
     80.912    191.479    13.6447    13.6481   4.530832   4.531109     2.5426     1.3331     0.1174     4.6611    97.9502     0.0828     3.8511    167.149    13.6329    13.6363    38.4864    38.4856    28.9636    28.9622 0.0000e+00
     81.333    192.479    13.6446    13.6484   4.530850   4.531148     2.5416     1.3454     0.1022     4.6607    97.9416     0.0832     3.8465    166.950    13.6327    13.6365    38.4865    38.4855    28.9636    28.9621 0.0000e+00
     81.674    193.479    13.6449    13.6484   4.530880   4.531157     2.5410     1.3529     0.0960     4.6596    97.9190     0.0841     3.8476    166.998    13.6329    13.6365    38.4864    38.4855    28.9635    28.9620 0.0000e+00
     82.201    194.479    13.6447    13.6496   4.530933   4.531331     2.5405     1.3372     0.0949     4.6598    97.9223     0.0840     3.8459    166.925    13.6327    13.6376    38.4868    38.4857    28.9639    28.9620 0.0000e+00
     82.847    195.479    13.6456    13.6494   4.531295   4.531557     2.5399     1.3305     0.1046     4.6602    97.9309     0.0836     3.8453    166.895    13.6335    13.6373    38.4890    38.4877    28.9654    28.9636 0.0000e+00
     83.326    196.479    13.6470    13.6507   4.531516   4.531761     2.5393     1.3293     0.1040     4.6596    97.9191     0.0841     3.8432    166.808    13.6348    13.6385    38.4895    38.4881    28.9655    28.9637 0.0000e+00
     83.557    197.479    13.6477    13.6508   4.531623   4.531805     2.5384     1.3396     0.0978     4.6615    97.9587     0.0825     3.8425    166.774    13.6355    13.6386    38.4897    38.4884    28.9656    28.9638 0.0000e+00
     84.021    198.479    13.6499    13.6535   4.532016   4.532236     2.5384     1.3390     0.1027     4.6827    98.4059     0.0643     3.8449    166.879    13.6376    13.6412    38.4910    38.4895    28.9661    28.9642 0.0000e+00
     84.761    199.479    13.6513    13.6552   4.532234   4.532480     2.5388     1.3325     0.0891     4.6678    98.0906     0.0771     3.8454    166.900    13.6389    13.6428    38.4914    38.4898    28.9661    28.9641 0.0000e+00
     85.181    200.479    13.6520    13.6554   4.532344   4.532538     2.5387     1.3376     0.0854     4.6616    97.9598     0.0825     3.8436    166.822    13.6395    13.6429    38.4915    38.4900    28.9661    28.9641 0.0000e+00
     85.466    201.479    13.6524    13.6557   4.532429   4.532604     2.5380     1.3231     0.0967     4.6628    97.9855     0.0814     3.8392    166.632    13.6399    13.6432    38.4918    38.4902    28.9662    28.9643 0.0000e+00
     86.086    202.479    13.6548    13.6586   4.532863   4.533048     2.5358     1.3190     0.0981     4.6626    97.9823     0.0815     3.8324    166.336    13.6422    13.6460    38.4932    38.4912    28.9668    28.9644 0.0000e+00
     86.685    203.479    13.6572    13.6606   4.533342   4.533518     2.5337     1.3312     0.1008     4.6635    98.0006     0.0808     3.8283    166.160    13.6445    13.6479    38.4951    38.4934    28.9678    28.9657 0.0000e+00
     87.039    204.479    13.6575    13.6609   4.533402   4.533599     2.5320     1.3328     0.0998     4.6632    97.9930     0.0811     3.8276    166.129    13.6448    13.6481    38.4952    38.4937    28.9679    28.9660 0.0000e+00
     87.663    205.479    13.6579    13.6623   4.533621   4.533861     2.5309     1.3357     0.0984     4.6638    98.0059     0.0806     3.8246    165.997    13.6451    13.6495    38.4966    38.4945    28.9688    28.9663 0.0000e+00
