Boussole/Data/SBEMOOSE/Work/cnv/bous233_03.cnv
* Sea-Bird SBE 9 Data File:
* FileName = C:\boussole\202108\bous233_03.hdr
* Software Version Seasave V 7.23.2
* Temperature SN = 1378
* Conductivity SN = 2929
* Number of Bytes Per Scan = 34
* Number of Voltage Words = 3
* Number of Scans Averaged by the Deck Unit = 1
* NMEA Latitude = 43 22.10 N
* NMEA Longitude = 007 53.72 E
* NMEA UTC (Time) = Aug 18 2021  10:31:27
* NMEA baud rate = 4800
** Campagne = BOUSSOLE 233
** Navire = Tethys II
** Station = BOUS233_03
** Date = 18/08/2021
** Heure debut [TU] = 10:31
** Heure fin [TU] = 10:51
** Heure locale / TU = +2
** Latitude = 43 22.087 N
** Longitude = 007 53.744 E
** Heure meteo [TU] = 10:26
** T air sec [deg C] = 24.6
** T mer [deg C] = 24.433
** Vent [noeuds, degres] = 8, 120
** Pression atm [hpa] = 1012.5
** Humidite [%] = 78.5
** Nebulosite [octas] = 1
** Etat de la mer [code S] = 3
# nquan = 14
# nvalues = 1248                        
# units = specified
# name 0 = prDM: Pressure, Digiquartz [db]
# name 1 = timeS: Time, Elapsed [seconds]
# name 2 = t090C: Temperature [ITS-90, deg C]
# name 3 = c0S/m: Conductivity [S/m]
# name 4 = sbeox0V: Oxygen raw, SBE 43 [V]
# name 5 = flC: Fluorescence, Chelsea Aqua 3 Chl Con [ug/l]
# name 6 = upoly0: Upoly 0, RINKOIII_DO
# name 7 = upoly1: Upoly 1, RINKOIII_Temp
# name 8 = potemp090C: Potential Temperature [ITS-90, deg C]
# name 9 = sal00: Salinity, Practical [PSU]
# name 10 = sigma-é00: Density [sigma-theta, kg/m^3]
# name 11 = sbeox0ML/L: Oxygen, SBE 43 [ml/l], WS = 2
# name 12 = sbox0Mm/Kg: Oxygen, SBE 43 [umol/kg], WS = 2
# name 13 = flag: flag
# span 0 =     -0.009,    301.212       
# span 1 =      0.479,   1247.375       
# span 2 =    13.6326,    24.5530       
# span 3 =   4.527205,   5.716472       
# span 4 =     2.4557,     4.0486       
# span 5 =    -0.0629,     1.3443       
# span 6 =  1.3093203,  2.3514449       
# span 7 =  13.617301,  24.508739       
# span 8 =    13.6204,    24.5528       
# span 9 =    38.2422,    38.6660       
# span 10 =    26.0793,    29.0763      
# span 11 =     3.7007,     6.5677      
# span 12 =    160.605,    285.202      
# span 13 = 0.0000e+00, 0.0000e+00      
# interval = seconds: 1                 
# start_time = Aug 18 2021 10:31:27 [NMEA time, header]
# bad_flag = -9.990e-29
*END*
[from data line 517]
    265.718    517.479    13.8322   4.578332     2.4634     0.1372  1.7989927  13.823061    13.7928    38.6657    29.0681     3.7137    161.167 0.0000e+00
    266.514    518.479    13.8313   4.578250     2.4640     0.1308  1.7992979  13.825111    13.7917    38.6655    29.0682     3.7165    161.290 0.0000e+00
    267.069    519.479    13.8310   4.578258     2.4642     0.1483  1.7996032  13.821694    13.7914    38.6656    29.0684     3.7143    161.196 0.0000e+00
    267.424    520.479    13.8317   4.578349     2.4634     0.1491  1.7997049  13.821011    13.7920    38.6656    29.0683     3.7087    160.954 0.0000e+00
    267.849    521.479    13.8308   4.578240     2.4613     0.1403  1.7998067  13.820327    13.7910    38.6653    29.0683     3.7038    160.738 0.0000e+00
    268.526    522.479    13.8279   4.577932     2.4604     0.1446  1.7998575  13.816911    13.7881    38.6649    29.0686     3.7107    161.038 0.0000e+00
    269.238    523.479    13.8252   4.577621     2.4621     0.1347  1.7997558  13.812811    13.7853    38.6644    29.0688     3.7183    161.368 0.0000e+00
    269.714    524.479    13.8239   4.577474     2.4637     0.1418  1.7998575  13.815544    13.7838    38.6642    29.0689     3.7201    161.444 0.0000e+00
    270.181    525.479    13.8231   4.577439     2.4641     0.1479  1.7999593  13.815544    13.7830    38.6644    29.0693     3.7171    161.315 0.0000e+00
    270.922    526.479    13.8233   4.577503     2.4636     0.1435  1.8000102  13.812128    13.7831    38.6644    29.0693     3.7093    160.978 0.0000e+00
    271.856    527.479    13.8237   4.577612     2.4600     0.1403  1.8002646  13.811445    13.7833    38.6647    29.0694     3.7022    160.671 0.0000e+00
    272.715    528.479    13.8238   4.577692     2.4601     0.1382  1.8000611  13.812128    13.7834    38.6649    29.0696     3.7142    161.188 0.0000e+00
    273.149    529.479    13.8252   4.577842     2.4608     0.1317  1.8000102  13.812128    13.7847    38.6647    29.0692     3.7080    160.919 0.0000e+00
    273.181    530.479    13.8266   4.577992     2.4590     0.1347  1.7999084  13.812128    13.7860    38.6648    29.0689     3.7057    160.821 0.0000e+00
    273.382    531.479    13.8255   4.577881     2.4592     0.1333  1.7999084  13.812811    13.7849    38.6647    29.0691     3.7075    160.898 0.0000e+00
    274.016    532.479    13.8243   4.577814     2.4581     0.1313  1.8000102  13.811445    13.7836    38.6650    29.0696     3.7007    160.605 0.0000e+00
    275.043    533.479    13.8241   4.577857     2.4563     0.1376  1.8002646  13.812128    13.7833    38.6652    29.0698     3.7015    160.639 0.0000e+00
    276.108    534.479    13.8234   4.577820     2.4567     0.1380  1.8003663  13.811445    13.7824    38.6650    29.0699     3.7087    160.951 0.0000e+00
    276.678    535.479    13.8240   4.577902     2.4583     0.1440  1.8005189  13.812128    13.7829    38.6650    29.0697     3.7134    161.155 0.0000e+00
    277.063    536.479    13.8221   4.577676     2.4595     0.1594  1.8004681  13.810761    13.7810    38.6645    29.0698     3.7130    161.138 0.0000e+00
    277.684    537.479    13.8177   4.577189     2.4596     0.1449  1.8005698  13.812128    13.7765    38.6640    29.0704     3.7129    161.133 0.0000e+00
    278.249    538.479    13.8167   4.577098     2.4603     0.1380  1.8008751  13.811445    13.7754    38.6639    29.0705     3.7167    161.300 0.0000e+00
    278.620    539.479    13.8188   4.577320     2.4606     0.1395  1.8008242  13.810761    13.7774    38.6638    29.0700     3.7133    161.152 0.0000e+00
    279.170    540.479    13.8133   4.576712     2.4604     0.1446  1.8006716  13.810078    13.7719    38.6633    29.0708     3.7139    161.176 0.0000e+00
    279.916    541.479    13.8104   4.576364     2.4595     0.1507  1.8007733  13.807344    13.7688    38.6627    29.0710     3.7068    160.869 0.0000e+00
    280.606    542.479    13.8090   4.576244     2.4574     0.1401  1.8010786  13.806661    13.7674    38.6626    29.0712     3.7080    160.919 0.0000e+00
    281.377    543.479    13.8085   4.576208     2.4580     0.1368  1.8011803  13.800511    13.7668    38.6623    29.0712     3.7133    161.150 0.0000e+00
    282.171    544.479    13.8085   4.576258     2.4587     0.1368  1.8008242  13.797777    13.7666    38.6626    29.0714     3.7148    161.216 0.0000e+00
    282.399    545.479    13.8146   4.576975     2.4587     0.1333  1.8009768  13.798460    13.7727    38.6631    29.0705     3.7103    161.021 0.0000e+00
    282.721    546.479    13.8113   4.576608     2.4578     0.1229  1.8008751  13.805294    13.7693    38.6628    29.0710     3.7116    161.076 0.0000e+00
    283.727    547.479    13.8068   4.576175     2.4590     0.1140  1.8013329  13.797094    13.7648    38.6627    29.0719     3.7169    161.306 0.0000e+00
    284.642    548.479    13.8048   4.575971     2.4584     0.1234  1.8009259  13.795727    13.7626    38.6624    29.0722     3.7089    160.960 0.0000e+00
    284.734    549.479    13.8101   4.576584     2.4572     0.1275  1.8009768  13.795727    13.7679    38.6628    29.0713     3.7098    161.001 0.0000e+00
    284.866    550.479    13.8075   4.576291     2.4571     0.1371  1.8011294  13.796410    13.7652    38.6627    29.0718     3.7079    160.915 0.0000e+00
    285.426    551.479    13.8033   4.575785     2.4557     0.1333  1.8009768  13.796410    13.7610    38.6618    29.0720     3.7093    160.977 0.0000e+00
    286.200    552.479    13.7993   4.575343     2.4579     0.1400  1.8009259  13.794360    13.7568    38.6613    29.0725     3.7228    161.563 0.0000e+00
    287.324    553.479    13.7899   4.574246     2.4599     0.1418  1.8015873  13.784793    13.7473    38.6599    29.0735     3.7197    161.429 0.0000e+00
    288.548    554.479    13.7842   4.573623     2.4582     0.1445  1.8008751  13.778643    13.7414    38.6592    29.0742     3.7124    161.111 0.0000e+00
    288.999    555.479    13.7947   4.574892     2.4576     0.1370  1.8007224  13.780693    13.7518    38.6604    29.0729     3.7149    161.222 0.0000e+00
    288.976    556.479    13.7977   4.575259     2.4581     0.1383  1.8007733  13.784110    13.7548    38.6609    29.0726     3.7172    161.318 0.0000e+00
    289.227    557.479    13.7955   4.574999     2.4586     0.1513  1.8011294  13.784110    13.7526    38.6605    29.0728     3.7206    161.466 0.0000e+00
    289.633    558.479    13.7938   4.574786     2.4597     0.1478  1.8007733  13.782060    13.7508    38.6600    29.0728     3.7232    161.580 0.0000e+00
    290.278    559.479    13.7860   4.573882     2.4607     0.1430  1.8006207  13.780693    13.7430    38.6590    29.0737     3.7273    161.757 0.0000e+00
    291.236    560.479    13.7812   4.573366     2.4619     0.1557  1.8008242  13.771125    13.7381    38.6585    29.0744     3.7275    161.767 0.0000e+00
    292.179    561.479    13.7796   4.573206     2.4617     0.1559  1.8005189  13.771125    13.7363    38.6582    29.0745     3.7274    161.761 0.0000e+00
    293.034    562.479    13.7801   4.573356     2.4627     0.1546  1.8001119  13.769074    13.7366    38.6588    29.0749     3.7330    162.005 0.0000e+00
    293.777    563.479    13.7807   4.573463     2.4637     0.1532  1.8001628  13.766340    13.7371    38.6588    29.0748     3.7294    161.848 0.0000e+00
    294.056    564.479    13.7866   4.574139     2.4621     0.1578  1.7995523  13.767707    13.7430    38.6592    29.0738     3.7251    161.662 0.0000e+00
    294.212    565.479    13.7846   4.573911     2.4630     0.1477  1.7992470  13.766340    13.7410    38.6589    29.0741     3.7351    162.097 0.0000e+00
    294.729    566.479    13.7828   4.573763     2.4650     0.1298  1.7994505  13.769758    13.7391    38.6591    29.0746     3.7409    162.347 0.0000e+00
    295.474    567.479    13.7819   4.573719     2.4665     0.1367  1.7997049  13.767024    13.7381    38.6593    29.0750     3.7402    162.317 0.0000e+00
    296.140    568.479    13.7817   4.573757     2.4667     0.1425  1.7989418  13.767024    13.7378    38.6595    29.0752     3.7406    162.336 0.0000e+00
    296.647    569.479    13.7817   4.573785     2.4681     0.1410  1.7985857  13.769758    13.7377    38.6595    29.0753     3.7450    162.526 0.0000e+00
    297.300    570.479    13.7814   4.573791     2.4687     0.1312  1.7981787  13.769074    13.7373    38.6597    29.0754     3.7446    162.510 0.0000e+00
    298.076    571.479    13.7810   4.573816     2.4688     0.1489  1.7976699  13.769758    13.7369    38.6599    29.0757     3.7389    162.262 0.0000e+00
    298.657    572.479    13.7812   4.573858     2.4663     0.1385  1.7974664  13.763606    13.7369    38.6598    29.0756     3.7285    161.812 0.0000e+00
    298.540    573.479    13.7843   4.574110     2.4634     0.1380  1.7974664  13.764290    13.7400    38.6592    29.0745     3.7298    161.868 0.0000e+00
    298.563    574.479    13.7833   4.574027     2.4651     0.1405  1.7972629  13.764290    13.7390    38.6594    29.0749     3.7407    162.340 0.0000e+00
    299.175    575.479    13.7817   4.573934     2.4652     0.1425  1.7972629  13.765657    13.7374    38.6598    29.0755     3.7344    162.066 0.0000e+00
    299.639    576.479    13.7818   4.573965     2.4645     0.1442  1.7971103  13.764290    13.7374    38.6598    29.0756     3.7358    162.127 0.0000e+00
    299.847    577.479    13.7823   4.574010     2.4650     0.1413  1.7972629  13.767707    13.7378    38.6597    29.0754     3.7377    162.209 0.0000e+00
    300.389    578.479    13.7791   4.573673     2.4658     0.1397  1.7973138  13.767024    13.7346    38.6595    29.0759     3.7417    162.381 0.0000e+00
    301.005    579.479    13.7764   4.573380     2.4664     0.1386  1.7971103  13.765657    13.7318    38.6591    29.0762     3.7401    162.315 0.0000e+00
    300.815    580.479    13.7813   4.573921     2.4657     0.1385  1.7970085  13.764290    13.7367    38.6593    29.0753     3.7335    162.029 0.0000e+00
    300.404    581.479    13.7826   4.574070     2.4638     0.1413  1.7970594  13.765657    13.7381    38.6597    29.0753     3.7309    161.915 0.0000e+00
    300.760    582.479    13.7813   4.573935     2.4646     0.1545  1.7971612  13.762923    13.7367    38.6596    29.0755     3.7386    162.250 0.0000e+00
    301.085    583.479    13.7801   4.573822     2.4638     0.1482  1.7969577  13.762923    13.7355    38.6595    29.0757     3.7237    161.602 0.0000e+00
    300.901    584.479    13.7814   4.573958     2.4601     0.1541  1.7973647  13.764290    13.7368    38.6596    29.0755     3.7261    161.708 0.0000e+00
    300.766    585.479    13.7810   4.573885     2.4631     0.1478  1.7968050  13.763606    13.7364    38.6594    29.0754     3.7425    162.417 0.0000e+00
    300.838    586.479    13.7811   4.573906     2.4646     0.1409  1.7972629  13.763606    13.7365    38.6595    29.0755     3.7373    162.192 0.0000e+00
    300.863    587.479    13.7793   4.573687     2.4643     0.1308  1.7971103  13.767024    13.7347    38.6591    29.0756     3.7375    162.201 0.0000e+00
    300.907    588.479    13.7766   4.573413     2.4658     0.1341  1.7973138  13.765657    13.7320    38.6593    29.0763     3.7455    162.545 0.0000e+00
    300.754    589.479    13.7788   4.573646     2.4675     0.1297  1.7970085  13.762923    13.7342    38.6594    29.0759     3.7446    162.511 0.0000e+00
    300.507    590.479    13.7782   4.573564     2.4673     0.1298  1.7974664  13.761556    13.7337    38.6593    29.0759     3.7396    162.293 0.0000e+00
    300.742    591.479    13.7781   4.573555     2.4666     0.1439  1.7974664  13.762923    13.7335    38.6592    29.0759     3.7392    162.274 0.0000e+00
    301.212    592.479    13.7778   4.573536     2.4663     0.1441  1.7976190  13.762240    13.7331    38.6591    29.0759     3.7371    162.182 0.0000e+00
    300.983    593.479    13.7781   4.573557     2.4653     0.1551  1.7975173  13.764290    13.7335    38.6591    29.0758     3.7360    162.136 0.0000e+00
    300.481    594.479    13.7781   4.573543     2.4653     0.1572  1.7974664  13.762923    13.7336    38.6592    29.0759     3.7382    162.232 0.0000e+00
    300.443    595.479    13.7786   4.573589     2.4658     0.1519  1.7973647  13.763606    13.7341    38.6592    29.0757     3.7409    162.348 0.0000e+00
    300.683    596.479    13.7789   4.573648     2.4655     0.1520  1.7977208  13.762923    13.7343    38.6593    29.0758     3.7316    161.944 0.0000e+00
    300.958    597.479    13.7781   4.573577     2.4630     0.1417  1.7974664  13.762923    13.7335    38.6593    29.0759     3.7264    161.720 0.0000e+00
    301.020    598.479    13.7774   4.573494     2.4617     0.1332  1.7976699  13.762923    13.7328    38.6592    29.0760     3.7267    161.732 0.0000e+00
    300.841    599.479    13.7778   4.573533     2.4609     0.1401  1.7976190  13.763606    13.7332    38.6592    29.0759     3.7304    161.893 0.0000e+00
    300.934    600.479    13.7777   4.573534     2.4626     0.1373  1.7975173  13.762923    13.7331    38.6593    29.0760     3.7373    162.190 0.0000e+00
    301.190    601.479    13.7777   4.573523     2.4635     0.1466  1.7976699  13.762923    13.7330    38.6591    29.0759     3.7362    162.146 0.0000e+00
    300.829    602.479    13.7775   4.573483     2.4640     0.1435  1.7976699  13.760873    13.7329    38.6590    29.0759     3.7353    162.104 0.0000e+00
    300.248    603.479    13.7775   4.573451     2.4637     0.1535  1.7975173  13.762923    13.7330    38.6590    29.0759     3.7336    162.030 0.0000e+00
    300.318    604.479    13.7777   4.573493     2.4632     0.1504  1.7974664  13.762923    13.7332    38.6592    29.0760     3.7322    161.970 0.0000e+00
    300.618    605.479    13.7776   4.573497     2.4640     0.1528  1.7975682  13.762923    13.7330    38.6592    29.0760     3.7410    162.351 0.0000e+00
    300.879    606.479    13.7776   4.573515     2.4655     0.1425  1.7978734  13.762923    13.7330    38.6592    29.0760     3.7373    162.191 0.0000e+00
    301.194    607.479    13.7775   4.573509     2.4642     0.1300  1.7978226  13.763606    13.7329    38.6591    29.0760     3.7329    162.002 0.0000e+00
    301.108    608.479    13.7773   4.573487     2.4639     0.1318  1.7978226  13.761556    13.7327    38.6591    29.0760     3.7358    162.126 0.0000e+00
    300.733    609.479    13.7774   4.573460     2.4642     0.1393  1.7977717  13.762923    13.7328    38.6590    29.0759     3.7324    161.980 0.0000e+00
    300.379    610.479    13.7772   4.573443     2.4625     0.1400  1.7974155  13.762923    13.7327    38.6592    29.0760     3.7270    161.746 0.0000e+00
    299.839    611.479    13.7770   4.573388     2.4615     0.1353  1.7972629  13.762240    13.7326    38.6591    29.0760     3.7285    161.809 0.0000e+00
    299.176    612.479    13.7768   4.573316     2.4619     0.1437  1.7977717  13.762923    13.7324    38.6589    29.0759     3.7319    161.956 0.0000e+00
    298.359    613.479    13.7767   4.573271     2.4623     0.1366  1.7974664  13.761556    13.7324    38.6590    29.0760     3.7305    161.898 0.0000e+00
    297.117    614.479    13.7779   4.573358     2.4621     0.1379  1.7973138  13.762923    13.7338    38.6592    29.0758     3.7331    162.011 0.0000e+00
    295.922    615.479    13.7785   4.573397     2.4643     0.1497  1.7973647  13.762923    13.7346    38.6595    29.0759     3.7385    162.244 0.0000e+00
    295.446    616.479    13.7783   4.573348     2.4645     0.1546  1.7972629  13.763606    13.7345    38.6594    29.0758     3.7322    161.968 0.0000e+00
    294.602    617.479    13.7793   4.573407     2.4641     0.1472  1.7975173  13.762923    13.7356    38.6593    29.0755     3.7351    162.096 0.0000e+00
    293.226    618.479    13.7801   4.573447     2.4662     0.1516  1.7970594  13.762923    13.7367    38.6595    29.0754     3.7429    162.436 0.0000e+00
