Boussole/Data/SBEMOOSE/Work/cnv/bous234_02.cnv
* Sea-Bird SBE 9 Data File:
* FileName = C:\boussole\202109\bous234_02.hdr
* Software Version Seasave V 7.23.2
* Temperature SN = 1378
* Conductivity SN = 2929
* Number of Bytes Per Scan = 34
* Number of Voltage Words = 3
* Number of Scans Averaged by the Deck Unit = 1
* NMEA Latitude = 43 22.09 N
* NMEA Longitude = 007 54.17 E
* NMEA UTC (Time) = Sep 13 2021  13:51:18
* NMEA baud rate = 4800
** Campagne = BOUSSOLE 234
** Navire = Tethys II
** Station = BOUS234_02
** Date = 13/09/2021
** Heure debut [TU] = 13:51
** Heure fin [TU] = 14:10
** Heure locale / TU = +2
** Latitude = 43 22.081 N
** Longitude = 007 54.154 E
** Heure meteo [TU] = 13:50
** T air sec [deg C] = 24.0
** T mer [deg C] = 23.88
** Vent [noeuds, degres] = 13, 246
** Pression atm [hpa] = 1016.1
** Humidite [%] = 83.8
** Nebulosite [octas] = 2
** Etat de la mer [code S] = 3
# nquan = 14
# nvalues = 1125                        
# units = specified
# name 0 = prDM: Pressure, Digiquartz [db]
# name 1 = timeS: Time, Elapsed [seconds]
# name 2 = t090C: Temperature [ITS-90, deg C]
# name 3 = c0S/m: Conductivity [S/m]
# name 4 = sbeox0V: Oxygen raw, SBE 43 [V]
# name 5 = flC: Fluorescence, Chelsea Aqua 3 Chl Con [ug/l]
# name 6 = upoly0: Upoly 0, RINKOIII_DO
# name 7 = upoly1: Upoly 1, RINKOIII_Temp
# name 8 = potemp090C: Potential Temperature [ITS-90, deg C]
# name 9 = sal00: Salinity, Practical [PSU]
# name 10 = sigma-é00: Density [sigma-theta, kg/m^3]
# name 11 = sbeox0ML/L: Oxygen, SBE 43 [ml/l], WS = 2
# name 12 = sbox0Mm/Kg: Oxygen, SBE 43 [umol/kg], WS = 2
# name 13 = flag: flag
# span 0 =      0.011,    300.832       
# span 1 =      0.479,   1124.479       
# span 2 =    13.6703,    23.9429       
# span 3 =   0.146908,   5.645570       
# span 4 =     2.4530,     4.1747       
# span 5 =    -0.2893,  1008.3704       
# span 6 =  1.3036223,  1.8098799       
# span 7 =  13.654227,  23.925170       
# span 8 =    13.6623,    23.9428       
# span 9 =     0.7614,    38.6630       
# span 10 =    -2.0090,    29.0791      
# span 11 =     3.7103,     6.6454      
# span 12 =    161.021,    288.647      
# span 13 = 0.0000e+00, 0.0000e+00      
# interval = seconds: 1                 
# start_time = Sep 13 2021 13:51:18 [NMEA time, header]
# bad_flag = -9.990e-29
*END*
[from data line 620]
    245.699    620.479    13.7821   4.570786     2.4767     0.1644  1.8045889  13.772491    13.7458    38.6536    29.0689     3.7361    162.142 0.0000e+00
    244.651    621.479    13.7797   4.570389     2.4763     0.1641  1.8047924  13.764973    13.7435    38.6527    29.0687     3.7324    161.980 0.0000e+00
    243.547    622.479    13.7784   4.570130     2.4759     0.1682  1.8051994  13.763606    13.7423    38.6521    29.0685     3.7302    161.887 0.0000e+00
    242.571    623.479    13.7786   4.570103     2.4750     0.1725  1.8055556  13.764290    13.7427    38.6520    29.0684     3.7268    161.737 0.0000e+00
    241.720    624.479    13.7788   4.570093     2.4736     0.1688  1.8054538  13.763606    13.7430    38.6521    29.0684     3.7244    161.633 0.0000e+00
    240.713    625.479    13.7780   4.569920     2.4735     0.1685  1.8056573  13.764290    13.7424    38.6517    29.0682     3.7284    161.806 0.0000e+00
    239.529    626.479    13.7772   4.569730     2.4740     0.1718  1.8058099  13.763606    13.7418    38.6512    29.0679     3.7260    161.701 0.0000e+00
    238.470    627.479    13.7757   4.569460     2.4735     0.1700  1.8056573  13.762923    13.7405    38.6507    29.0678     3.7294    161.851 0.0000e+00
    237.668    628.479    13.7753   4.569350     2.4759     0.1643  1.8057590  13.762923    13.7402    38.6504    29.0676     3.7371    162.187 0.0000e+00
    236.652    629.479    13.7753   4.569284     2.4769     0.1609  1.8056573  13.762240    13.7402    38.6503    29.0675     3.7325    161.987 0.0000e+00
    235.440    630.479    13.7756   4.569262     2.4767     0.1635  1.8058608  13.762923    13.7408    38.6502    29.0674     3.7319    161.957 0.0000e+00
    234.463    631.479    13.7753   4.569154     2.4772     0.1752  1.8058608  13.762923    13.7406    38.6500    29.0673     3.7342    162.057 0.0000e+00
    233.630    632.479    13.7747   4.569010     2.4780     0.1787  1.8057082  13.762923    13.7402    38.6496    29.0670     3.7332    162.016 0.0000e+00
    232.566    633.479    13.7748   4.568947     2.4775     0.1832  1.8058099  13.762923    13.7404    38.6494    29.0668     3.7310    161.918 0.0000e+00
    231.449    634.479    13.7756   4.568991     2.4780     0.1817  1.8058608  13.762240    13.7414    38.6494    29.0666     3.7333    162.020 0.0000e+00
    230.389    635.479    13.7759   4.568959     2.4780     0.1732  1.8061152  13.760873    13.7419    38.6493    29.0665     3.7320    161.963 0.0000e+00
    229.445    636.479    13.7766   4.568967     2.4789     0.1647  1.8051485  13.761556    13.7426    38.6492    29.0661     3.7399    162.305 0.0000e+00
    228.536    637.479    13.7775   4.569003     2.4818     0.1710  1.8051994  13.762923    13.7437    38.6490    29.0658     3.7459    162.568 0.0000e+00
    227.400    638.479    13.7785   4.569097     2.4834     0.1680  1.8047924  13.762923    13.7449    38.6494    29.0658     3.7431    162.444 0.0000e+00
    226.268    639.479    13.7805   4.569245     2.4834     0.1697  1.8051485  13.761556    13.7471    38.6493    29.0653     3.7404    162.329 0.0000e+00
    225.311    640.479    13.7811   4.569217     2.4839     0.1743  1.8048433  13.762923    13.7477    38.6489    29.0649     3.7425    162.419 0.0000e+00
    224.440    641.479    13.7816   4.569214     2.4842     0.1670  1.8045889  13.762923    13.7484    38.6488    29.0646     3.7405    162.333 0.0000e+00
    223.348    642.479    13.7816   4.569168     2.4843     0.1702  1.8044872  13.762923    13.7485    38.6488    29.0646     3.7428    162.432 0.0000e+00
    222.110    643.479    13.7819   4.569128     2.4852     0.1775  1.8045889  13.762923    13.7490    38.6486    29.0644     3.7415    162.374 0.0000e+00
    221.147    644.479    13.7821   4.569136     2.4843     0.1782  1.8042837  13.762923    13.7494    38.6489    29.0645     3.7361    162.141 0.0000e+00
    220.326    645.479    13.7833   4.569211     2.4838     0.1632  1.8038767  13.764290    13.7507    38.6488    29.0642     3.7365    162.159 0.0000e+00
    219.330    646.479    13.7848   4.569322     2.4831     0.1633  1.8039275  13.764290    13.7524    38.6488    29.0638     3.7334    162.023 0.0000e+00
    218.243    647.479    13.7863   4.569425     2.4827     0.1637  1.8034697  13.763606    13.7540    38.6488    29.0634     3.7350    162.093 0.0000e+00
    217.219    648.479    13.7874   4.569490     2.4834     0.1690  1.8032153  13.767024    13.7553    38.6488    29.0631     3.7417    162.383 0.0000e+00
    216.193    649.479    13.7895   4.569649     2.4869     0.1769  1.8031644  13.766340    13.7575    38.6486    29.0625     3.7545    162.941 0.0000e+00
    215.115    650.479    13.7912   4.569778     2.4899     0.1767  1.8032153  13.767707    13.7594    38.6485    29.0621     3.7529    162.870 0.0000e+00
    214.243    651.479    13.7917   4.569763     2.4905     0.1737  1.8026048  13.770441    13.7600    38.6484    29.0618     3.7502    162.755 0.0000e+00
    213.324    652.479    13.7924   4.569782     2.4916     0.1740  1.8028083  13.773175    13.7608    38.6483    29.0615     3.7560    163.003 0.0000e+00
    212.150    653.479    13.7957   4.570116     2.4934     0.1700  1.8024522  13.767024    13.7643    38.6486    29.0611     3.7546    162.945 0.0000e+00
    211.170    654.479    13.7996   4.570541     2.4935     0.1702  1.8024522  13.777959    13.7684    38.6491    29.0606     3.7549    162.957 0.0000e+00
    210.416    655.479    13.8009   4.570642     2.4947     0.1749  1.8018926  13.781376    13.7697    38.6492    29.0603     3.7548    162.955 0.0000e+00
    209.241    656.479    13.8016   4.570651     2.4941     0.1753  1.8016891  13.778643    13.7706    38.6490    29.0600     3.7504    162.762 0.0000e+00
    207.978    657.479    13.8042   4.570916     2.4939     0.1856  1.8014347  13.780693    13.7734    38.6495    29.0598     3.7519    162.830 0.0000e+00
    207.326    658.479    13.8053   4.571010     2.4945     0.1798  1.8014347  13.783426    13.7746    38.6496    29.0596     3.7536    162.902 0.0000e+00
    206.393    659.479    13.8088   4.571399     2.4947     0.1836  1.8010277  13.784110    13.7783    38.6501    29.0593     3.7511    162.791 0.0000e+00
    205.118    660.479    13.8093   4.571411     2.4948     0.1794  1.8009768  13.782743    13.7790    38.6503    29.0592     3.7556    162.988 0.0000e+00
    204.178    661.479    13.8131   4.571862     2.4970     0.1780  1.8003663  13.795044    13.7829    38.6512    29.0591     3.7561    163.012 0.0000e+00
    203.295    662.479    13.8137   4.571876     2.4956     0.1747  1.8003663  13.795727    13.7836    38.6511    29.0589     3.7491    162.705 0.0000e+00
    202.187    663.479    13.8151   4.571994     2.4961     0.1742  1.8003663  13.789577    13.7852    38.6513    29.0587     3.7537    162.906 0.0000e+00
    201.108    664.479    13.8201   4.572540     2.4959     0.1741  1.8004172  13.791627    13.7903    38.6520    29.0581     3.7493    162.715 0.0000e+00
    200.171    665.479    13.8231   4.572872     2.4963     0.1767  1.7997049  13.799144    13.7935    38.6525    29.0578     3.7555    162.984 0.0000e+00
    199.232    666.479    13.8255   4.573080     2.4980     0.1683  1.7996032  13.799144    13.7960    38.6525    29.0573     3.7573    163.062 0.0000e+00
    198.184    667.479    13.8272   4.573218     2.4990     0.1750  1.7995523  13.796410    13.7978    38.6526    29.0569     3.7611    163.227 0.0000e+00
    197.199    668.479    13.8287   4.573340     2.5013     0.1845  1.7991453  13.804611    13.7995    38.6526    29.0566     3.7644    163.370 0.0000e+00
    196.148    669.479    13.8289   4.573318     2.5023     0.1842  1.7991453  13.808028    13.7999    38.6527    29.0566     3.7639    163.350 0.0000e+00
    195.070    670.479    13.8292   4.573291     2.5035     0.1854  1.7991962  13.810078    13.8003    38.6527    29.0565     3.7668    163.477 0.0000e+00
    194.194    671.479    13.8292   4.573256     2.5047     0.1781  1.7991453  13.810761    13.8004    38.6528    29.0565     3.7669    163.480 0.0000e+00
    193.323    672.479    13.8298   4.573255     2.5054     0.1821  1.7984330  13.812128    13.8012    38.6525    29.0561     3.7687    163.559 0.0000e+00
    192.212    673.479    13.8299   4.573204     2.5063     0.1864  1.7984330  13.811445    13.8014    38.6524    29.0560     3.7695    163.592 0.0000e+00
    191.170    674.479    13.8308   4.573175     2.5075     0.1776  1.7983313  13.812811    13.8025    38.6517    29.0552     3.7728    163.737 0.0000e+00
    190.204    675.479    13.8316   4.573142     2.5080     0.1714  1.7979752  13.812811    13.8034    38.6510    29.0545     3.7689    163.569 0.0000e+00
    189.119    676.479    13.8332   4.573250     2.5082     0.1753  1.7976699  13.812128    13.8052    38.6510    29.0541     3.7707    163.643 0.0000e+00
    188.182    677.479    13.8345   4.573370     2.5088     0.1780  1.7976191  13.812128    13.8066    38.6512    29.0539     3.7735    163.766 0.0000e+00
    187.251    678.479    13.8359   4.573480     2.5107     0.1748  1.7975682  13.813495    13.8082    38.6512    29.0536     3.7744    163.807 0.0000e+00
    186.172    679.479    13.8368   4.573523     2.5093     0.1685  1.7973138  13.812128    13.8092    38.6512    29.0534     3.7648    163.390 0.0000e+00
    185.149    680.479    13.8390   4.573729     2.5083     0.1550  1.7970594  13.814178    13.8115    38.6514    29.0531     3.7622    163.277 0.0000e+00
    184.194    681.479    13.8419   4.574016     2.5067     0.1560  1.7967033  13.818278    13.8146    38.6516    29.0526     3.7623    163.281 0.0000e+00
    183.266    682.479    13.8442   4.574217     2.5086     0.1707  1.7966524  13.816911    13.8170    38.6517    29.0521     3.7737    163.774 0.0000e+00
    182.158    683.479    13.8463   4.574399     2.5104     0.1650  1.7966015  13.817594    13.8194    38.6517    29.0516     3.7723    163.715 0.0000e+00
    181.165    684.479    13.8482   4.574553     2.5109     0.1637  1.7961437  13.823061    13.8214    38.6517    29.0512     3.7724    163.720 0.0000e+00
    180.316    685.479    13.8488   4.574555     2.5123     0.1680  1.7958384  13.828527    13.8221    38.6516    29.0509     3.7769    163.914 0.0000e+00
    179.173    686.479    13.8487   4.574457     2.5135     0.1672  1.7955332  13.827160    13.8221    38.6512    29.0506     3.7759    163.873 0.0000e+00
    178.070    687.479    13.8487   4.574383     2.5139     0.1659  1.7950753  13.827844    13.8223    38.6511    29.0505     3.7734    163.764 0.0000e+00
    177.280    688.479    13.8492   4.574395     2.5132     0.1712  1.7948209  13.828527    13.8230    38.6510    29.0503     3.7737    163.777 0.0000e+00
    176.333    689.479    13.8482   4.574166     2.5153     0.1769  1.7945157  13.829210    13.8220    38.6503    29.0499     3.7843    164.237 0.0000e+00
    175.134    690.479    13.8443   4.573558     2.5173     0.1730  1.7941596  13.828527    13.8183    38.6490    29.0497     3.7850    164.266 0.0000e+00
    174.030    691.479    13.8406   4.572941     2.5187     0.1639  1.7945157  13.828527    13.8148    38.6473    29.0492     3.7910    164.529 0.0000e+00
    173.154    692.479    13.8386   4.572595     2.5223     0.1695  1.7940069  13.823744    13.8130    38.6464    29.0489     3.7994    164.890 0.0000e+00
    172.336    693.479    13.8362   4.572136     2.5241     0.1726  1.7929386  13.825111    13.8107    38.6449    29.0482     3.7986    164.856 0.0000e+00
    171.175    694.479    13.8365   4.572020     2.5257     0.1765  1.7931421  13.827160    13.8112    38.6440    29.0474     3.7991    164.880 0.0000e+00
    169.944    695.479    13.8358   4.571781     2.5258     0.1804  1.7926842  13.821011    13.8107    38.6430    29.0467     3.7954    164.717 0.0000e+00
    169.132    696.479    13.8353   4.571655     2.5263     0.1763  1.7922772  13.817594    13.8103    38.6427    29.0466     3.7989    164.872 0.0000e+00
    168.305    697.479    13.8346   4.571472     2.5274     0.1749  1.7916158  13.816228    13.8097    38.6420    29.0462     3.8046    165.116 0.0000e+00
    167.073    698.479    13.8323   4.571058     2.5300     0.1688  1.7914123  13.817594    13.8076    38.6409    29.0458     3.8124    165.457 0.0000e+00
    165.871    699.479    13.8276   4.570250     2.5331     0.1774  1.7910562  13.815544    13.8030    38.6386    29.0450     3.8190    165.741 0.0000e+00
    165.127    700.479    13.8266   4.570086     2.5357     0.1706  1.7904457  13.812128    13.8022    38.6384    29.0450     3.8210    165.829 0.0000e+00
    164.291    701.479    13.8240   4.569571     2.5374     0.1691  1.7896317  13.809394    13.7997    38.6365    29.0440     3.8236    165.940 0.0000e+00
    162.904    702.479    13.8228   4.569313     2.5395     0.1652  1.7890212  13.812128    13.7987    38.6358    29.0438     3.8292    166.184 0.0000e+00
    161.811    703.479    13.8193   4.568734     2.5419     0.1596  1.7890212  13.807344    13.7953    38.6344    29.0434     3.8320    166.307 0.0000e+00
    161.137    704.479    13.8176   4.568428     2.5435     0.1633  1.7880037  13.802561    13.7938    38.6335    29.0430     3.8322    166.314 0.0000e+00
    160.055    705.479    13.8180   4.568411     2.5436     0.1646  1.7873423  13.807344    13.7944    38.6334    29.0428     3.8271    166.092 0.0000e+00
    158.861    706.479    13.8227   4.568957     2.5429     0.1647  1.7869862  13.810078    13.7992    38.6344    29.0426     3.8217    165.862 0.0000e+00
    157.885    707.479    13.8244   4.569104     2.5414     0.1684  1.7869353  13.808711    13.8011    38.6345    29.0422     3.8216    165.855 0.0000e+00
    156.948    708.479    13.8244   4.569056     2.5425     0.1665  1.7863248  13.810761    13.8012    38.6345    29.0422     3.8297    166.209 0.0000e+00
    155.952    709.479    13.8224   4.568619     2.5443     0.1742  1.7857652  13.809394    13.7994    38.6328    29.0412     3.8343    166.408 0.0000e+00
    154.930    710.479    13.8217   4.568441     2.5470     0.1699  1.7856126  13.807344    13.7988    38.6323    29.0410     3.8396    166.638 0.0000e+00
    153.819    711.479    13.8223   4.568466     2.5480     0.1671  1.7852564  13.805294    13.7996    38.6324    29.0409     3.8345    166.417 0.0000e+00
    152.777    712.479    13.8263   4.568888     2.5478     0.1626  1.7847986  13.808711    13.8037    38.6328    29.0404     3.8331    166.354 0.0000e+00
    151.844    713.479    13.8299   4.569257     2.5476     0.1685  1.7842389  13.812128    13.8074    38.6332    29.0398     3.8295    166.201 0.0000e+00
    150.732    714.479    13.8298   4.569131     2.5473     0.1652  1.7843916  13.809394    13.8076    38.6325    29.0393     3.8355    166.460 0.0000e+00
    149.645    715.479    13.8269   4.568571     2.5501     0.1771  1.7836284  13.808711    13.8048    38.6307    29.0385     3.8430    166.783 0.0000e+00
    148.773    716.479    13.8250   4.568223     2.5517     0.1784  1.7835776  13.811445    13.8031    38.6297    29.0381     3.8423    166.757 0.0000e+00
    147.821    717.479    13.8249   4.568145     2.5518     0.1709  1.7826618  13.810761    13.8030    38.6295    29.0379     3.8396    166.638 0.0000e+00
    146.704    718.479    13.8253   4.568150     2.5526     0.1604  1.7826618  13.811445    13.8036    38.6296    29.0379     3.8407    166.687 0.0000e+00
    145.592    719.479    13.8260   4.568172     2.5523     0.1593  1.7825092  13.810761    13.8045    38.6296    29.0377     3.8382    166.575 0.0000e+00
    144.591    720.479    13.8263   4.568145     2.5526     0.1632  1.7828653  13.810761    13.8049    38.6295    29.0375     3.8423    166.754 0.0000e+00
    143.732    721.479    13.8263   4.568076     2.5547     0.1672  1.7820513  13.808028    13.8051    38.6292    29.0373     3.8516    167.157 0.0000e+00
