Boussole/Data/SBEMOOSE/Work/cnv/bousrade_02.cnv
* Sea-Bird SBE 9 Data File:
* FileName = C:\MOOSE\CTD\Work\raw\test02.hdr
* Software Version Seasave V 7.23.2
* Temperature SN = 2473
* Conductivity SN = 2929
* Number of Bytes Per Scan = 30
* Number of Voltage Words = 4
* Number of Scans Averaged by the Deck Unit = 1
* NMEA baud rate = 4800
** Ship:
** Station:
** Operator:
# nquan = 14
# nvalues = 1550                        
# units = specified
# name 0 = prDM: Pressure, Digiquartz [db]
# name 1 = timeS: Time, Elapsed [seconds]
# name 2 = t090C: Temperature [ITS-90, deg C]
# name 3 = c0S/m: Conductivity [S/m]
# name 4 = sbeox0V: Oxygen raw, SBE 43 [V]
# name 5 = flC: Fluorescence, Chelsea Aqua 3 Chl Con [ug/l]
# name 6 = upoly0: Upoly 0, RINKOIII_DO
# name 7 = upoly1: Upoly 1, RINKOIII_Temp
# name 8 = potemp090C: Potential Temperature [ITS-90, deg C]
# name 9 = sal00: Salinity, Practical [PSU]
# name 10 = sigma-é00: Density [sigma-theta, kg/m^3]
# name 11 = sbeox0ML/L: Oxygen, SBE 43 [ml/l], WS = 2
# name 12 = sbox0Mm/Kg: Oxygen, SBE 43 [umol/kg], WS = 2
# name 13 = flag: flag
# span 0 =      0.658,    499.397       
# span 1 =      0.479,   1549.021       
# span 2 =    13.7907,    14.3069       
# span 3 =   4.521198,   4.618268       
# span 4 =     2.2106,     2.9561       
# span 5 =     0.1208,     0.4620       
# span 6 =  1.5659850,  1.8367928       
# span 7 =  13.773858,  14.287990       
# span 8 =    13.7163,    14.2958       
# span 9 =    37.9951,    38.7023       
# span 10 =    28.4828,    29.0745      
# span 11 =     3.3168,     4.6256      
# span 12 =    143.944,    200.858      
# span 13 = 0.0000e+00, 0.0000e+00      
# interval = seconds: 1                 
# start_time = Jan 28 2021 10:30:46 [System UTC, header]
# bad_flag = -9.990e-29
*END*
[from data line 1446]
     47.719   1446.479    14.2584   4.549350     2.8846     0.2473  1.5812983  14.250470    14.2513    38.0638    28.5027     4.4956    195.211 0.0000e+00
     46.638   1447.479    14.2560   4.548950     2.8858     0.2422  1.5811966  14.250469    14.2490    38.0629    28.5025     4.4987    195.344 0.0000e+00
     45.695   1448.479    14.2559   4.548909     2.8874     0.2345  1.5808913  14.242282    14.2491    38.0631    28.5025     4.5055    195.637 0.0000e+00
     44.702   1449.479    14.2548   4.548606     2.8909     0.2335  1.5802808  14.238871    14.2481    38.0617    28.5017     4.5145    196.029 0.0000e+00
     43.500   1450.479    14.2422   4.546405     2.8935     0.2291  1.5804335  14.239553    14.2357    38.0541    28.4985     4.5140    196.010 0.0000e+00
     42.421   1451.479    14.2379   4.545821     2.8936     0.2454  1.5801791  14.236142    14.2315    38.0533    28.4988     4.5105    195.859 0.0000e+00
     41.968   1452.479    14.2425   4.546523     2.8937     0.2440  1.5797212  14.238189    14.2362    38.0556    28.4996     4.5133    195.978 0.0000e+00
     41.180   1453.479    14.2403   4.546116     2.8956     0.2367  1.5797212  14.236824    14.2342    38.0542    28.4990     4.5199    196.265 0.0000e+00
     40.041   1454.479    14.2339   4.544940     2.8980     0.2394  1.5794669  14.228637    14.2279    38.0501    28.4971     4.5247    196.474 0.0000e+00
     39.220   1455.479    14.2315   4.544647     2.8993     0.2579  1.5785511  14.221814    14.2256    38.0500    28.4976     4.5243    196.457 0.0000e+00
     38.551   1456.479    14.2319   4.544605     2.9006     0.2570  1.5771266  14.218402    14.2261    38.0495    28.4971     4.5279    196.614 0.0000e+00
     37.549   1457.479    14.2305   4.544346     2.9024     0.2388  1.5770249  14.222496    14.2249    38.0489    28.4969     4.5311    196.751 0.0000e+00
     36.463   1458.479    14.2271   4.543767     2.9036     0.2334  1.5768722  14.221814    14.2217    38.0473    28.4964     4.5311    196.752 0.0000e+00
     35.335   1459.479    14.2266   4.543632     2.9040     0.2492  1.5770249  14.216355    14.2213    38.0470    28.4962     4.5304    196.722 0.0000e+00
     34.211   1460.479    14.2247   4.543246     2.9049     0.2669  1.5759565  14.217038    14.2196    38.0458    28.4957     4.5342    196.888 0.0000e+00
     33.334   1461.479    14.2251   4.543270     2.9065     0.2787  1.5761091  14.212944    14.2202    38.0460    28.4957     4.5367    196.998 0.0000e+00
     32.547   1462.479    14.2210   4.542488     2.9074     0.2698  1.5759056  14.212261    14.2161    38.0431    28.4943     4.5372    197.017 0.0000e+00
     31.890   1463.479    14.2223   4.542716     2.9081     0.2570  1.5756512  14.211579    14.2176    38.0442    28.4948     4.5380    197.052 0.0000e+00
     31.383   1464.479    14.2242   4.542949     2.9088     0.2521  1.5756512  14.217720    14.2195    38.0448    28.4949     4.5411    197.187 0.0000e+00
     30.527   1465.479    14.2173   4.541647     2.9113     0.2595  1.5756004  14.212944    14.2127    38.0397    28.4924     4.5498    197.566 0.0000e+00
     29.551   1466.479    14.2073   4.539994     2.9135     0.2615  1.5750916  14.210214    14.2029    38.0344    28.4905     4.5482    197.495 0.0000e+00
     28.813   1467.479    14.1989   4.538708     2.9124     0.2816  1.5751425  14.199979    14.1946    38.0310    28.4896     4.5476    197.469 0.0000e+00
     27.764   1468.479    14.1888   4.537287     2.9157     0.2843  1.5745320  14.197250    14.1846    38.0281    28.4896     4.5643    198.197 0.0000e+00
     26.606   1469.479    14.1134   4.526153     2.9195     0.2880  1.5737688  14.195203    14.1095    37.9983    28.4828     4.5778    198.781 0.0000e+00
     25.432   1470.479    14.1105   4.526409     2.9228     0.3099  1.5741758  14.141290    14.1068    38.0041    28.4879     4.5819    198.960 0.0000e+00
     24.458   1471.479    14.1142   4.526859     2.9243     0.3369  1.5729040  14.123545    14.1106    38.0051    28.4879     4.5767    198.733 0.0000e+00
     23.662   1472.479    14.1234   4.528049     2.9238     0.3531  1.5716830  14.129005    14.1199    38.0076    28.4878     4.5739    198.614 0.0000e+00
     22.818   1473.479    14.1316   4.528952     2.9249     0.3334  1.5707163  14.145386    14.1282    38.0084    28.4866     4.5776    198.772 0.0000e+00
     21.879   1474.479    14.1198   4.527375     2.9255     0.3231  1.5708690  14.135831    14.1166    38.0056    28.4870     4.5798    198.870 0.0000e+00
     21.040   1475.479    14.1104   4.526058     2.9274     0.3240  1.5708690  14.124910    14.1073    38.0029    28.4868     4.5849    199.090 0.0000e+00
     20.183   1476.479    14.1046   4.525287     2.9284     0.3387  1.5707672  14.119450    14.1016    38.0017    28.4872     4.5862    199.144 0.0000e+00
     19.310   1477.479    14.0992   4.524547     2.9297     0.3450  1.5703602  14.108529    14.0964    38.0004    28.4874     4.5908    199.347 0.0000e+00
     18.805   1478.479    14.1100   4.526100     2.9320     0.3445  1.5699024  14.110577    14.1072    38.0046    28.4882     4.5930    199.440 0.0000e+00
     18.169   1479.479    14.0915   4.523463     2.9322     0.3517  1.5698006  14.116037    14.0888    37.9984    28.4875     4.5902    199.321 0.0000e+00
     17.623   1480.479    14.0921   4.523613     2.9324     0.3470  1.5699024  14.101703    14.0895    37.9994    28.4880     4.5942    199.492 0.0000e+00
     17.238   1481.479    14.0976   4.524352     2.9340     0.3520  1.5694445  14.096925    14.0951    38.0011    28.4882     4.5951    199.534 0.0000e+00
     16.965   1482.479    14.0934   4.523736     2.9335     0.3566  1.5694954  14.096242    14.0909    37.9996    28.4879     4.5914    199.373 0.0000e+00
     16.568   1483.479    14.0920   4.523546     2.9337     0.3626  1.5693936  14.088050    14.0895    37.9994    28.4881     4.5940    199.485 0.0000e+00
     15.864   1484.479    14.0905   4.523196     2.9342     0.3399  1.5690375  14.092146    14.0881    37.9979    28.4872     4.5932    199.452 0.0000e+00
     15.258   1485.479    14.0864   4.522736     2.9335     0.3276  1.5691392  14.090781    14.0841    37.9979    28.4881     4.5939    199.483 0.0000e+00
     15.011   1486.479    14.0898   4.523202     2.9354     0.3227  1.5687831  14.090781    14.0876    37.9991    28.4882     4.5989    199.699 0.0000e+00
     14.406   1487.479    14.0868   4.522693     2.9355     0.3311  1.5683761  14.088733    14.0847    37.9974    28.4875     4.5938    199.476 0.0000e+00
     13.580   1488.479    14.0910   4.523322     2.9345     0.3572  1.5685796  14.081907    14.0890    37.9996    28.4883     4.5915    199.375 0.0000e+00
     12.612   1489.479    14.0982   4.524085     2.9345     0.3586  1.5684779  14.080542    14.0963    38.0002    28.4872     4.5924    199.415 0.0000e+00
     11.677   1490.479    14.0877   4.522681     2.9353     0.3512  1.5684779  14.083955    14.0860    37.9977    28.4875     4.5968    199.608 0.0000e+00
     10.655   1491.479    14.0847   4.522338     2.9364     0.3535  1.5685796  14.081224    14.0831    37.9979    28.4883     4.5995    199.722 0.0000e+00
      9.561   1492.479    14.0877   4.522667     2.9376     0.3435  1.5682744  14.081907    14.0863    37.9985    28.4880     4.5982    199.669 0.0000e+00
      9.380   1493.479    14.0883   4.522724     2.9374     0.3454  1.5682235  14.074398    14.0869    37.9985    28.4879     4.5972    199.623 0.0000e+00
      9.583   1494.479    14.0882   4.522727     2.9380     0.3430  1.5681217  14.075081    14.0868    37.9986    28.4880     4.5984    199.676 0.0000e+00
      9.611   1495.479    14.0892   4.522856     2.9376     0.3376  1.5685796  14.075763    14.0878    37.9988    28.4879     4.5962    199.579 0.0000e+00
      9.366   1496.479    14.0898   4.522921     2.9376     0.3541  1.5682744  14.075081    14.0884    37.9989    28.4879     4.5976    199.641 0.0000e+00
      9.308   1497.479    14.0916   4.523164     2.9381     0.3575  1.5682235  14.079176    14.0902    37.9995    28.4879     4.5991    199.707 0.0000e+00
      9.673   1498.479    14.0973   4.523975     2.9386     0.3552  1.5683761  14.075081    14.0959    38.0012    28.4881     4.5971    199.619 0.0000e+00
      9.692   1499.479    14.0958   4.523709     2.9374     0.3517  1.5681726  14.075081    14.0944    38.0003    28.4877     4.5936    199.468 0.0000e+00
      9.669   1500.479    14.0941   4.523469     2.9369     0.3440  1.5681217  14.077128    14.0927    37.9997    28.4875     4.5958    199.562 0.0000e+00
      9.557   1501.479    14.0940   4.523530     2.9382     0.3472  1.5680200  14.074398    14.0926    38.0004    28.4881     4.6013    199.801 0.0000e+00
      9.383   1502.479    14.0927   4.523299     2.9388     0.3534  1.5678165  14.079859    14.0913    37.9996    28.4878     4.5962    199.580 0.0000e+00
      9.469   1503.479    14.0945   4.523571     2.9367     0.3449  1.5681217  14.077811    14.0931    38.0003    28.4880     4.5918    199.391 0.0000e+00
      9.741   1504.479    14.1008   4.524348     2.9373     0.3440  1.5682744  14.079859    14.0994    38.0013    28.4874     4.5971    199.621 0.0000e+00
      9.622   1505.479    14.1005   4.524339     2.9375     0.3368  1.5682235  14.083272    14.0991    38.0016    28.4877     4.5942    199.495 0.0000e+00
      9.684   1506.479    14.0996   4.524202     2.9361     0.3305  1.5682744  14.087368    14.0982    38.0011    28.4875     4.5885    199.244 0.0000e+00
      9.739   1507.479    14.0954   4.523646     2.9351     0.3394  1.5681217  14.077811    14.0940    38.0000    28.4876     4.5911    199.360 0.0000e+00
      9.432   1508.479    14.0958   4.523700     2.9358     0.3495  1.5677656  14.086003    14.0944    38.0003    28.4877     4.5958    199.563 0.0000e+00
      9.409   1509.479    14.0940   4.523450     2.9370     0.3437  1.5682744  14.085320    14.0926    37.9997    28.4876     4.5963    199.587 0.0000e+00
      9.569   1510.479    14.0902   4.522965     2.9368     0.3244  1.5680200  14.077811    14.0888    37.9989    28.4878     4.5965    199.593 0.0000e+00
      9.640   1511.479    14.0894   4.522912     2.9377     0.3284  1.5681726  14.082589    14.0880    37.9991    28.4881     4.5981    199.662 0.0000e+00
      9.742   1512.479    14.0916   4.523208     2.9374     0.3294  1.5681217  14.087368    14.0902    37.9997    28.4881     4.5952    199.539 0.0000e+00
      9.773   1513.479    14.0925   4.523288     2.9367     0.3369  1.5681726  14.079859    14.0911    37.9995    28.4878     4.5912    199.364 0.0000e+00
      9.570   1514.479    14.0944   4.523567     2.9353     0.3493  1.5681726  14.083272    14.0930    38.0004    28.4880     4.5907    199.340 0.0000e+00
      9.376   1515.479    14.0953   4.523642     2.9357     0.3357  1.5684778  14.083955    14.0939    38.0003    28.4878     4.5942    199.495 0.0000e+00
      9.574   1516.479    14.0973   4.523670     2.9363     0.3353  1.5682235  14.084637    14.0959    37.9985    28.4860     4.5923    199.412 0.0000e+00
      9.662   1517.479    14.0976   4.523947     2.9351     0.3423  1.5682744  14.083272    14.0962    38.0008    28.4877     4.5896    199.294 0.0000e+00
      9.596   1518.479    14.0981   4.524002     2.9355     0.3607  1.5681726  14.086685    14.0967    38.0008    28.4876     4.5926    199.425 0.0000e+00
      9.699   1519.479    14.0964   4.523709     2.9354     0.3685  1.5684270  14.084637    14.0950    37.9997    28.4871     4.5909    199.350 0.0000e+00
      9.759   1520.479    14.0958   4.523652     2.9354     0.3642  1.5684270  14.075081    14.0944    37.9997    28.4872     4.5923    199.409 0.0000e+00
      9.592   1521.479    14.0921   4.523039     2.9352     0.3565  1.5684270  14.075081    14.0907    37.9976    28.4864     4.5936    199.469 0.0000e+00
      9.532   1522.479    14.0838   4.522026     2.9369     0.3491  1.5684779  14.074398    14.0824    37.9963    28.4872     4.6015    199.811 0.0000e+00
      9.590   1523.479    14.0857   4.522280     2.9385     0.3331  1.5682235  14.073715    14.0843    37.9968    28.4872     4.6032    199.887 0.0000e+00
      9.579   1524.479    14.0841   4.522068     2.9399     0.3309  1.5683252  14.075763    14.0827    37.9964    28.4872     4.6065    200.030 0.0000e+00
      9.713   1525.479    14.0841   4.522088     2.9411     0.3410  1.5683252  14.073715    14.0827    37.9965    28.4873     4.6074    200.066 0.0000e+00
      9.766   1526.479    14.0850   4.522230     2.9419     0.3423  1.5684270  14.073715    14.0836    37.9969    28.4874     4.6086    200.119 0.0000e+00
      9.510   1527.479    14.0852   4.522252     2.9427     0.3509  1.5682744  14.075763    14.0838    37.9970    28.4874     4.6087    200.123 0.0000e+00
      9.478   1528.479    14.0855   4.522320     2.9423     0.3540  1.5681726  14.073033    14.0842    37.9974    28.4876     4.6048    199.954 0.0000e+00
      9.692   1529.479    14.0858   4.522372     2.9415     0.3528  1.5682235  14.074398    14.0844    37.9975    28.4877     4.6045    199.939 0.0000e+00
      9.775   1530.479    14.0862   4.522420     2.9417     0.3474  1.5683252  14.074398    14.0847    37.9976    28.4877     4.6064    200.022 0.0000e+00
      9.449   1531.479    14.0858   4.522349     2.9423     0.3479  1.5682744  14.074398    14.0844    37.9974    28.4876     4.6081    200.100 0.0000e+00
      9.233   1532.479    14.0863   4.522383     2.9419     0.3467  1.5683252  14.075081    14.0849    37.9974    28.4875     4.6022    199.841 0.0000e+00
      8.991   1533.479    14.0868   4.522444     2.9404     0.3475  1.5679691  14.074398    14.0855    37.9975    28.4874     4.6004    199.763 0.0000e+00
      8.474   1534.479    14.0850   4.522140     2.9405     0.3477  1.5681726  14.073033    14.0837    37.9967    28.4872     4.6031    199.880 0.0000e+00
      7.734   1535.479    14.0816   4.521638     2.9406     0.3421  1.5681726  14.074398    14.0805    37.9956    28.4871     4.6029    199.872 0.0000e+00
      6.831   1536.479    14.0795   4.521319     2.9405     0.3478  1.5679182  14.073715    14.0785    37.9951    28.4871     4.6021    199.837 0.0000e+00
      5.700   1537.479    14.0786   4.521198     2.9407     0.3485  1.5678674  14.070985    14.0777    37.9954    28.4875     4.6044    199.939 0.0000e+00
      4.580   1538.479    14.0799   4.521263     2.9419     0.3415  1.5677656  14.067571    14.0792    37.9952    28.4870     4.6056    199.991 0.0000e+00
      3.767   1539.479    14.0809   4.521384     2.9420     0.3472  1.5679691  14.065523    14.0804    37.9957    28.4872     4.6033    199.890 0.0000e+00
      2.841   1540.479    14.0811   4.521388     2.9414     0.3304  1.5677656  14.066206    14.0806    37.9960    28.4873     4.6005    199.767 0.0000e+00
      2.094   1541.479    14.0814   4.521409     2.9421     0.3275  1.5677147  14.068254    14.0811    37.9962    28.4874     4.6069    200.047 0.0000e+00
      1.296   1542.479    14.0860   4.522073     2.9439     0.3314  1.5676130  14.065523    14.0858    37.9983    28.4880     4.6106    200.205 0.0000e+00
      0.708   1543.479    14.0932   4.523226     2.9449     0.3321  1.5674604  14.064841    14.0931    38.0023    28.4895     4.6053    199.973 0.0000e+00
      0.777   1544.479    14.0978   4.523679     2.9435     0.3352  1.5679691  14.064158    14.0977    38.0020    28.4883     4.6000    199.743 0.0000e+00
      0.658   1545.479    14.0966   4.523503     2.9435     0.3248  1.5677147  14.066206    14.0965    38.0016    28.4882     4.6069    200.044 0.0000e+00
      0.686   1546.479    14.0889   4.522376     2.9451     0.3296  1.5678674  14.070302    14.0888    37.9985    28.4875     4.6130    200.310 0.0000e+00
      0.769   1547.479    14.0849   4.521908 -9.990e-29     0.3411  1.5679182  14.066889    14.0848    37.9981    28.4880 -9.990e-29 -9.990e-29 0.0000e+00
