Boussole/Data/SBEMOOSE/Work/cnv/bous233_02.cnv
* Sea-Bird SBE 9 Data File:
* FileName = C:\boussole\202108\bous233_02.hdr
* Software Version Seasave V 7.23.2
* Temperature SN = 1378
* Conductivity SN = 2929
* Number of Bytes Per Scan = 34
* Number of Voltage Words = 3
* Number of Scans Averaged by the Deck Unit = 1
* NMEA Latitude = 43 21.89 N
* NMEA Longitude = 007 53.76 E
* NMEA UTC (Time) = Aug 18 2021  08:40:37
* NMEA baud rate = 4800
** Campagne = BOUSSOLE 233
** Navire = Tethys II
** Station = BOUS233_02
** Date = 18/08/2021
** Heure debut [TU] = 08:40
** Heure fin [TU] = 09:14
** Heure locale / TU = +2
** Latitude = 43 21.890 N
** Longitude = 007 53.759 E
** Heure meteo [TU] = 08:57
** T air sec [deg C] = 24.7
** T mer [deg C] = 24.234
** Vent [noeuds, degres] = 7.1, 127
** Pression atm [hpa] = 1012.3
** Humidite [%] = 76
** Nebulosite [octas] = 0
** Etat de la mer [code S] = 3
# nquan = 14
# nvalues = 2030                        
# units = specified
# name 0 = prDM: Pressure, Digiquartz [db]
# name 1 = timeS: Time, Elapsed [seconds]
# name 2 = t090C: Temperature [ITS-90, deg C]
# name 3 = c0S/m: Conductivity [S/m]
# name 4 = sbeox0V: Oxygen raw, SBE 43 [V]
# name 5 = flC: Fluorescence, Chelsea Aqua 3 Chl Con [ug/l]
# name 6 = upoly0: Upoly 0, RINKOIII_DO
# name 7 = upoly1: Upoly 1, RINKOIII_Temp
# name 8 = potemp090C: Potential Temperature [ITS-90, deg C]
# name 9 = sal00: Salinity, Practical [PSU]
# name 10 = sigma-é00: Density [sigma-theta, kg/m^3]
# name 11 = sbeox0ML/L: Oxygen, SBE 43 [ml/l], WS = 2
# name 12 = sbox0Mm/Kg: Oxygen, SBE 43 [umol/kg], WS = 2
# name 13 = flag: flag
# span 0 =     -0.099,    407.891       
# span 1 =      0.479,   2029.125       
# span 2 =    13.6030,    24.4515       
# span 3 =   0.140446,   5.685798       
# span 4 =     2.4240,     4.0989       
# span 5 =    -0.2893,   216.7039       
# span 6 =  1.3149674,  1.8053012       
# span 7 =  13.594732,  24.247664       
# span 8 =    13.5430,    24.4515       
# span 9 =     0.7149,    38.6637       
# span 10 =    -2.2076,    29.0880      
# span 11 =     3.6923,     6.7513      
# span 12 =    160.241,    293.183      
# span 13 = 0.0000e+00, 0.0000e+00      
# interval = seconds: 1                 
# start_time = Aug 18 2021 08:40:37 [NMEA time, header]
# bad_flag = -9.990e-29
*END*
[from data line 1652]
     49.612   1652.479    13.6484   4.527545     2.8485     0.6421  1.6721612  13.631662    13.6412    38.4656    28.9456     4.4014    191.036 0.0000e+00
     50.094   1653.479    13.6483   4.527540     2.8485     0.6447  1.6721103  13.631662    13.6410    38.4655    28.9456     4.4083    191.338 0.0000e+00
     49.818   1654.479    13.6486   4.527554     2.8500     0.6684  1.6723138  13.630294    13.6413    38.4654    28.9455     4.4137    191.573 0.0000e+00
     49.057   1655.479    13.6476   4.527375     2.8523     0.6786  1.6723647  13.630294    13.6404    38.4650    28.9454     4.4172    191.721 0.0000e+00
     48.448   1656.479    13.6466   4.527211     2.8524     0.6942  1.6722121  13.629610    13.6395    38.4647    28.9453     4.4105    191.432 0.0000e+00
     48.159   1657.479    13.6465   4.527188     2.8518     0.6687  1.6722629  13.629610    13.6395    38.4648    28.9454     4.4101    191.416 0.0000e+00
     47.658   1658.479    13.6462   4.527102     2.8522     0.6738  1.6719577  13.628927    13.6392    38.4645    28.9452     4.4144    191.600 0.0000e+00
     46.975   1659.479    13.6457   4.526997     2.8530     0.6831  1.6717542  13.629610    13.6389    38.4643    28.9451     4.4128    191.534 0.0000e+00
     46.654   1660.479    13.6458   4.527016     2.8533     0.6990  1.6718559  13.629610    13.6390    38.4645    28.9453     4.4184    191.774 0.0000e+00
     46.251   1661.479    13.6459   4.526951     2.8562     0.7100  1.6717033  13.628927    13.6391    38.4640    28.9449     4.4360    192.539 0.0000e+00
     45.243   1662.479    13.6476   4.526886     2.8639     0.7134  1.6714998  13.628243    13.6410    38.4621    28.9430     4.4593    193.551 0.0000e+00
     44.033   1663.479    13.6572   4.527509     2.8715     0.7065  1.6710420  13.632346    13.6508    38.4589    28.9384     4.4687    193.960 0.0000e+00
     43.083   1664.479    13.6636   4.528075     2.8763     0.7296  1.6692613  13.638500    13.6573    38.4583    28.9365     4.4598    193.575 0.0000e+00
     42.399   1665.479    13.6651   4.528224     2.8742     0.7652  1.6677351  13.645338    13.6589    38.4585    28.9363     4.4407    192.743 0.0000e+00
     41.992   1666.479    13.6607   4.527875     2.8714     0.7799  1.6669211  13.644654    13.6546    38.4598    28.9383     4.4508    193.181 0.0000e+00
     41.696   1667.479    13.6561   4.527432     2.8781     0.7648  1.6664123  13.635081    13.6500    38.4603    28.9397     4.4882    194.805 0.0000e+00
     41.054   1668.479    13.6664   4.528437     2.8870     0.7628  1.6660562  13.648757    13.6604    38.4599    28.9371     4.4948    195.095 0.0000e+00
     40.176   1669.479    13.6816   4.529766     2.8902     0.8463  1.6639703  13.654911    13.6757    38.4576    28.9321     4.4872    194.764 0.0000e+00
     39.645   1670.479    13.6781   4.529414     2.8915     0.9206  1.6615283  13.653543    13.6723    38.4580    28.9331     4.4878    194.788 0.0000e+00
     39.841   1671.479    13.6685   4.528515     2.8934     0.9344  1.6603073  13.654911    13.6627    38.4591    28.9360     4.4962    195.153 0.0000e+00
     39.649   1672.479    13.6691   4.528585     2.8972     0.8935  1.6588828  13.658330    13.6633    38.4592    28.9359     4.5115    195.817 0.0000e+00
     39.088   1673.479    13.6788   4.529469     2.9023     0.9357  1.6571531  13.664484    13.6731    38.4581    28.9330     4.5155    195.993 0.0000e+00
     38.939   1674.479    13.6776   4.529352     2.9047     0.9644  1.6552707  13.663800    13.6719    38.4583    28.9334     4.5125    195.861 0.0000e+00
     39.343   1675.479    13.6750   4.529112     2.9036     0.9903  1.6544058  13.661749    13.6692    38.4585    28.9341     4.4927    195.001 0.0000e+00
     39.637   1676.479    13.6753   4.529136     2.8966     0.9513  1.6546602  13.662433    13.6695    38.4582    28.9338     4.4744    194.206 0.0000e+00
     39.616   1677.479    13.6717   4.528793     2.8930     0.9795  1.6538462  13.665851    13.6659    38.4586    28.9349     4.4866    194.736 0.0000e+00
     39.689   1678.479    13.6723   4.528837     2.8974     1.0122  1.6517603  13.664484    13.6665    38.4584    28.9347     4.5269    196.484 0.0000e+00
     39.761   1679.479    13.6731   4.528922     2.9114     1.0405  1.6503358  13.670637    13.6673    38.4583    28.9344     4.5679    198.266 0.0000e+00
     39.489   1680.479    13.6891   4.530402     2.9235     1.0827  1.6458079  13.689781    13.6833    38.4564    28.9296     4.5805    198.813 0.0000e+00
     39.247   1681.479    13.6897   4.530476     2.9332     1.1136  1.6389397  13.678158    13.6840    38.4567    28.9296     4.5966    199.514 0.0000e+00
     39.399   1682.479    13.6913   4.530633     2.9430     1.1206  1.6383292  13.680209    13.6855    38.4565    28.9291     4.6173    200.412 0.0000e+00
     39.585   1683.479    13.6994   4.531286     2.9531     1.1380  1.6361925  13.689097    13.6936    38.4545    28.9258     4.6354    201.198 0.0000e+00
     39.401   1684.479    13.7012   4.531551     2.9615     1.1302  1.6329365  13.685679    13.6954    38.4553    28.9260     4.6347    201.168 0.0000e+00
     39.272   1685.479    13.7046   4.531832     2.9606     1.1168  1.6314102  13.684995    13.6988    38.4546    28.9248     4.6061    199.925 0.0000e+00
     39.567   1686.479    13.7002   4.531438     2.9566     1.1168  1.6304436  13.694566    13.6944    38.4551    28.9261     4.6129    200.220 0.0000e+00
     39.810   1687.479    13.6933   4.530868     2.9614     1.1390  1.6279507  13.697301    13.6875    38.4565    28.9287     4.6484    201.760 0.0000e+00
     39.699   1688.479    13.7070   4.532091     2.9721     1.1439  1.6255087  13.696617    13.7012    38.4544    28.9241     4.6703    202.711 0.0000e+00
     39.594   1689.479    13.7103   4.532385     2.9788     1.1375  1.6235246  13.699352    13.7045    38.4539    28.9231     4.6777    203.035 0.0000e+00
     39.597   1690.479    13.7106   4.532329     2.9869     1.1420  1.6210826  13.702770    13.7048    38.4531    28.9223     4.6975    203.894 0.0000e+00
     39.559   1691.479    13.7143   4.532710     2.9948     1.1289  1.6199125  13.702086    13.7085    38.4530    28.9215     4.7117    204.511 0.0000e+00
     39.386   1692.479    13.7205   4.533346     3.0024     1.1218  1.6192511  13.703454    13.7147    38.4529    28.9201     4.7160    204.698 0.0000e+00
     39.218   1693.479    13.7223   4.533484     3.0029     1.1180  1.6186915  13.707555    13.7166    38.4525    28.9193     4.6937    203.730 0.0000e+00
     39.382   1694.479    13.7220   4.533483     2.9991     1.1262  1.6179284  13.704137    13.7163    38.4527    28.9195     4.6917    203.641 0.0000e+00
     39.568   1695.479    13.7197   4.533320     3.0026     1.1545  1.6166056  13.706872    13.7139    38.4533    28.9205     4.7168    204.733 0.0000e+00
     39.458   1696.479    13.7210   4.533360     3.0066     1.1518  1.6161986  13.707555    13.7152    38.4525    28.9196     4.7134    204.583 0.0000e+00
     39.592   1697.479    13.7215   4.533421     3.0060     1.1363  1.6153337  13.708239    13.7157    38.4525    28.9196     4.7085    204.372 0.0000e+00
     40.033   1698.479    13.7194   4.533289     3.0069     1.1456  1.6146723  13.706872    13.7135    38.4532    28.9205     4.7118    204.513 0.0000e+00
     40.041   1699.479    13.7205   4.533358     3.0074     1.1535  1.6144688  13.710290    13.7146    38.4527    28.9199     4.7142    204.617 0.0000e+00
     39.532   1700.479    13.7193   4.533197     3.0081     1.1659  1.6140110  13.710290    13.7135    38.4526    28.9201     4.7085    204.372 0.0000e+00
     39.124   1701.479    13.7204   4.533290     3.0051     1.1643  1.6134513  13.706188    13.7147    38.4526    28.9198     4.6994    203.976 0.0000e+00
     39.026   1702.479    13.7200   4.533271     3.0048     1.1463  1.6143162  13.704137    13.7143    38.4528    28.9201     4.7055    204.240 0.0000e+00
     39.109   1703.479    13.7204   4.533303     3.0041     1.1356  1.6148758  13.706188    13.7147    38.4527    28.9199     4.6996    203.983 0.0000e+00
     39.404   1704.479    13.7173   4.533028     3.0033     1.1390  1.6150285  13.706872    13.7115    38.4531    28.9209     4.7058    204.252 0.0000e+00
     39.826   1705.479    13.7161   4.532920     3.0056     1.1451  1.6150285  13.707555    13.7103    38.4531    28.9212     4.7200    204.872 0.0000e+00
     40.159   1706.479    13.7210   4.533448     3.0105     1.1447  1.6145197  13.708239    13.7151    38.4530    28.9201     4.7314    205.367 0.0000e+00
     40.191   1707.479    13.7233   4.533549     3.0142     1.1571  1.6147741  13.708239    13.7174    38.4517    28.9185     4.7357    205.551 0.0000e+00
     39.751   1708.479    13.7236   4.533605     3.0167     1.1490  1.6146723  13.708239    13.7178    38.4520    28.9187     4.7299    205.300 0.0000e+00
     39.069   1709.479    13.7249   4.533708     3.0153     1.1346  1.6145197  13.709606    13.7191    38.4521    28.9185     4.7231    205.003 0.0000e+00
     38.658   1710.479    13.7276   4.533959     3.0142     1.1453  1.6142653  13.710973    13.7219    38.4519    28.9178     4.7161    204.701 0.0000e+00
     38.837   1711.479    13.7236   4.533596     3.0118     1.1523  1.6146215  13.708239    13.7179    38.4524    28.9190     4.7180    204.785 0.0000e+00
     39.445   1712.479    13.7229   4.533567     3.0140     1.1523  1.6146215  13.710290    13.7171    38.4526    28.9193     4.7305    205.326 0.0000e+00
     39.926   1713.479    13.7241   4.533692     3.0138     1.1360  1.6149267  13.706872    13.7182    38.4524    28.9189     4.7141    204.616 0.0000e+00
     39.881   1714.479    13.7236   4.533632     3.0110     1.1371  1.6150285  13.708239    13.7177    38.4523    28.9190     4.7331    205.439 0.0000e+00
     39.121   1715.479    13.7236   4.533621     3.0231     1.1447  1.6149776  13.708239    13.7179    38.4525    28.9191     4.7861    207.740 0.0000e+00
     37.991   1716.479    13.7358   4.534785     3.0363     1.1407  1.6150285  13.710974    13.7303    38.4518    28.9159     4.8055    208.584 0.0000e+00
     37.072   1717.479    13.7466   4.535778     3.0472     1.1438  1.6132478  13.721911    13.7411    38.4509    28.9128     4.8119    208.859 0.0000e+00
     36.615   1718.479    13.7476   4.535908     3.0522     1.1541  1.6106532  13.729430    13.7422    38.4513    28.9129     4.8177    209.111 0.0000e+00
     36.127   1719.479    13.7455   4.535694     3.0608     1.1731  1.6083130  13.734215    13.7402    38.4516    28.9136     4.8376    209.977 0.0000e+00
     35.372   1720.479    13.7550   4.536537     3.0657     1.2030  1.6056166  13.732848    13.7498    38.4504    28.9106     4.8230    209.341 0.0000e+00
     34.867   1721.479    13.7555   4.536569     3.0623     1.2079  1.6034290  13.730114    13.7504    38.4504    28.9105     4.8034    208.491 0.0000e+00
     34.832   1722.479    13.7478   4.535762     3.0607     1.2011  1.6030729  13.730114    13.7427    38.4505    28.9122     4.8199    209.208 0.0000e+00
     34.506   1723.479    13.7447   4.535465     3.0677     1.1901  1.6024623  13.730798    13.7396    38.4510    28.9132     4.8813    211.872 0.0000e+00
     33.522   1724.479    13.7579   4.536747     3.0963     1.1980  1.6005800  13.742418    13.7530    38.4503    28.9098     5.0028    217.146 0.0000e+00
     32.437   1725.479    13.7891   4.539781     3.1389     1.2136  1.5979345  13.745835    13.7844    38.4482    28.9015     5.0873    220.816 0.0000e+00
     31.489   1726.479    13.8258   4.543277     3.1714     1.2550  1.5943223  13.771124    13.8212    38.4450    28.8911     5.0854    220.737 0.0000e+00
     30.740   1727.479    13.8434   4.544960     3.1746     1.3259  1.5859789  13.803927    13.8389    38.4436    28.8862     4.9882    216.516 0.0000e+00
     30.482   1728.479    13.8280   4.543504     3.1516     1.3777  1.5783476  13.790260    13.8235    38.4454    28.8909     4.9142    213.306 0.0000e+00
     30.575   1729.479    13.7777   4.538532     3.1338     1.3256  1.5779915  13.769074    13.7732    38.4487    28.9043     4.9125    213.227 0.0000e+00
     30.618   1730.479    13.7782   4.538625     3.1278     1.2900  1.5785002  13.762923    13.7737    38.4491    28.9045     4.9308    214.023 0.0000e+00
     30.411   1731.479    13.7853   4.539317     3.1260     1.2642  1.5804843  13.767707    13.7808    38.4486    28.9026     4.9314    214.050 0.0000e+00
     30.169   1732.479    13.7813   4.538887     3.1257     1.2655  1.5810948  13.780693    13.7769    38.4487    28.9035     4.9556    215.101 0.0000e+00
     29.969   1733.479    13.7843   4.539056     3.1412     1.3136  1.5795686  13.792994    13.7799    38.4473    28.9017     5.0431    218.899 0.0000e+00
     30.053   1734.479    13.8099   4.541699     3.1688     1.3202  1.5783476  13.776592    13.8055    38.4467    28.8957     5.0923    221.037 0.0000e+00
     30.397   1735.479    13.8372   4.544325     3.1865     1.3076  1.5781441  13.768391    13.8327    38.4440    28.8878     5.0935    221.089 0.0000e+00
     30.538   1736.479    13.8342   4.544103     3.1953     1.3158  1.5783985  13.777276    13.8297    38.4449    28.8891     5.0919    221.017 0.0000e+00
     30.404   1737.479    13.8321   4.543820     3.2016     1.3209  1.5774827  13.786843    13.8276    38.4444    28.8892     5.1075    221.694 0.0000e+00
     30.125   1738.479    13.8379   4.544399     3.2106     1.2837  1.5732092  13.821010    13.8335    38.4442    28.8878     5.1190    222.197 0.0000e+00
     29.797   1739.479    13.8442   4.545127     3.2131     1.2473  1.5654762  13.806661    13.8398    38.4449    28.8870     5.1043    221.559 0.0000e+00
     29.903   1740.479    13.8413   4.544756     3.2121     1.2577  1.5634921  13.800511    13.8369    38.4442    28.8871     5.1011    221.421 0.0000e+00
     30.511   1741.479    13.8348   4.544136     3.2128     1.2923  1.5629833  13.809394    13.8303    38.4446    28.8888     5.0986    221.312 0.0000e+00
     30.765   1742.479    13.8392   4.544558     3.2079     1.3643  1.5622202  13.813495    13.8347    38.4441    28.8874     5.0808    220.539 0.0000e+00
     30.418   1743.479    13.8371   4.544339     3.2069     1.3319  1.5607449  13.815544    13.8326    38.4442    28.8880     5.1004    221.390 0.0000e+00
     30.106   1744.479    13.8370   4.544318     3.2120     1.2762  1.5597274  13.828527    13.8326    38.4443    28.8881     5.1209    222.278 0.0000e+00
     30.051   1745.479    13.8437   4.544912     3.2185     1.2751  1.5579976  13.825794    13.8393    38.4432    28.8858     5.1328    222.797 0.0000e+00
     30.042   1746.479    13.8464   4.545202     3.2239     1.2986  1.5569292  13.821694    13.8420    38.4433    28.8853     5.1553    223.772 0.0000e+00
     30.153   1747.479    13.8498   4.545611     3.2369     1.3243  1.5555556  13.826477    13.8454    38.4436    28.8848     5.1797    224.831 0.0000e+00
     30.445   1748.479    13.8583   4.546513     3.2412     1.4002  1.5542837  13.828527    13.8538    38.4436    28.8829     5.1726    224.522 0.0000e+00
     30.551   1749.479    13.8624   4.546878     3.2473     1.4326  1.5518417  13.842876    13.8579    38.4429    28.8815     5.1938    225.444 0.0000e+00
     30.356   1750.479    13.8668   4.547312     3.2555     1.3919  1.5488400  13.850392    13.8623    38.4427    28.8804     5.2080    226.059 0.0000e+00
     30.120   1751.479    13.8714   4.547755     3.2604     1.2980  1.5447700  13.877037    13.8670    38.4424    28.8792     5.2118    226.225 0.0000e+00
     30.109   1752.479    13.8714   4.547810     3.2670     1.2550  1.5392755  13.879769    13.8670    38.4429    28.8796     5.2296    226.996 0.0000e+00
     30.374   1753.479    13.8796   4.548604     3.2729     1.3082  1.5364774  13.868839    13.8751    38.4420    28.8772     5.2325    227.124 0.0000e+00
