Boussole/Data/SBEMOOSE/Work/cnv/bous225_01.cnv
* Sea-Bird SBE 9 Data File:
* FileName = C:\boussole\202012\bous225_01.hdr
* Software Version Seasave V 7.23.2
* Temperature SN = 2473
* Conductivity SN = 2929
* Number of Bytes Per Scan = 37
* Number of Voltage Words = 4
* Number of Scans Averaged by the Deck Unit = 1
* NMEA Latitude = 43 22.09 N
* NMEA Longitude = 007 54.55 E
* NMEA UTC (Time) = Dec 09 2020  11:37:50
* NMEA baud rate = 4800
** Navire
** Station:
** Date
** Heure debut [TU]
** Heure fin [TU]
** Heure locale / TU = +0
** Latitude
** Longitude
** Heure meteo [TU]
** T air sec [deg C]
** T mer [deg C]
** Vent [noeuds, degres]
# nquan = 14
# nvalues = 2192                        
# units = specified
# name 0 = prDM: Pressure, Digiquartz [db]
# name 1 = timeS: Time, Elapsed [seconds]
# name 2 = t090C: Temperature [ITS-90, deg C]
# name 3 = c0S/m: Conductivity [S/m]
# name 4 = sbeox0V: Oxygen raw, SBE 43 [V]
# name 5 = flC: Fluorescence, Chelsea Aqua 3 Chl Con [ug/l]
# name 6 = upoly0: Upoly 0, RINKOIII_DO
# name 7 = upoly1: Upoly 1, RINKOIII_Temp
# name 8 = potemp090C: Potential Temperature [ITS-90, deg C]
# name 9 = sal00: Salinity, Practical [PSU]
# name 10 = sigma-é00: Density [sigma-theta, kg/m^3]
# name 11 = sbeox0ML/L: Oxygen, SBE 43 [ml/l], WS = 2
# name 12 = sbox0Mm/Kg: Oxygen, SBE 43 [umol/kg], WS = 2
# name 13 = flag: flag
# span 0 =      0.459,    405.652       
# span 1 =      0.479,   2191.188       
# span 2 =    13.7307,    15.0594       
# span 3 =   4.545614,   4.626453       
# span 4 =     1.4440,     2.6649       
# span 5 =     0.1111,     0.4788       
# span 6 =  1.5356125,  1.8368946       
# span 7 =  13.713708,  15.029992       
# span 8 =    13.6711,    15.0592       
# span 9 =    38.0152,    38.6454       
# span 10 =    28.2860,    29.0755      
# span 11 =     3.3069,     7.3061      
# span 12 =    143.514,    317.120      
# span 13 = 0.0000e+00, 0.0000e+00      
# interval = seconds: 1                 
# start_time = Dec 09 2020 11:37:50 [NMEA time, header]
# bad_flag = -9.990e-29
*END*
[from data line 723]
    404.700    723.479    13.7330   4.571819     1.4478     0.1392  1.8361314  13.717810    13.6729    38.6417    29.0753     3.3188    144.030 0.0000e+00
    404.396    724.479    13.7333   4.571832     1.4457     0.1470  1.8358770  13.717810    13.6733    38.6417    29.0752     3.3184    144.013 0.0000e+00
    404.256    725.479    13.7335   4.571850     1.4460     0.1508  1.8362840  13.718493    13.6735    38.6417    29.0752     3.3236    144.237 0.0000e+00
    404.701    726.479    13.7332   4.571849     1.4460     0.1540  1.8362332  13.715759    13.6732    38.6417    29.0753     3.3288    144.465 0.0000e+00
    405.145    727.479    13.7330   4.571835     1.4469     0.1420  1.8364876  13.715075    13.6729    38.6417    29.0753     3.3228    144.205 0.0000e+00
    405.188    728.479    13.7327   4.571818     1.4452     0.1396  1.8363349  13.716442    13.6726    38.6417    29.0754     3.3153    143.879 0.0000e+00
    405.055    729.479    13.7328   4.571827     1.4454     0.1338  1.8363858  13.715075    13.6727    38.6418    29.0755     3.3310    144.561 0.0000e+00
    405.054    730.479    13.7330   4.571839     1.4475     0.1335  1.8362332  13.716442    13.6729    38.6417    29.0753     3.3369    144.818 0.0000e+00
    405.287    731.479    13.7330   4.571846     1.4478     0.1221  1.8361823  13.715075    13.6728    38.6417    29.0753     3.3243    144.267 0.0000e+00
    404.929    732.479    13.7330   4.571844     1.4457     0.1263  1.8365384  13.714392    13.6729    38.6418    29.0754     3.3155    143.888 0.0000e+00
    404.361    733.479    13.7334   4.571839     1.4459     0.1422  1.8366402  13.715075    13.6734    38.6417    29.0752     3.3323    144.615 0.0000e+00
    404.516    734.479    13.7333   4.571841     1.4481     0.1472  1.8363858  13.714392    13.6733    38.6416    29.0752     3.3348    144.722 0.0000e+00
    404.948    735.479    13.7332   4.571854     1.4467     0.1506  1.8362332  13.713708    13.6731    38.6417    29.0753     3.3137    143.811 0.0000e+00
    404.682    736.479    13.7331   4.571833     1.4452     0.1409  1.8366402  13.715075    13.6731    38.6417    29.0753     3.3186    144.020 0.0000e+00
    404.443    737.479    13.7332   4.571820     1.4457     0.1368  1.8364367  13.713708    13.6732    38.6416    29.0752     3.3276    144.411 0.0000e+00
    404.828    738.479    13.7332   4.571849     1.4465     0.1371  1.8364876  13.715075    13.6731    38.6417    29.0753     3.3283    144.444 0.0000e+00
    405.259    739.479    13.7330   4.571840     1.4463     0.1297  1.8364367  13.714392    13.6729    38.6416    29.0753     3.3221    144.173 0.0000e+00
    405.216    740.479    13.7330   4.571839     1.4462     0.1345  1.8365384  13.715759    13.6729    38.6417    29.0754     3.3326    144.629 0.0000e+00
    405.181    741.479    13.7329   4.571832     1.4484     0.1459  1.8363858  13.715759    13.6728    38.6417    29.0753     3.3413    145.008 0.0000e+00
    405.271    742.479    13.7327   4.571799     1.4484     0.1431  1.8365384  13.713708    13.6725    38.6416    29.0754     3.3209    144.119 0.0000e+00
    404.872    743.479    13.7328   4.571807     1.4456     0.1399  1.8363349  13.715759    13.6727    38.6417    29.0754     3.3137    143.806 0.0000e+00
    404.311    744.479    13.7330   4.571798     1.4463     0.1294  1.8364367  13.715075    13.6730    38.6416    29.0753     3.3391    144.909 0.0000e+00
    404.526    745.479    13.7330   4.571821     1.4490     0.1318  1.8363349  13.713708    13.6730    38.6417    29.0753     3.3364    144.795 0.0000e+00
    405.112    746.479    13.7328   4.571817     1.4466     0.1332  1.8363858  13.714392    13.6727    38.6417    29.0754     3.3069    143.514 0.0000e+00
    404.642    747.479    13.7331   4.571815     1.4440     0.1324  1.8364876  13.714392    13.6730    38.6416    29.0752     3.3128    143.768 0.0000e+00
    404.214    748.479    13.7331   4.571795     1.4459     0.1352  1.8364876  13.713708    13.6731    38.6416    29.0752     3.3412    145.001 0.0000e+00
    404.894    749.479    13.7330   4.571833     1.4480     0.1392  1.8363349  13.714392    13.6729    38.6417    29.0754     3.3275    144.409 0.0000e+00
    405.567    750.479    13.7327   4.571833     1.4457     0.1349  1.8364876  13.715759    13.6725    38.6418    29.0755     3.3156    143.893 0.0000e+00
    405.174    751.479    13.7331   4.571835     1.4461     0.1301  1.8366911  13.714392    13.6730    38.6415    29.0752     3.3364    144.795 0.0000e+00
    405.187    752.479    13.7328   4.571812     1.4487     0.1386  1.8364876  13.713708    13.6727    38.6416    29.0753     3.3377    144.852 0.0000e+00
    405.385    753.479    13.7327   4.571821     1.4471     0.1456  1.8366911  13.713708    13.6725    38.6417    29.0754     3.3140    143.824 0.0000e+00
    404.785    754.479    13.7328   4.571795     1.4453     0.1427  1.8367419  13.714392    13.6727    38.6416    29.0753     3.3184    144.015 0.0000e+00
    404.224    755.479    13.7328   4.571763     1.4463     0.1348  1.8366911  13.715075    13.6728    38.6416    29.0753     3.3351    144.739 0.0000e+00
    404.543    756.479    13.7327   4.571781     1.4479     0.1217  1.8366402  13.715075    13.6727    38.6417    29.0754     3.3313    144.571 0.0000e+00
    405.013    757.479    13.7328   4.571797     1.4464     0.1209  1.8364876  13.715759    13.6727    38.6416    29.0753     3.3143    143.834 0.0000e+00
    404.702    758.479    13.7328   4.571792     1.4454     0.1296  1.8367419  13.715075    13.6727    38.6417    29.0754     3.3243    144.270 0.0000e+00
    404.514    759.479    13.7329   4.571796     1.4472     0.1374  1.8364367  13.715075    13.6729    38.6417    29.0753     3.3362    144.784 0.0000e+00
    404.971    760.479    13.7328   4.571806     1.4471     0.1366  1.8365384  13.713708    13.6727    38.6416    29.0753     3.3238    144.246 0.0000e+00
    405.123    761.479    13.7326   4.571796     1.4464     0.1297  1.8366402  13.714392    13.6725    38.6416    29.0754     3.3234    144.230 0.0000e+00
    405.051    762.479    13.7327   4.571799     1.4467     0.1367  1.8360806  13.716442    13.6726    38.6417    29.0754     3.3316    144.586 0.0000e+00
    405.293    763.479    13.7328   4.571826     1.4477     0.1266  1.8365384  13.713708    13.6727    38.6417    29.0754     3.3361    144.780 0.0000e+00
    405.563    764.479    13.7328   4.571842     1.4486     0.1248  1.8366402  13.714392    13.6726    38.6417    29.0754     3.3335    144.669 0.0000e+00
    405.153    765.479    13.7328   4.571810     1.4480     0.1245  1.8364876  13.714392    13.6727    38.6416    29.0753     3.3248    144.291 0.0000e+00
    404.450    766.479    13.7327   4.571770     1.4467     0.1212  1.8368946  13.715075    13.6727    38.6417    29.0754     3.3159    143.903 0.0000e+00
    404.060    767.479    13.7328   4.571752     1.4452     0.1299  1.8367928  13.714392    13.6728    38.6415    29.0752     3.3191    144.042 0.0000e+00
    404.075    768.479    13.7329   4.571772     1.4460     0.1292  1.8365384  13.714392    13.6729    38.6416    29.0752     3.3282    144.438 0.0000e+00
    404.719    769.479    13.7328   4.571806     1.4462     0.1328  1.8364876  13.714392    13.6727    38.6418    29.0754     3.3233    144.224 0.0000e+00
    405.260    770.479    13.7326   4.571788     1.4460     0.1321  1.8363858  13.715759    13.6724    38.6416    29.0754     3.3272    144.396 0.0000e+00
    405.183    771.479    13.7324   4.571767     1.4470     0.1325  1.8364876  13.714392    13.6723    38.6416    29.0754     3.3291    144.478 0.0000e+00
    405.124    772.479    13.7326   4.571775     1.4464     0.1431  1.8368946  13.713708    13.6725    38.6415    29.0753     3.3222    144.179 0.0000e+00
    405.012    773.479    13.7324   4.571749     1.4463     0.1472  1.8367419  13.715075    13.6723    38.6415    29.0753     3.3238    144.249 0.0000e+00
    404.793    774.479    13.7327   4.571777     1.4457     0.1404  1.8367419  13.715075    13.6725    38.6416    29.0753     3.3183    144.010 0.0000e+00
    404.805    775.479    13.7326   4.571767     1.4453     0.1347  1.8365893  13.713708    13.6725    38.6415    29.0753     3.3291    144.479 0.0000e+00
    404.938    776.479    13.7327   4.571777     1.4478     0.1452  1.8365893  13.713708    13.6726    38.6415    29.0753     3.3408    144.983 0.0000e+00
    405.122    777.479    13.7324   4.571749     1.4480     0.1384  1.8365384  13.714392    13.6723    38.6415    29.0753     3.3228    144.204 0.0000e+00
    404.917    778.479    13.7321   4.571722     1.4459     0.1379  1.8363858  13.715759    13.6720    38.6416    29.0754     3.3124    143.751 0.0000e+00
    404.194    779.479    13.7324   4.571705     1.4448     0.1390  1.8364367  13.713708    13.6724    38.6415    29.0753     3.3193    144.051 0.0000e+00
    404.071    780.479    13.7321   4.571685     1.4455     0.1505  1.8366911  13.715075    13.6722    38.6416    29.0754     3.3269    144.380 0.0000e+00
    404.866    781.479    13.7320   4.571714     1.4461     0.1436  1.8368437  13.714392    13.6719    38.6417    29.0755     3.3238    144.248 0.0000e+00
    405.382    782.479    13.7320   4.571743     1.4455     0.1498  1.8365893  13.713708    13.6719    38.6416    29.0755     3.3202    144.092 0.0000e+00
    405.319    783.479    13.7320   4.571731     1.4455     0.1444  1.8365893  13.714392    13.6719    38.6416    29.0755     3.3261    144.347 0.0000e+00
    405.341    784.479    13.7321   4.571733     1.4468     0.1431  1.8366402  13.715759    13.6719    38.6415    29.0754     3.3381    144.869 0.0000e+00
    405.400    785.479    13.7319   4.571706     1.4485     0.1417  1.8365893  13.715075    13.6717    38.6414    29.0754     3.3348    144.725 0.0000e+00
    405.111    786.479    13.7316   4.571666     1.4471     0.1575  1.8368946  13.714392    13.6715    38.6414    29.0754     3.3146    143.849 0.0000e+00
    404.322    787.479    13.7319   4.571631     1.4452     0.1407  1.8367419  13.713708    13.6719    38.6412    29.0752     3.3143    143.833 0.0000e+00
    403.591    788.479    13.7318   4.571605     1.4450     0.1426  1.8365384  13.713708    13.6719    38.6414    29.0753     3.3237    144.243 0.0000e+00
    403.825    789.479    13.7318   4.571644     1.4458     0.1436  1.8366402  13.714392    13.6719    38.6416    29.0755     3.3192    144.045 0.0000e+00
    404.666    790.479    13.7317   4.571658     1.4443     0.1399  1.8365893  13.713708    13.6716    38.6415    29.0755     3.3158    143.898 0.0000e+00
    405.035    791.479    13.7317   4.571676     1.4451     0.1388  1.8363858  13.713708    13.6716    38.6415    29.0754     3.3319    144.598 0.0000e+00
    405.360    792.479    13.7316   4.571672     1.4474     0.1451  1.8365893  13.715075    13.6714    38.6414    29.0754     3.3385    144.887 0.0000e+00
    405.652    793.479    13.7314   4.571656     1.4479     0.1399  1.8367419  13.713708    13.6711    38.6414    29.0755     3.3286    144.454 0.0000e+00
    405.315    794.479    13.7314   4.571649     1.4467     0.1352  1.8366911  13.713708    13.6712    38.6415    29.0755     3.3219    144.166 0.0000e+00
    404.669    795.479    13.7317   4.571650     1.4467     0.1387  1.8365384  13.714392    13.6716    38.6414    29.0754     3.3277    144.414 0.0000e+00
    404.382    796.479    13.7317   4.571633     1.4470     0.1419  1.8364367  13.714392    13.6717    38.6414    29.0754     3.3256    144.326 0.0000e+00
    404.424    797.479    13.7317   4.571639     1.4464     0.1396  1.8365384  13.715075    13.6717    38.6414    29.0754     3.3215    144.147 0.0000e+00
    404.367    798.479    13.7316   4.571625     1.4461     0.1237  1.8364876  13.713708    13.6716    38.6414    29.0754     3.3257    144.330 0.0000e+00
    404.272    799.479    13.7317   4.571620     1.4466     0.1263  1.8367419  13.714392    13.6717    38.6413    29.0753     3.3275    144.408 0.0000e+00
    404.218    800.479    13.7318   4.571623     1.4468     0.1298  1.8367419  13.715075    13.6718    38.6413    29.0752     3.3292    144.480 0.0000e+00
    404.053    801.479    13.7318   4.571628     1.4472     0.1254  1.8364876  13.713708    13.6718    38.6414    29.0753     3.3298    144.507 0.0000e+00
    403.800    802.479    13.7319   4.571630     1.4475     0.1407  1.8363858  13.715759    13.6720    38.6414    29.0753     3.3338    144.680 0.0000e+00
    403.627    803.479    13.7320   4.571641     1.4483     0.1476  1.8364876  13.715075    13.6721    38.6415    29.0753     3.3286    144.456 0.0000e+00
    403.220    804.479    13.7322   4.571641     1.4469     0.1533  1.8360805  13.713708    13.6723    38.6415    29.0753     3.3226    144.195 0.0000e+00
    402.789    805.479    13.7325   4.571644     1.4475     0.1461  1.8365384  13.715075    13.6727    38.6414    29.0752     3.3332    144.654 0.0000e+00
    402.736    806.479    13.7327   4.571672     1.4483     0.1330  1.8366402  13.715075    13.6729    38.6414    29.0751     3.3368    144.813 0.0000e+00
    402.754    807.479    13.7327   4.571677     1.4490     0.1325  1.8363858  13.713708    13.6729    38.6415    29.0751     3.3350    144.735 0.0000e+00
    402.400    808.479    13.7330   4.571693     1.4489     0.1334  1.8363858  13.714392    13.6733    38.6416    29.0752     3.3305    144.536 0.0000e+00
    401.773    809.479    13.7330   4.571655     1.4484     0.1332  1.8363349  13.713708    13.6734    38.6414    29.0750     3.3339    144.687 0.0000e+00
    401.159    810.479    13.7329   4.571623     1.4497     0.1409  1.8363349  13.713708    13.6734    38.6415    29.0751     3.3357    144.763 0.0000e+00
    400.756    811.479    13.7334   4.571652     1.4486     0.1334  1.8364367  13.713708    13.6739    38.6415    29.0749     3.3219    144.166 0.0000e+00
    400.231    812.479    13.7337   4.571677     1.4476     0.1339  1.8363858  13.715759    13.6743    38.6416    29.0750     3.3343    144.701 0.0000e+00
    399.938    813.479    13.7345   4.571747     1.4502     0.1378  1.8362840  13.713708    13.6751    38.6416    29.0748     3.3475    145.274 0.0000e+00
    400.123    814.479    13.7345   4.571762     1.4506     0.1293  1.8363349  13.715075    13.6751    38.6416    29.0748     3.3352    144.743 0.0000e+00
    399.769    815.479    13.7348   4.571782     1.4498     0.1184  1.8362840  13.715075    13.6754    38.6418    29.0748     3.3343    144.704 0.0000e+00
    398.905    816.479    13.7352   4.571750     1.4508     0.1231  1.8361823  13.713708    13.6760    38.6414    29.0745     3.3491    145.344 0.0000e+00
    398.402    817.479    13.7351   4.571735     1.4523     0.1430  1.8362332  13.715759    13.6760    38.6415    29.0746     3.3415    145.014 0.0000e+00
    398.020    818.479    13.7351   4.571708     1.4510     0.1431  1.8363349  13.714392    13.6761    38.6415    29.0745     3.3338    144.683 0.0000e+00
    397.258    819.479    13.7351   4.571656     1.4514     0.1422  1.8358771  13.716442    13.6762    38.6413    29.0744     3.3447    145.156 0.0000e+00
    396.821    820.479    13.7350   4.571614     1.4521     0.1558  1.8357753  13.715075    13.6761    38.6413    29.0743     3.3448    145.157 0.0000e+00
    396.698    821.479    13.7349   4.571607     1.4525     0.1524  1.8360806  13.715759    13.6760    38.6413    29.0743     3.3388    144.897 0.0000e+00
    396.306    822.479    13.7350   4.571594     1.4513     0.1462  1.8358262  13.715075    13.6762    38.6413    29.0743     3.3394    144.923 0.0000e+00
    395.695    823.479    13.7349   4.571553     1.4526     0.1544  1.8354701  13.716442    13.6761    38.6413    29.0743     3.3519    145.465 0.0000e+00
    395.430    824.479    13.7349   4.571550     1.4540     0.1608  1.8357753  13.715759    13.6762    38.6414    29.0744     3.3535    145.535 0.0000e+00
