Boussole/Data/SBEMOOSE/Work/cnv/bous232_01.cnv
* Sea-Bird SBE 9 Data File:
* FileName = C:\boussole\202107\bous232_01.hdr
* Software Version Seasave V 7.23.2
* Temperature SN = 2473
* Conductivity SN = 2929
* Number of Bytes Per Scan = 24
* Number of Voltage Words = 4
* Number of Scans Averaged by the Deck Unit = 1
* NMEA baud rate = 4800
** Campagne = BOUSSOLE 232
** Navire = Tethys II
** Station = BOUS232_01
** Date = 12/07/2021
** Heure debut [TU] = 11:01
** Heure fin [TU] = 11:22
** Heure locale / TU = +2
** Latitude = 43 21.957 N
** Longitude = 007 53.921 E
** Heure meteo [TU] = 11:09
** T air sec [deg C] = 23.4
** T mer [deg C] = 23.50
** Vent [noeuds, degres] = 12.5, 71
** Pression atm [hpa] = 1012.1
** Humidite [%] = 82.3
** Nebulosite [octas] = 6-7
** Etat de la mer [code S] = 3
# nquan = 14
# nvalues = 1256                        
# units = specified
# name 0 = prDM: Pressure, Digiquartz [db]
# name 1 = timeS: Time, Elapsed [seconds]
# name 2 = t090C: Temperature [ITS-90, deg C]
# name 3 = c0S/m: Conductivity [S/m]
# name 4 = sbeox0V: Oxygen raw, SBE 43 [V]
# name 5 = flC: Fluorescence, Chelsea Aqua 3 Chl Con [ug/l]
# name 6 = upoly0: Upoly 0, RINKOIII_DO
# name 7 = upoly1: Upoly 1, RINKOIII_Temp
# name 8 = potemp090C: Potential Temperature [ITS-90, deg C]
# name 9 = sal00: Salinity, Practical [PSU]
# name 10 = sigma-é00: Density [sigma-theta, kg/m^3]
# name 11 = sbeox0ML/L: Oxygen, SBE 43 [ml/l], WS = 2
# name 12 = sbox0Mm/Kg: Oxygen, SBE 43 [umol/kg], WS = 2
# name 13 = flag: flag
# span 0 =      0.055,    301.755       
# span 1 =      0.479,   1255.042       
# span 2 =    13.5820,    23.2054       
# span 3 =   4.524931,   5.547696       
# span 4 =     2.4715,     3.9879       
# span 5 =    -0.2341,     2.4195       
# span 6 =  1.3346561,  1.8145095       
# span 7 =  13.583105,  23.159161       
# span 8 =    13.5685,    23.2051       
# span 9 =    38.2073,    38.6675       
# span 10 =    26.3832,    29.0720      
# span 11 =     3.7479,     6.2575      
# span 12 =    162.651,    271.846      
# span 13 = 0.0000e+00, 0.0000e+00      
# interval = seconds: 1                 
# start_time = Jul 12 2021 11:01:32 [System UTC, header]
# bad_flag = -9.990e-29
*END*
[from data line 1239]
      3.590   1239.479    23.1024   5.536672     3.6019     0.1985  1.3887363  23.101038    23.1017    38.3094    26.4162     4.9134    213.783 0.0000e+00
      2.832   1240.479    23.1268   5.539315     3.5929     0.1933  1.3885328  23.111416    23.1262    38.3090    26.4087     4.8961    213.035 0.0000e+00
      2.286   1241.479    23.1302   5.539681     3.5936     0.1861  1.3886854  23.113491    23.1297    38.3091    26.4077     4.9061    213.470 0.0000e+00
      1.825   1242.479    23.1371   5.540411     3.5915     0.1976  1.3884819  23.114183    23.1367    38.3089    26.4055     4.8967    213.061 0.0000e+00
      1.242   1243.479    23.1434   5.541115     3.5907     0.2173  1.3885836  23.128021    23.1431    38.3092    26.4038     4.9005    213.227 0.0000e+00
      0.700   1244.479    23.1529   5.542219     3.5933     0.2157  1.3882275  23.130789    23.1528    38.3096    26.4014     4.9070    213.508 0.0000e+00
      0.446   1245.479    23.1670   5.543747     3.5962     0.2397  1.3877697  23.142552    23.1669    38.3094    26.3970     4.9066    213.492 0.0000e+00
      0.173   1246.479    23.1704   5.544027     3.5952     0.2081  1.3879223  23.152933    23.1704    38.3087    26.3955     4.9025    213.315 0.0000e+00
      0.091   1247.479    23.1691   5.543866     3.5954     0.1786  1.3879731  23.157777    23.1691    38.3086    26.3958     4.9010    213.250 0.0000e+00
      0.136   1248.479    23.1595   5.542749     3.5920     0.1924  1.3887871  23.146704    23.1595    38.3082    26.3983     4.8951    212.994 0.0000e+00
      0.261   1249.479    23.1643   5.543256     3.5920     0.2362  1.3890415  23.159161    23.1642    38.3080    26.3967     4.8994    213.181 0.0000e+00
      0.121   1250.479    23.1721   5.544127     3.5923     0.2791  1.3888889  23.159161    23.1721    38.3080    26.3944     4.8932    212.913 0.0000e+00
      0.055   1251.479    23.1720   5.543847     3.5861     0.1329  1.3886345  23.134249    23.1719    38.3060    26.3929     4.8767    212.193 0.0000e+00
      0.385   1252.479    23.1729   5.544340     3.5841     0.1096  1.3905678  23.159161    23.1728    38.3088    26.3948     4.8750    212.121 0.0000e+00
      0.155   1253.479    23.1713   5.544181 -9.990e-29     0.1745  1.3900590  23.152933    23.1713    38.3091    26.3955 -9.990e-29 -9.990e-29 0.0000e+00
      0.059   1254.479    23.1719   5.544287 -9.990e-29    -0.0772  1.3891941  23.141860    23.1719    38.3094    26.3955 -9.990e-29 -9.990e-29 0.0000e+00
      0.089   1255.042    23.1869   5.546002 -9.990e-29    -0.2341  1.3907204  23.142552    23.1869    38.3097    26.3914 -9.990e-29 -9.990e-29 0.0000e+00
