Boussole/Data/SBEMOOSE/Work/cnv/bous235_02.cnv
* Sea-Bird SBE 9 Data File:
* FileName = C:\boussole\202110\bous235_02.hdr
* Software Version Seasave V 7.23.2
* Temperature SN = 1378
* Conductivity SN = 2929
* Number of Bytes Per Scan = 34
* Number of Voltage Words = 3
* Number of Scans Averaged by the Deck Unit = 1
* NMEA Latitude = 43 21.93 N
* NMEA Longitude = 007 53.76 E
* NMEA UTC (Time) = Oct 12 2021  12:10:20
* NMEA baud rate = 4800
** Campagne = BOUSSOLE 235
** Navire = Tethys II
** Station = BOUS235_02
** Date = 12/10/2021
** Heure debut [TU] = 12:10
** Heure fin [TU] = 13:35
** Heure locale / TU = +2
** Latitude = 43 21.932 N
** Longitude = 007 53.766 E
** Heure meteo [TU] = 12:10
** T air sec [deg C] = 19.8
** T mer [deg C] = 19.68
** Vent [noeuds, degres] = 3.1, 230
** Pression atm [hpa] = 1013.2
** Humidite [%] = 70.6
** Nebulosite [octas] = 1
** Etat de la mer [code S] = 2
# nquan = 14
# nvalues = 5136                        
# units = specified
# name 0 = prDM: Pressure, Digiquartz [db]
# name 1 = timeS: Time, Elapsed [seconds]
# name 2 = t090C: Temperature [ITS-90, deg C]
# name 3 = c0S/m: Conductivity [S/m]
# name 4 = sbeox0V: Oxygen raw, SBE 43 [V]
# name 5 = flC: Fluorescence, Chelsea Aqua 3 Chl Con [ug/l]
# name 6 = upoly0: Upoly 0, RINKOIII_DO
# name 7 = upoly1: Upoly 1, RINKOIII_Temp
# name 8 = potemp090C: Potential Temperature [ITS-90, deg C]
# name 9 = sal00: Salinity, Practical [PSU]
# name 10 = sigma-é00: Density [sigma-theta, kg/m^3]
# name 11 = sbeox0ML/L: Oxygen, SBE 43 [ml/l], WS = 2
# name 12 = sbox0Mm/Kg: Oxygen, SBE 43 [umol/kg], WS = 2
# name 13 = flag: flag
# span 0 =      0.875,    404.375       
# span 1 =      0.479,   5135.354       
# span 2 =    13.6812,    19.7498       
# span 3 =   4.534670,   5.169063       
# span 4 =     2.4060,     3.5948       
# span 5 =     0.1645,     0.7494       
# span 6 =  1.4217033,  1.8200041       
# span 7 =  13.664484,  19.688600       
# span 8 =    13.6214,    19.7495       
# span 9 =    38.3334,    38.6470       
# span 10 =    27.3802,    29.0830      
# span 11 =     3.6642,     5.7103      
# span 12 =    159.018,    247.963      
# span 13 = 0.0000e+00, 0.0000e+00      
# interval = seconds: 1                 
# start_time = Oct 12 2021 12:10:20 [NMEA time, header]
# bad_flag = -9.990e-29
*END*
[from data line 2684]
     50.371   2684.479    13.7892   4.537127     2.8838     0.7132  1.6655474  13.773175    13.7818    38.4148    28.8761     4.4617    193.669 0.0000e+00
     50.146   2685.479    13.7894   4.537149     2.8826     0.7098  1.6653439  13.771808    13.7820    38.4149    28.8762     4.4566    193.447 0.0000e+00
     50.115   2686.479    13.7894   4.537146     2.8807     0.7081  1.6657509  13.773175    13.7820    38.4149    28.8762     4.4546    193.360 0.0000e+00
     50.340   2687.479    13.7891   4.537126     2.8808     0.7176  1.6655474  13.775909    13.7817    38.4149    28.8762     4.4621    193.683 0.0000e+00
     50.448   2688.479    13.7887   4.537091     2.8828     0.7152  1.6657001  13.773175    13.7813    38.4149    28.8763     4.4667    193.885 0.0000e+00
     50.243   2689.479    13.7893   4.537144     2.8829     0.7139  1.6655474  13.771808    13.7819    38.4149    28.8762     4.4604    193.611 0.0000e+00
     50.042   2690.479    13.7893   4.537122     2.8821     0.7103  1.6652422  13.771808    13.7820    38.4148    28.8761     4.4564    193.436 0.0000e+00
     50.154   2691.479    13.7893   4.537134     2.8804     0.7034  1.6654457  13.773858    13.7819    38.4148    28.8761     4.4553    193.387 0.0000e+00
     50.386   2692.479    13.7891   4.537125     2.8807     0.7060  1.6655983  13.776592    13.7817    38.4148    28.8762     4.4612    193.644 0.0000e+00
     50.459   2693.479    13.7888   4.537098     2.8823     0.7221  1.6655983  13.775225    13.7814    38.4148    28.8763     4.4650    193.808 0.0000e+00
     50.293   2694.479    13.7895   4.537148     2.8828     0.7123  1.6654966  13.771808    13.7821    38.4147    28.8760     4.4620    193.681 0.0000e+00
     50.068   2695.479    13.7893   4.537130     2.8817     0.7177  1.6651913  13.777276    13.7820    38.4148    28.8761     4.4524    193.265 0.0000e+00
     50.135   2696.479    13.7894   4.537136     2.8796     0.7146  1.6653439  13.773175    13.7820    38.4148    28.8761     4.4563    193.431 0.0000e+00
     50.311   2697.479    13.7893   4.537137     2.8808     0.7014  1.6653948  13.774542    13.7819    38.4148    28.8762     4.4585    193.530 0.0000e+00
     50.363   2698.479    13.7888   4.537107     2.8806     0.6985  1.6659036  13.777959    13.7814    38.4150    28.8763     4.4590    193.550 0.0000e+00
     50.370   2699.479    13.7888   4.537097     2.8811     0.7045  1.6657001  13.775909    13.7814    38.4149    28.8763     4.4615    193.660 0.0000e+00
     50.270   2700.479    13.7894   4.537143     2.8826     0.7060  1.6656492  13.775225    13.7820    38.4148    28.8761     4.4647    193.799 0.0000e+00
     50.092   2701.479    13.7893   4.537133     2.8826     0.7116  1.6656492  13.774542    13.7820    38.4148    28.8761     4.4631    193.730 0.0000e+00
     50.105   2702.479    13.7893   4.537145     2.8836     0.7107  1.6656492  13.776592    13.7820    38.4149    28.8762     4.4659    193.851 0.0000e+00
     50.289   2703.479    13.7892   4.537140     2.8837     0.7136  1.6654457  13.775225    13.7818    38.4149    28.8762     4.4628    193.715 0.0000e+00
     50.463   2704.479    13.7885   4.537064     2.8831     0.7099  1.6658018  13.773175    13.7810    38.4149    28.8764     4.4616    193.664 0.0000e+00
     50.407   2705.479    13.7889   4.537106     2.8826     0.6990  1.6657509  13.774542    13.7815    38.4149    28.8763     4.4587    193.538 0.0000e+00
     50.190   2706.479    13.7892   4.537129     2.8816     0.7010  1.6657509  13.773858    13.7818    38.4148    28.8761     4.4596    193.575 0.0000e+00
     50.072   2707.479    13.7893   4.537132     2.8826     0.7144  1.6658527  13.775225    13.7819    38.4149    28.8762     4.4668    193.891 0.0000e+00
     50.167   2708.479    13.7894   4.537149     2.8843     0.7046  1.6655983  13.774542    13.7820    38.4148    28.8761     4.4691    193.990 0.0000e+00
     50.386   2709.479    13.7892   4.537138     2.8851     0.7063  1.6655474  13.778643    13.7818    38.4149    28.8762     4.4672    193.905 0.0000e+00
     50.351   2710.479    13.7890   4.537121     2.8843     0.7139  1.6657001  13.775225    13.7816    38.4149    28.8763     4.4585    193.530 0.0000e+00
     50.198   2711.479    13.7893   4.537132     2.8811     0.7213  1.6660053  13.774542    13.7819    38.4147    28.8761     4.4524    193.263 0.0000e+00
     50.207   2712.479    13.7891   4.537135     2.8813     0.7118  1.6655474  13.777959    13.7817    38.4150    28.8763     4.4623    193.695 0.0000e+00
     50.308   2713.479    13.7892   4.537143     2.8820     0.7104  1.6655474  13.774542    13.7818    38.4149    28.8762     4.4605    193.615 0.0000e+00
     50.281   2714.479    13.7893   4.537141     2.8814     0.7042  1.6657001  13.775225    13.7819    38.4148    28.8762     4.4591    193.553 0.0000e+00
     50.244   2715.479    13.7891   4.537142     2.8822     0.7048  1.6655474  13.776592    13.7817    38.4150    28.8763     4.4650    193.811 0.0000e+00
     50.327   2716.479    13.7893   4.537135     2.8830     0.7122  1.6658018  13.774542    13.7819    38.4148    28.8761     4.4603    193.606 0.0000e+00
     50.198   2717.479    13.7892   4.537117     2.8816     0.7136  1.6655983  13.773175    13.7818    38.4148    28.8761     4.4577    193.494 0.0000e+00
     50.138   2718.479    13.7886   4.537065     2.8811     0.7208  1.6658527  13.771808    13.7812    38.4149    28.8764     4.4558    193.413 0.0000e+00
     50.320   2719.479    13.7891   4.537130     2.8808     0.7185  1.6653948  13.774542    13.7817    38.4149    28.8762     4.4625    193.701 0.0000e+00
     50.308   2720.479    13.7891   4.537133     2.8828     0.7138  1.6657509  13.776592    13.7818    38.4149    28.8762     4.4655    193.833 0.0000e+00
     50.250   2721.479    13.7889   4.537106     2.8830     0.7177  1.6655474  13.775225    13.7815    38.4150    28.8763     4.4645    193.788 0.0000e+00
     50.328   2722.479    13.7890   4.537123     2.8840     0.7090  1.6655983  13.777276    13.7816    38.4150    28.8763     4.4679    193.936 0.0000e+00
     50.267   2723.479    13.7889   4.537104     2.8850     0.7151  1.6656492  13.776592    13.7815    38.4149    28.8763     4.4689    193.978 0.0000e+00
     50.162   2724.479    13.7882   4.537032     2.8852     0.7346  1.6656492  13.773858    13.7808    38.4149    28.8765     4.4650    193.809 0.0000e+00
     50.247   2725.479    13.7881   4.537017     2.8840     0.7275  1.6655983  13.775225    13.7807    38.4149    28.8765     4.4623    193.692 0.0000e+00
     50.307   2726.479    13.7887   4.537093     2.8837     0.7087  1.6656492  13.777276    13.7813    38.4150    28.8764     4.4629    193.719 0.0000e+00
     50.245   2727.479    13.7884   4.537047     2.8832     0.7141  1.6658018  13.775225    13.7810    38.4149    28.8764     4.4637    193.755 0.0000e+00
     50.187   2728.479    13.7881   4.537013     2.8843     0.7155  1.6657001  13.776592    13.7807    38.4149    28.8764     4.4673    193.912 0.0000e+00
     50.262   2729.479    13.7881   4.537022     2.8842     0.7115  1.6658527  13.775225    13.7807    38.4149    28.8765     4.4629    193.718 0.0000e+00
     50.460   2730.479    13.7882   4.537015     2.8829     0.7098  1.6658018  13.774542    13.7808    38.4147    28.8763     4.4581    193.510 0.0000e+00
     50.308   2731.479    13.7885   4.537053     2.8821     0.7110  1.6658527  13.775225    13.7811    38.4148    28.8763     4.4648    193.802 0.0000e+00
     50.005   2732.479    13.7889   4.537094     2.8847     0.7198  1.6657001  13.773858    13.7816    38.4149    28.8762     4.4712    194.079 0.0000e+00
     50.135   2733.479    13.7886   4.537059     2.8849     0.7092  1.6659036  13.771808    13.7812    38.4148    28.8763     4.4630    193.722 0.0000e+00
     50.422   2734.479    13.7876   4.536960     2.8833     0.6962  1.6653948  13.774542    13.7802    38.4147    28.8764     4.4592    193.561 0.0000e+00
     50.366   2735.479    13.7880   4.536997     2.8825     0.7066  1.6657001  13.773175    13.7806    38.4147    28.8763     4.4622    193.689 0.0000e+00
     50.168   2736.479    13.7886   4.537067     2.8832     0.7091  1.6655474  13.773175    13.7812    38.4149    28.8763     4.4643    193.780 0.0000e+00
     50.166   2737.479    13.7886   4.537064     2.8836     0.7207  1.6658018  13.773858    13.7812    38.4148    28.8763     4.4645    193.790 0.0000e+00
     50.337   2738.479    13.7886   4.537068     2.8834     0.7136  1.6656492  13.771125    13.7812    38.4149    28.8763     4.4612    193.647 0.0000e+00
     50.353   2739.479    13.7884   4.537055     2.8823     0.7202  1.6658527  13.771808    13.7810    38.4149    28.8764     4.4593    193.561 0.0000e+00
     50.197   2740.479    13.7885   4.537059     2.8823     0.7194  1.6657001  13.773858    13.7811    38.4149    28.8764     4.4625    193.703 0.0000e+00
     50.223   2741.479    13.7884   4.537051     2.8829     0.7071  1.6660562  13.770441    13.7810    38.4149    28.8764     4.4611    193.641 0.0000e+00
     50.278   2742.479    13.7885   4.537055     2.8817     0.7028  1.6655474  13.775909    13.7811    38.4148    28.8763     4.4597    193.581 0.0000e+00
     50.182   2743.479    13.7881   4.537004     2.8825     0.7006  1.6657509  13.773175    13.7807    38.4148    28.8764     4.4629    193.718 0.0000e+00
     50.244   2744.479    13.7884   4.537042     2.8823     0.7018  1.6657001  13.774542    13.7810    38.4148    28.8763     4.4619    193.677 0.0000e+00
     50.298   2745.479    13.7884   4.537040     2.8831     0.7071  1.6654457  13.777959    13.7810    38.4148    28.8763     4.4652    193.818 0.0000e+00
     50.258   2746.479    13.7881   4.537003     2.8835     0.7065  1.6658018  13.774542    13.7807    38.4147    28.8764     4.4629    193.720 0.0000e+00
     50.347   2747.479    13.7882   4.537014     2.8826     0.7123  1.6657509  13.776592    13.7808    38.4147    28.8763     4.4587    193.535 0.0000e+00
     50.352   2748.479    13.7881   4.537015     2.8813     0.7047  1.6658527  13.773858    13.7807    38.4148    28.8763     4.4553    193.388 0.0000e+00
     50.161   2749.479    13.7879   4.536964     2.8808     0.6949  1.6655474  13.773175    13.7805    38.4146    28.8763     4.4595    193.571 0.0000e+00
     50.108   2750.479    13.7881   4.536995     2.8817     0.7063  1.6656492  13.772491    13.7807    38.4148    28.8764     4.4632    193.734 0.0000e+00
     50.286   2751.479    13.7879   4.536982     2.8825     0.7121  1.6657509  13.774542    13.7805    38.4148    28.8764     4.4628    193.717 0.0000e+00
     50.242   2752.479    13.7882   4.537011     2.8824     0.7121  1.6655474  13.771125    13.7808    38.4148    28.8763     4.4616    193.664 0.0000e+00
     50.232   2753.479    13.7883   4.537028     2.8830     0.7223  1.6655474  13.773175    13.7809    38.4148    28.8764     4.4654    193.830 0.0000e+00
     50.402   2754.479    13.7880   4.537007     2.8837     0.7133  1.6659544  13.774542    13.7806    38.4148    28.8764     4.4615    193.660 0.0000e+00
     50.347   2755.479    13.7884   4.537024     2.8816     0.7060  1.6657509  13.774542    13.7810    38.4146    28.8762     4.4564    193.435 0.0000e+00
     50.135   2756.479    13.7882   4.537008     2.8815     0.7282  1.6657001  13.771125    13.7808    38.4148    28.8763     4.4605    193.615 0.0000e+00
     50.204   2757.479    13.7883   4.537017     2.8825     0.7195  1.6659036  13.775909    13.7809    38.4147    28.8763     4.4656    193.835 0.0000e+00
     50.311   2758.479    13.7883   4.537021     2.8836     0.7084  1.6654966  13.774542    13.7809    38.4147    28.8763     4.4682    193.950 0.0000e+00
     50.167   2759.479    13.7882   4.537005     2.8852     0.7120  1.6657001  13.773858    13.7808    38.4147    28.8763     4.4723    194.128 0.0000e+00
     50.216   2760.479    13.7882   4.537014     2.8868     0.7110  1.6661071  13.777276    13.7808    38.4147    28.8763     4.4726    194.140 0.0000e+00
     50.377   2761.479    13.7882   4.537016     2.8861     0.7125  1.6658527  13.771125    13.7807    38.4148    28.8763     4.4629    193.720 0.0000e+00
     50.290   2762.479    13.7883   4.537018     2.8836     0.7183  1.6657001  13.772491    13.7809    38.4147    28.8763     4.4590    193.552 0.0000e+00
     50.166   2763.479    13.7881   4.537002     2.8833     0.7154  1.6659544  13.771808    13.7807    38.4147    28.8763     4.4639    193.763 0.0000e+00
     50.216   2764.479    13.7880   4.537000     2.8840     0.7122  1.6656492  13.771125    13.7806    38.4148    28.8764     4.4647    193.799 0.0000e+00
     50.355   2765.479    13.7880   4.537000     2.8831     0.7083  1.6659036  13.775225    13.7806    38.4148    28.8764     4.4590    193.550 0.0000e+00
     50.304   2766.479    13.7881   4.537007     2.8817     0.7054  1.6661071  13.774542    13.7807    38.4148    28.8764     4.4560    193.418 0.0000e+00
     50.157   2767.479    13.7878   4.536978     2.8810     0.7046  1.6658018  13.769074    13.7804    38.4148    28.8764     4.4591    193.552 0.0000e+00
     50.254   2768.479    13.7880   4.537001     2.8813     0.7160  1.6660562  13.773858    13.7806    38.4148    28.8764     4.4571    193.467 0.0000e+00
     50.297   2769.479    13.7881   4.536999     2.8800     0.7091  1.6660562  13.775909    13.7807    38.4147    28.8763     4.4556    193.404 0.0000e+00
     50.205   2770.479    13.7879   4.536985     2.8803     0.7049  1.6657509  13.771125    13.7805    38.4148    28.8764     4.4555    193.397 0.0000e+00
     50.283   2771.479    13.7879   4.536993     2.8794     0.7076  1.6660562  13.775909    13.7805    38.4148    28.8764     4.4571    193.466 0.0000e+00
     50.246   2772.479    13.7879   4.536973     2.8814     0.7090  1.6659544  13.775909    13.7805    38.4147    28.8763     4.4662    193.862 0.0000e+00
     50.176   2773.479    13.7874   4.536928     2.8824     0.7071  1.6658018  13.771808    13.7800    38.4147    28.8765     4.4583    193.518 0.0000e+00
     50.318   2774.479    13.7877   4.536961     2.8802     0.7204  1.6660562  13.775909    13.7803    38.4147    28.8764     4.4482    193.079 0.0000e+00
     50.375   2775.479    13.7880   4.536983     2.8771     0.7264  1.6659544  13.773175    13.7806    38.4146    28.8762     4.4488    193.107 0.0000e+00
     50.244   2776.479    13.7877   4.536951     2.8791     0.7170  1.6660562  13.771808    13.7803    38.4146    28.8763     4.4624    193.700 0.0000e+00
     50.140   2777.479    13.7879   4.536990     2.8805     0.7061  1.6658527  13.773175    13.7805    38.4149    28.8765     4.4604    193.612 0.0000e+00
     50.236   2778.479    13.7874   4.536926     2.8819     0.7035  1.6658018  13.773858    13.7800    38.4147    28.8765     4.4656    193.837 0.0000e+00
     50.302   2779.479    13.7875   4.536942     2.8828     0.7209  1.6660562  13.775225    13.7801    38.4147    28.8764     4.4615    193.657 0.0000e+00
     50.253   2780.479    13.7874   4.536920     2.8819     0.7235  1.6657509  13.771808    13.7800    38.4147    28.8765     4.4609    193.634 0.0000e+00
     50.228   2781.479    13.7878   4.536969     2.8832     0.7164  1.6658527  13.771125    13.7804    38.4148    28.8764     4.4676    193.923 0.0000e+00
     50.306   2782.479    13.7874   4.536920     2.8839     0.7262  1.6658527  13.775909    13.7800    38.4146    28.8764     4.4595    193.572 0.0000e+00
     50.340   2783.479    13.7873   4.536920     2.8804     0.7241  1.6661071  13.773858    13.7799    38.4147    28.8765     4.4480    193.072 0.0000e+00
     50.210   2784.479    13.7871   4.536889     2.8786     0.7110  1.6660562  13.773858    13.7797    38.4147    28.8765     4.4515    193.226 0.0000e+00
     50.107   2785.479    13.7870   4.536870     2.8784     0.7003  1.6660562  13.775909    13.7796    38.4146    28.8765     4.4530    193.289 0.0000e+00
     50.277   2786.479    13.7870   4.536871     2.8784     0.6950  1.6661071  13.773858    13.7796    38.4146    28.8764     4.4555    193.400 0.0000e+00
