Boussole/Data/SBEMOOSE/Work/cnv/bous233_02.cnv
* Sea-Bird SBE 9 Data File:
* FileName = C:\boussole\202108\bous233_02.hdr
* Software Version Seasave V 7.23.2
* Temperature SN = 1378
* Conductivity SN = 2929
* Number of Bytes Per Scan = 34
* Number of Voltage Words = 3
* Number of Scans Averaged by the Deck Unit = 1
* NMEA Latitude = 43 21.89 N
* NMEA Longitude = 007 53.76 E
* NMEA UTC (Time) = Aug 18 2021  08:40:37
* NMEA baud rate = 4800
** Campagne = BOUSSOLE 233
** Navire = Tethys II
** Station = BOUS233_02
** Date = 18/08/2021
** Heure debut [TU] = 08:40
** Heure fin [TU] = 09:14
** Heure locale / TU = +2
** Latitude = 43 21.890 N
** Longitude = 007 53.759 E
** Heure meteo [TU] = 08:57
** T air sec [deg C] = 24.7
** T mer [deg C] = 24.234
** Vent [noeuds, degres] = 7.1, 127
** Pression atm [hpa] = 1012.3
** Humidite [%] = 76
** Nebulosite [octas] = 0
** Etat de la mer [code S] = 3
# nquan = 14
# nvalues = 2030                        
# units = specified
# name 0 = prDM: Pressure, Digiquartz [db]
# name 1 = timeS: Time, Elapsed [seconds]
# name 2 = t090C: Temperature [ITS-90, deg C]
# name 3 = c0S/m: Conductivity [S/m]
# name 4 = sbeox0V: Oxygen raw, SBE 43 [V]
# name 5 = flC: Fluorescence, Chelsea Aqua 3 Chl Con [ug/l]
# name 6 = upoly0: Upoly 0, RINKOIII_DO
# name 7 = upoly1: Upoly 1, RINKOIII_Temp
# name 8 = potemp090C: Potential Temperature [ITS-90, deg C]
# name 9 = sal00: Salinity, Practical [PSU]
# name 10 = sigma-é00: Density [sigma-theta, kg/m^3]
# name 11 = sbeox0ML/L: Oxygen, SBE 43 [ml/l], WS = 2
# name 12 = sbox0Mm/Kg: Oxygen, SBE 43 [umol/kg], WS = 2
# name 13 = flag: flag
# span 0 =     -0.099,    407.891       
# span 1 =      0.479,   2029.125       
# span 2 =    13.6030,    24.4515       
# span 3 =   0.140446,   5.685798       
# span 4 =     2.4240,     4.0989       
# span 5 =    -0.2893,   216.7039       
# span 6 =  1.3149674,  1.8053012       
# span 7 =  13.594732,  24.247664       
# span 8 =    13.5430,    24.4515       
# span 9 =     0.7149,    38.6637       
# span 10 =    -2.2076,    29.0880      
# span 11 =     3.6923,     6.7513      
# span 12 =    160.241,    293.183      
# span 13 = 0.0000e+00, 0.0000e+00      
# interval = seconds: 1                 
# start_time = Aug 18 2021 08:40:37 [NMEA time, header]
# bad_flag = -9.990e-29
*END*
[from data line 1962]
      4.811   1962.479    24.1081   5.664238     3.5415     0.1510  1.3632988  23.995455    24.1071    38.4224    26.2028     4.7417    206.358 0.0000e+00
      4.861   1963.479    24.1351   5.667281     3.5447     0.1701  1.3629427  24.027477    24.1341    38.4224    26.1946     4.7368    206.146 0.0000e+00
      5.186   1964.479    24.1179   5.665508     3.5396     0.1635  1.3628918  24.021907    24.1167    38.4236    26.2007     4.7176    205.310 0.0000e+00
      5.454   1965.479    24.1332   5.667137     3.5292     0.1652  1.3632479  24.030959    24.1320    38.4227    26.1954     4.7081    204.898 0.0000e+00
      5.300   1966.479    24.1035   5.663718     3.5335     0.1664  1.3635532  24.041402    24.1024    38.4222    26.2040     4.7315    205.913 0.0000e+00
      4.947   1967.479    24.0910   5.662342     3.5362     0.1490  1.3629935  24.043491    24.0899    38.4226    26.2081     4.7253    205.643 0.0000e+00
      4.651   1968.479    24.1037   5.663652     3.5319     0.1283  1.3623830  24.067167    24.1027    38.4218    26.2036     4.7086    204.918 0.0000e+00
      4.662   1969.479    24.1137   5.664884     3.5225     0.1054  1.3623322  24.060899    24.1127    38.4226    26.2012     4.6989    204.495 0.0000e+00
      5.141   1970.479    24.1335   5.667214     3.5271     0.1382  1.3628409  24.062292    24.1324    38.4232    26.1957     4.7199    205.412 0.0000e+00
      5.406   1971.479    24.1371   5.667610     3.5327     0.1549  1.3626883  24.068560    24.1359    38.4230    26.1945     4.7289    205.802 0.0000e+00
      5.110   1972.479    24.1131   5.664719     3.5394     0.1407  1.3630444  24.072739    24.1120    38.4216    26.2007     4.7401    206.289 0.0000e+00
      4.940   1973.479    24.1124   5.664625     3.5421     0.1395  1.3624339  24.074829    24.1113    38.4216    26.2008     4.7377    206.185 0.0000e+00
      4.969   1974.479    24.1186   5.665381     3.5407     0.1432  1.3628409  24.055330    24.1175    38.4221    26.1993     4.7249    205.625 0.0000e+00
      4.972   1975.479    24.1286   5.666629     3.5322     0.1485  1.3630444  24.034440    24.1275    38.4230    26.1970     4.7088    204.926 0.0000e+00
      5.039   1976.479    24.1342   5.667296     3.5307     0.1536  1.3628409  24.065078    24.1331    38.4233    26.1956     4.7205    205.437 0.0000e+00
      5.203   1977.479    24.1399   5.668021     3.5362     0.1520  1.3627392  24.051847    24.1388    38.4238    26.1943     4.7272    205.729 0.0000e+00
      5.181   1978.479    24.1404   5.668048     3.5339     0.1586  1.3626883  24.068560    24.1393    38.4236    26.1939     4.7203    205.428 0.0000e+00
      4.987   1979.479    24.1340   5.667440     3.5356     0.1413  1.3624848  24.070650    24.1329    38.4245    26.1965     4.7245    205.607 0.0000e+00
      4.841   1980.479    24.1335   5.667199     3.5354     0.1666  1.3626374  24.060203    24.1325    38.4232    26.1957     4.7243    205.601 0.0000e+00
      4.874   1981.479    24.1315   5.667026     3.5359     0.1877  1.3628918  24.068560    24.1305    38.4236    26.1966     4.7244    205.604 0.0000e+00
      5.087   1982.479    24.1355   5.667519     3.5353     0.1665  1.3623830  24.059507    24.1344    38.4238    26.1955     4.7239    205.585 0.0000e+00
      5.317   1983.479    24.1403   5.668123     3.5373     0.1627  1.3627392  24.062293    24.1392    38.4242    26.1944     4.7294    205.822 0.0000e+00
      5.233   1984.479    24.1391   5.667952     3.5390     0.1569  1.3626374  24.081793    24.1380    38.4239    26.1946     4.7314    205.912 0.0000e+00
      4.848   1985.479    24.1366   5.667626     3.5394     0.1547  1.3620778  24.100601    24.1356    38.4237    26.1951     4.7257    205.662 0.0000e+00
      4.628   1986.479    24.1397   5.667879     3.5334     0.1548  1.3619760  24.097814    24.1387    38.4231    26.1937     4.7116    205.048 0.0000e+00
      4.595   1987.479    24.1413   5.668156     3.5337     0.1789  1.3616199  24.094331    24.1403    38.4238    26.1938     4.7297    205.836 0.0000e+00
      4.542   1988.479    24.1408   5.668111     3.5421     0.1395  1.3620269  24.092241    24.1398    38.4240    26.1941     4.7438    206.449 0.0000e+00
      4.492   1989.479    24.1419   5.668302     3.5452     0.1427  1.3622813  24.078311    24.1409    38.4245    26.1941     4.7333    205.992 0.0000e+00
      4.393   1990.479    24.1437   5.668528     3.5359     0.1434  1.3623322  24.081794    24.1428    38.4247    26.1937     4.7080    204.893 0.0000e+00
      4.472   1991.479    24.1373   5.667694     3.5296     0.1474  1.3623321  24.088759    24.1364    38.4238    26.1949     4.7158    205.231 0.0000e+00
      4.825   1992.479    24.1467   5.668844     3.5372     0.1137  1.3623322  24.099904    24.1457    38.4244    26.1926     4.7336    206.009 0.0000e+00
      4.698   1993.479    24.1414   5.668188     3.5382     0.1383  1.3619760  24.108263    24.1404    38.4239    26.1939     4.7240    205.589 0.0000e+00
      4.220   1994.479    24.1417   5.668269     3.5345     0.1479  1.3619252  24.112443    24.1408    38.4245    26.1941     4.7158    205.233 0.0000e+00
      4.240   1995.479    24.1402   5.668055     3.5316     0.1392  1.3619252  24.108960    24.1393    38.4241    26.1943     4.7163    205.252 0.0000e+00
      4.562   1996.479    24.1435   5.668472     3.5359     0.1316  1.3623830  24.109657    24.1425    38.4244    26.1935     4.7304    205.867 0.0000e+00
      4.562   1997.479    24.1428   5.668381     3.5378     0.1503  1.3621795  24.113837    24.1418    38.4243    26.1937     4.7293    205.819 0.0000e+00
      4.462   1998.479    24.1437   5.668520     3.5410     0.1509  1.3616708  24.117320    24.1427    38.4247    26.1937     4.7348    206.061 0.0000e+00
      4.574   1999.479    24.1432   5.668436     3.5408     0.1445  1.3622304  24.095725    24.1422    38.4243    26.1936     4.7297    205.837 0.0000e+00
      4.624   2000.479    24.1446   5.668605     3.5399     0.1716  1.3623830  24.108263    24.1436    38.4244    26.1932     4.7271    205.724 0.0000e+00
      4.502   2001.479    24.1454   5.668672     3.5376     0.1655  1.3618234  24.108263    24.1444    38.4243    26.1929     4.7247    205.621 0.0000e+00
      4.534   2002.479    24.1475   5.668934     3.5386     0.1553  1.3622813  24.109657    24.1465    38.4245    26.1924     4.7317    205.922 0.0000e+00
      4.555   2003.479    24.1510   5.669363     3.5433     0.1525  1.3619252  24.115927    24.1500    38.4248    26.1916     4.7368    206.145 0.0000e+00
      4.105   2004.479    24.1576   5.670087     3.5394     0.1736  1.3615690  24.126377    24.1567    38.4247    26.1895     4.7230    205.544 0.0000e+00
      3.495   2005.479    24.1582   5.670117     3.5394     0.1755  1.3616708  24.121500    24.1575    38.4246    26.1892     4.7197    205.403 0.0000e+00
      3.173   2006.479    24.1553   5.669748     3.5283     0.1814  1.3614673  24.121500    24.1546    38.4245    26.1900     4.7002    204.553 0.0000e+00
      2.910   2007.479    24.1586   5.670176     3.5332     0.1547  1.3613147  24.120803    24.1580    38.4250    26.1893     4.7309    205.891 0.0000e+00
      2.507   2008.479    24.1632   5.670686     3.5407     0.1942  1.3619252  24.124983    24.1627    38.4250    26.1879     4.7382    206.207 0.0000e+00
      2.001   2009.479    24.1762   5.672376     3.5465     0.1760  1.3610603  24.138920    24.1758    38.4269    26.1854     4.7372    206.166 0.0000e+00
      1.263   2010.479    24.2786   5.684110     3.5408     0.0776  1.3591779  24.238600    24.2783    38.4286    26.1557     4.7058    204.803 0.0000e+00
      0.706   2011.479    24.2705   5.682907     3.5322     0.2519  1.3591779  24.247664    24.2703    38.4266    26.1566     4.6857    203.929 0.0000e+00
      0.436   2012.479    24.2585   5.681424     3.5159    -0.0895  1.3600936  24.198160    24.2584    38.4258    26.1596     4.6524    202.481 0.0000e+00
      0.059   2013.479    24.2205   5.677234     3.5048    -0.2797  1.6083639  24.229535    24.2205    38.4266    26.1717     4.6697    203.231 0.0000e+00
     -0.009   2014.479    24.2292   5.678026     3.5215     4.1054  1.3700143  24.123596    24.2292    38.4252    26.1680     4.7171    205.293 0.0000e+00
     -0.048   2015.479    24.2162   5.676770     3.5348   216.7039  1.3739825  24.145197    24.2162    38.4268    26.1731     4.7167    205.276 0.0000e+00
      0.180   2016.479    24.2692   5.682658     3.5247     9.5455  1.3739317  24.176556    24.2691    38.4260    26.1565     4.6576    202.708 0.0000e+00
      0.280   2017.479    24.2951   5.685798     3.4852     3.0724  1.3676231  24.224654    24.2950    38.4277    26.1499     4.4778    194.882 0.0000e+00
     -0.037   2018.479    24.2714   5.682508     3.3444     0.8691  1.5117013  24.169592    24.2714    38.4231    26.1536     4.1445    180.375 0.0000e+00
     -0.099   2019.479    23.8774   1.199977     3.1807    -0.2893  1.3644689  24.115928    23.8774     7.1754     2.7308     4.6529    207.264 0.0000e+00
     -0.099   2020.479    24.0362   0.643987     3.0195    -0.2879  1.3747965  24.173067    24.0362     3.6138     0.0146     4.4420    198.374 0.0000e+00
     -0.057   2021.479    24.0720   0.244981     2.8924   158.2675  1.3843102  23.990617    24.0720     1.2885    -1.7453     4.3417    194.241 0.0000e+00
     -0.053   2022.479    24.0014   0.161856     2.8162   169.1769  1.3844119  23.732607    24.0014     0.8322    -2.0721     4.3050    192.662 0.0000e+00
     -0.071   2023.479    24.1893   0.140446     2.8100    -0.2893  1.3735247  23.636749    24.1893     0.7149    -2.2076     4.4716    200.144 0.0000e+00
     -0.082   2024.479    24.2496   0.196217     2.8858    -0.2893  1.3730159  23.640225    24.2496     1.0147    -1.9962     4.5808    204.988 0.0000e+00
     -0.031   2025.479    24.1827   0.453470     2.8597    -0.2893  1.3789174  23.455661    24.1827     2.4672    -0.8848     4.3215    193.170 0.0000e+00
     -0.027   2026.479    24.3711   0.674049     2.8108    -0.2893  1.3676740  23.495193    24.3711     3.7405     0.0253     4.1697    186.341 0.0000e+00
     -0.069   2027.479    24.4515   0.870269 -9.990e-29    -0.2893  1.3858873  23.644386    24.4515     4.9056     0.8799 -9.990e-29 -9.990e-29 0.0000e+00
     -0.089   2028.479    24.4475   0.618996 -9.990e-29    -0.2893  1.3653847  23.609676    24.4475     3.4086    -0.2437 -9.990e-29 -9.990e-29 0.0000e+00
     -0.057   2029.125    24.4484   0.607745 -9.990e-29    -0.1545  1.3694401  23.520255    24.4484     3.3392    -0.2960 -9.990e-29 -9.990e-29 0.0000e+00
