Boussole/Data/SBEMOOSE/Work/cnv/bous232_03.cnv
* Sea-Bird SBE 9 Data File:
* FileName = C:\boussole\202107\bous232_03.hdr
* Software Version Seasave V 7.23.2
* Temperature SN = 2473
* Conductivity SN = 2929
* Number of Bytes Per Scan = 24
* Number of Voltage Words = 4
* Number of Scans Averaged by the Deck Unit = 1
* NMEA baud rate = 4800
** Campagne = BOUSSOLE 232
** Navire = Tethys II
** Station = BOUS232_03
** Date = 12/07/2021
** Heure debut [TU] = 13:49
** Heure fin [TU] = 14:03
** Heure locale / TU = +2
** Latitude = 43 21.969 N
** Longitude = 007 53.795 E
** Heure meteo [TU] = 13:50
** T air sec [deg C] = 23.6
** T mer [deg C] = 23.23
** Vent [noeuds, degres] = 16.7, 50
** Pression atm [hpa] = 1010.8
** Humidite [%] = 85
** Nebulosite [octas] = 3
** Etat de la mer [code S] = 2-3
# nquan = 14
# nvalues = 827                         
# units = specified
# name 0 = prDM: Pressure, Digiquartz [db]
# name 1 = timeS: Time, Elapsed [seconds]
# name 2 = t090C: Temperature [ITS-90, deg C]
# name 3 = c0S/m: Conductivity [S/m]
# name 4 = sbeox0V: Oxygen raw, SBE 43 [V]
# name 5 = flC: Fluorescence, Chelsea Aqua 3 Chl Con [ug/l]
# name 6 = upoly0: Upoly 0, RINKOIII_DO
# name 7 = upoly1: Upoly 1, RINKOIII_Temp
# name 8 = potemp090C: Potential Temperature [ITS-90, deg C]
# name 9 = sal00: Salinity, Practical [PSU]
# name 10 = sigma-é00: Density [sigma-theta, kg/m^3]
# name 11 = sbeox0ML/L: Oxygen, SBE 43 [ml/l], WS = 2
# name 12 = sbox0Mm/Kg: Oxygen, SBE 43 [umol/kg], WS = 2
# name 13 = flag: flag
# span 0 =      0.136,    101.335       
# span 1 =      0.479,    826.229       
# span 2 =    13.5775,    23.2958       
# span 3 =   4.524254,   5.557733       
# span 4 =     2.8067,     4.0260       
# span 5 =     0.1454,     2.2889       
# span 6 =  1.3328754,  1.7033985       
# span 7 =  13.582421,  23.288631       
# span 8 =    13.5646,    23.2958       
# span 9 =    38.2344,    38.5287       
# span 10 =    26.3566,    28.9930      
# span 11 =     4.3443,     6.3935      
# span 12 =    188.549,    277.715      
# span 13 = 0.0000e+00, 0.0000e+00      
# interval = seconds: 1                 
# start_time = Jul 12 2021 13:48:56 [System UTC, header]
# bad_flag = -9.990e-29
*END*
[from data line 310]
     60.449    310.479    13.6230   4.524840     2.9217     0.3031  1.6695666  13.615249    13.6142    38.4605    28.9474     4.5597    197.907 0.0000e+00
     60.574    311.479    13.6223   4.524772     2.9214     0.3163  1.6696683  13.615249    13.6135    38.4605    28.9476     4.5615    197.987 0.0000e+00
     60.651    312.479    13.6212   4.524698     2.9224     0.3239  1.6697192  13.615249    13.6124    38.4608    28.9481     4.5644    198.112 0.0000e+00
     60.572    313.479    13.6216   4.524732     2.9226     0.3298  1.6696175  13.615249    13.6128    38.4608    28.9480     4.5638    198.085 0.0000e+00
     60.648    314.479    13.6215   4.524727     2.9234     0.3310  1.6696683  13.615249    13.6126    38.4608    28.9480     4.5670    198.222 0.0000e+00
     60.834    315.479    13.6214   4.524762     2.9248     0.3303  1.6698718  13.614565    13.6125    38.4612    28.9484     4.5706    198.380 0.0000e+00
     60.757    316.479    13.6215   4.524770     2.9249     0.3259  1.6699736  13.615249    13.6126    38.4611    28.9483     4.5642    198.105 0.0000e+00
     60.647    317.479    13.6218   4.524763     2.9234     0.3208  1.6697192  13.615249    13.6130    38.4608    28.9479     4.5580    197.834 0.0000e+00
     60.782    318.479    13.6217   4.524777     2.9218     0.3296  1.6699736  13.615249    13.6128    38.4610    28.9482     4.5598    197.911 0.0000e+00
     60.938    319.479    13.6212   4.524761     2.9223     0.3101  1.6696174  13.615249    13.6123    38.4612    28.9484     4.5637    198.080 0.0000e+00
     61.010    320.479    13.6211   4.524767     2.9228     0.3061  1.6696683  13.615249    13.6122    38.4613    28.9485     4.5655    198.158 0.0000e+00
     60.920    321.479    13.6213   4.524772     2.9239     0.3162  1.6698718  13.615249    13.6124    38.4613    28.9485     4.5666    198.208 0.0000e+00
     60.740    322.479    13.6216   4.524774     2.9233     0.3160  1.6698718  13.615249    13.6127    38.4611    28.9482     4.5603    197.935 0.0000e+00
     60.918    323.479    13.6215   4.524785     2.9222     0.3064  1.6699227  13.615249    13.6126    38.4612    28.9483     4.5590    197.877 0.0000e+00
     61.311    324.479    13.6213   4.524784     2.9217     0.3152  1.6698210  13.615249    13.6124    38.4613    28.9484     4.5625    198.027 0.0000e+00
     61.208    325.479    13.6212   4.524769     2.9228     0.3157  1.6698718  13.615249    13.6123    38.4613    28.9485     4.5650    198.138 0.0000e+00
     60.701    326.479    13.6222   4.524818     2.9227     0.3139  1.6699227  13.615249    13.6133    38.4609    28.9480     4.5642    198.102 0.0000e+00
     60.787    327.479    13.6222   4.524836     2.9243     0.2993  1.6700244  13.615249    13.6133    38.4611    28.9481     4.5700    198.352 0.0000e+00
     61.266    328.479    13.6219   4.524831     2.9247     0.2952  1.6696174  13.615249    13.6130    38.4611    28.9482     4.5668    198.216 0.0000e+00
     61.302    329.479    13.6215   4.524813     2.9241     0.3180  1.6699227  13.615249    13.6126    38.4613    28.9484     4.5615    197.984 0.0000e+00
     61.057    330.479    13.6218   4.524827     2.9228     0.3229  1.6696175  13.615249    13.6129    38.4612    28.9483     4.5620    198.006 0.0000e+00
     60.959    331.479    13.6217   4.524810     2.9231     0.3297  1.6697701  13.614565    13.6128    38.4613    28.9483     4.5645    198.116 0.0000e+00
     61.143    332.479    13.6216   4.524788     2.9231     0.3096  1.6699736  13.615249    13.6127    38.4611    28.9482     4.5609    197.959 0.0000e+00
     61.236    333.479    13.6212   4.524778     2.9215     0.3131  1.6698210  13.615249    13.6123    38.4613    28.9485     4.5558    197.738 0.0000e+00
     61.195    334.479    13.6212   4.524778     2.9205     0.3118  1.6697701  13.615933    13.6123    38.4613    28.9485     4.5591    197.879 0.0000e+00
     61.206    335.479    13.6213   4.524787     2.9218     0.3190  1.6699736  13.615249    13.6124    38.4613    28.9484     4.5645    198.114 0.0000e+00
     61.345    336.479    13.6213   4.524778     2.9221     0.3155  1.6700244  13.615249    13.6124    38.4612    28.9484     4.5611    197.967 0.0000e+00
     61.449    337.479    13.6213   4.524783     2.9218     0.3177  1.6698209  13.615249    13.6122    38.4612    28.9484     4.5633    198.064 0.0000e+00
     61.320    338.479    13.6215   4.524800     2.9231     0.3173  1.6701262  13.614565    13.6125    38.4612    28.9484     4.5649    198.133 0.0000e+00
     61.208    339.479    13.6214   4.524782     2.9219     0.3134  1.6700244  13.614565    13.6125    38.4612    28.9484     4.5559    197.740 0.0000e+00
     61.332    340.479    13.6213   4.524783     2.9209     0.3157  1.6699227  13.615249    13.6124    38.4612    28.9484     4.5609    197.961 0.0000e+00
     61.627    341.479    13.6212   4.524778     2.9221     0.2994  1.6698210  13.614565    13.6122    38.4611    28.9484     4.5658    198.171 0.0000e+00
     61.593    342.479    13.6206   4.524729     2.9231     0.3054  1.6702280  13.615249    13.6116    38.4613    28.9486     4.5643    198.107 0.0000e+00
     61.279    343.479    13.6210   4.524742     2.9224     0.3105  1.6699736  13.615249    13.6121    38.4611    28.9484     4.5605    197.940 0.0000e+00
     61.436    344.479    13.6209   4.524733     2.9220     0.3145  1.6700245  13.615249    13.6119    38.4611    28.9484     4.5602    197.930 0.0000e+00
     61.706    345.479    13.6206   4.524720     2.9211     0.3217  1.6701771  13.615249    13.6116    38.4611    28.9485     4.5555    197.726 0.0000e+00
     61.409    346.479    13.6208   4.524717     2.9198     0.3255  1.6702279  13.615249    13.6118    38.4611    28.9484     4.5587    197.864 0.0000e+00
     61.252    347.479    13.6215   4.524777     2.9217     0.3127  1.6699736  13.615249    13.6126    38.4610    28.9482     4.5670    198.225 0.0000e+00
     61.682    348.479    13.6210   4.524743     2.9231     0.3099  1.6699736  13.614565    13.6120    38.4610    28.9483     4.5663    198.194 0.0000e+00
     61.786    349.479    13.6201   4.524670     2.9233     0.3288  1.6701771  13.614565    13.6111    38.4611    28.9486     4.5664    198.198 0.0000e+00
     61.308    350.479    13.6211   4.524743     2.9244     0.3182  1.6701262  13.615249    13.6121    38.4611    28.9483     4.5696    198.337 0.0000e+00
     61.281    351.479    13.6214   4.524768     2.9246     0.3111  1.6698209  13.611830    13.6125    38.4610    28.9482     4.5651    198.143 0.0000e+00
     61.672    352.479    13.6214   4.524794     2.9239     0.3105  1.6699736  13.615249    13.6124    38.4611    28.9483     4.5636    198.077 0.0000e+00
     61.612    353.479    13.6210   4.524750     2.9237     0.3236  1.6701262  13.615249    13.6120    38.4610    28.9483     4.5665    198.202 0.0000e+00
     61.514    354.479    13.6211   4.524753     2.9243     0.3184  1.6701771  13.614565    13.6121    38.4611    28.9483     4.5649    198.134 0.0000e+00
     61.545    355.479    13.6209   4.524740     2.9227     0.3169  1.6701262  13.615249    13.6119    38.4611    28.9484     4.5587    197.863 0.0000e+00
     61.474    356.479    13.6211   4.524763     2.9220     0.3115  1.6700753  13.615249    13.6121    38.4612    28.9484     4.5618    198.000 0.0000e+00
     61.609    357.479    13.6212   4.524758     2.9228     0.3019  1.6704314  13.615249    13.6122    38.4610    28.9482     4.5674    198.241 0.0000e+00
     61.855    358.479    13.6211   4.524776     2.9238     0.3066  1.6703806  13.615249    13.6121    38.4611    28.9484     4.5639    198.088 0.0000e+00
     61.638    359.479    13.6211   4.524767     2.9222     0.2970  1.6704314  13.615249    13.6121    38.4611    28.9484     4.5603    197.931 0.0000e+00
     61.413    360.479    13.6214   4.524771     2.9229     0.3099  1.6700244  13.615249    13.6125    38.4609    28.9482     4.5664    198.197 0.0000e+00
     61.639    361.479    13.6214   4.524780     2.9237     0.3106  1.6702788  13.613881    13.6124    38.4609    28.9481     4.5659    198.177 0.0000e+00
     61.830    362.479    13.6213   4.524796     2.9232     0.3119  1.6698209  13.615249    13.6123    38.4611    28.9483     4.5650    198.137 0.0000e+00
     61.789    363.479    13.6213   4.524813     2.9244     0.3117  1.6703297  13.615249    13.6123    38.4613    28.9485     4.5689    198.307 0.0000e+00
     61.644    364.479    13.6213   4.524791     2.9240     0.3083  1.6699736  13.615249    13.6123    38.4611    28.9483     4.5627    198.037 0.0000e+00
     61.632    365.479    13.6212   4.524773     2.9230     0.3123  1.6703806  13.614565    13.6122    38.4611    28.9483     4.5625    198.030 0.0000e+00
     61.781    366.479    13.6212   4.524787     2.9232     0.3179  1.6701262  13.615249    13.6122    38.4612    28.9484     4.5640    198.095 0.0000e+00
     61.848    367.479    13.6211   4.524787     2.9224     0.3205  1.6703297  13.615249    13.6121    38.4612    28.9485     4.5600    197.922 0.0000e+00
     61.907    368.479    13.6210   4.524778     2.9221     0.3251  1.6702788  13.615249    13.6120    38.4612    28.9485     4.5623    198.022 0.0000e+00
     61.932    369.479    13.6210   4.524780     2.9224     0.3136  1.6702788  13.615249    13.6120    38.4612    28.9485     4.5644    198.113 0.0000e+00
     61.712    370.479    13.6213   4.524788     2.9228     0.3174  1.6701262  13.614565    13.6123    38.4611    28.9483     4.5636    198.076 0.0000e+00
     61.676    371.479    13.6213   4.524786     2.9225     0.3181  1.6701771  13.615249    13.6123    38.4611    28.9483     4.5618    197.996 0.0000e+00
     62.079    372.479    13.6213   4.524816     2.9222     0.3120  1.6698209  13.614565    13.6123    38.4612    28.9484     4.5622    198.017 0.0000e+00
     62.141    373.479    13.6207   4.524774     2.9226     0.3213  1.6699736  13.615249    13.6117    38.4613    28.9487     4.5662    198.191 0.0000e+00
     61.793    374.479    13.6213   4.524798     2.9235     0.3169  1.6702788  13.615249    13.6123    38.4611    28.9483     4.5635    198.074 0.0000e+00
     61.896    375.479    13.6213   4.524803     2.9220     0.3140  1.6701262  13.615249    13.6123    38.4611    28.9483     4.5598    197.913 0.0000e+00
     62.087    376.479    13.6213   4.524812     2.9227     0.3102  1.6702788  13.615249    13.6122    38.4612    28.9484     4.5641    198.098 0.0000e+00
     61.902    377.479    13.6213   4.524789     2.9217     0.3194  1.6701771  13.615249    13.6123    38.4610    28.9483     4.5580    197.833 0.0000e+00
     62.021    378.479    13.6211   4.524784     2.9211     0.3226  1.6701262  13.614565    13.6120    38.4611    28.9484     4.5598    197.910 0.0000e+00
     62.306    379.479    13.6201   4.524722     2.9215     0.3196  1.6700244  13.615249    13.6110    38.4614    28.9489     4.5614    197.981 0.0000e+00
     62.057    380.479    13.6206   4.524753     2.9207     0.3217  1.6702788  13.615249    13.6116    38.4613    28.9486     4.5590    197.878 0.0000e+00
     61.899    381.479    13.6213   4.524796     2.9219     0.3183  1.6701771  13.615249    13.6123    38.4611    28.9484     4.5667    198.212 0.0000e+00
     62.187    382.479    13.6209   4.524798     2.9227     0.3060  1.6696683  13.615249    13.6118    38.4614    28.9487     4.5596    197.903 0.0000e+00
     62.318    383.479    13.6202   4.524740     2.9201     0.3139  1.6702279  13.615249    13.6111    38.4614    28.9488     4.5553    197.715 0.0000e+00
     62.063    384.479    13.6208   4.524785     2.9206     0.3049  1.6701771  13.615249    13.6118    38.4614    28.9487     4.5596    197.901 0.0000e+00
     62.082    385.479    13.6210   4.524791     2.9203     0.3077  1.6700244  13.613881    13.6120    38.4612    28.9485     4.5606    197.948 0.0000e+00
     62.371    386.479    13.6198   4.524718     2.9217     0.3102  1.6705332  13.615249    13.6107    38.4616    28.9491     4.5662    198.190 0.0000e+00
     62.244    387.479    13.6191   4.524680     2.9225     0.3161  1.6701771  13.615249    13.6100    38.4620    28.9495     4.5591    197.883 0.0000e+00
     62.018    388.479    13.6202   4.524732     2.9197     0.3242  1.6705332  13.614565    13.6113    38.4615    28.9488     4.5531    197.620 0.0000e+00
     62.181    389.479    13.6198   4.524692     2.9203     0.3140  1.6704823  13.613881    13.6107    38.4615    28.9489     4.5647    198.125 0.0000e+00
     62.377    390.479    13.6190   4.524656     2.9225     0.2935  1.6704314  13.614565    13.6099    38.4619    28.9494     4.5676    198.250 0.0000e+00
     62.370    391.479    13.6188   4.524656     2.9228     0.3013  1.6706349  13.614565    13.6097    38.4621    28.9496     4.5645    198.117 0.0000e+00
     62.214    392.479    13.6190   4.524658     2.9228     0.3216  1.6704823  13.615249    13.6099    38.4619    28.9495     4.5600    197.921 0.0000e+00
     62.165    393.479    13.6195   4.524678     2.9204     0.3132  1.6707367  13.614565    13.6104    38.4616    28.9491     4.5531    197.621 0.0000e+00
     62.363    394.479    13.6192   4.524667     2.9200     0.3080  1.6703806  13.614565    13.6100    38.4618    28.9493     4.5591    197.883 0.0000e+00
     62.328    395.479    13.6187   4.524640     2.9200     0.3211  1.6707876  13.614565    13.6096    38.4620    28.9496     4.5557    197.735 0.0000e+00
     62.103    396.479    13.6193   4.524666     2.9188     0.3215  1.6706858  13.615249    13.6102    38.4618    28.9493     4.5572    197.798 0.0000e+00
     62.320    397.479    13.6193   4.524689     2.9211     0.3205  1.6703806  13.612514    13.6102    38.4619    28.9494     4.5695    198.333 0.0000e+00
     62.520    398.479    13.6189   4.524669     2.9236     0.3220  1.6705841  13.613881    13.6098    38.4620    28.9495     4.5689    198.304 0.0000e+00
     62.148    399.479    13.6192   4.524657     2.9233     0.3117  1.6706349  13.615249    13.6101    38.4618    28.9493     4.5643    198.106 0.0000e+00
     61.948    400.479    13.6201   4.524708     2.9234     0.3141  1.6706858  13.614565    13.6111    38.4614    28.9489     4.5675    198.245 0.0000e+00
     62.159    401.479    13.6197   4.524693     2.9247     0.3040  1.6705332  13.613197    13.6106    38.4616    28.9491     4.5693    198.325 0.0000e+00
     61.846    402.479    13.6202   4.524715     2.9241     0.3201  1.6705841  13.613881    13.6112    38.4614    28.9488     4.5657    198.168 0.0000e+00
     61.581    403.479    13.6214   4.524729     2.9250     0.3192  1.6707367  13.615249    13.6124    38.4605    28.9478     4.5699    198.352 0.0000e+00
     61.643    404.479    13.6215   4.524732     2.9250     0.3216  1.6701262  13.614565    13.6125    38.4604    28.9477     4.5674    198.241 0.0000e+00
     61.145    405.479    13.6215   4.524705     2.9250     0.3177  1.6703297  13.613881    13.6126    38.4603    28.9476     4.5689    198.307 0.0000e+00
     60.631    406.479    13.6215   4.524656     2.9256     0.3193  1.6703297  13.614565    13.6127    38.4601    28.9475     4.5696    198.337 0.0000e+00
     60.560    407.479    13.6211   4.524596     2.9256     0.3186  1.6703806  13.615249    13.6123    38.4600    28.9475     4.5660    198.178 0.0000e+00
     60.078    408.479    13.6211   4.524563     2.9244     0.3187  1.6701771  13.615249    13.6123    38.4599    28.9474     4.5625    198.031 0.0000e+00
     58.851    409.479    13.6218   4.524481     2.9235     0.3207  1.6702280  13.613881    13.6132    38.4590    28.9465     4.5587    197.863 0.0000e+00
     57.952    410.479    13.6238   4.524599     2.9215     0.3205  1.6703806  13.615249    13.6154    38.4585    28.9456     4.5508    197.521 0.0000e+00
     57.342    411.479    13.6268   4.524747     2.9193     0.3301  1.6702788  13.615249    13.6184    38.4572    28.9440     4.5491    197.447 0.0000e+00
