Boussole/Data/SBEMOOSE/Work/cnv/bous232_02.cnv
* Sea-Bird SBE 9 Data File:
* FileName = C:\boussole\202107\bous232_02.hdr
* Software Version Seasave V 7.23.2
* Temperature SN = 2473
* Conductivity SN = 2929
* Number of Bytes Per Scan = 24
* Number of Voltage Words = 4
* Number of Scans Averaged by the Deck Unit = 1
* NMEA baud rate = 4800
** Campagne = BOUSSOLE 232
** Navire = Tethys II
** Station = BOUS232_02
** Date = 12/07/2021
** Heure debut [TU] = 12:46
** Heure fin [TU] = 13:23
** Heure locale / TU = +2
** Latitude = 43 22.068 N
** Longitude = 007 53.810 E
** Heure meteo [TU] = 12:49
** T air sec [deg C] = 23.8
** T mer [deg C] = 23.20
** Vent [noeuds, degres] = 15.0, 60
** Pression atm [hpa] = 1011.1
** Humidite [%] = 86.0
** Nebulosite [octas] = 7
** Etat de la mer [code S] = 3
# nquan = 14
# nvalues = 2200                        
# units = specified
# name 0 = prDM: Pressure, Digiquartz [db]
# name 1 = timeS: Time, Elapsed [seconds]
# name 2 = t090C: Temperature [ITS-90, deg C]
# name 3 = c0S/m: Conductivity [S/m]
# name 4 = sbeox0V: Oxygen raw, SBE 43 [V]
# name 5 = flC: Fluorescence, Chelsea Aqua 3 Chl Con [ug/l]
# name 6 = upoly0: Upoly 0, RINKOIII_DO
# name 7 = upoly1: Upoly 1, RINKOIII_Temp
# name 8 = potemp090C: Potential Temperature [ITS-90, deg C]
# name 9 = sal00: Salinity, Practical [PSU]
# name 10 = sigma-é00: Density [sigma-theta, kg/m^3]
# name 11 = sbeox0ML/L: Oxygen, SBE 43 [ml/l], WS = 2
# name 12 = sbox0Mm/Kg: Oxygen, SBE 43 [umol/kg], WS = 2
# name 13 = flag: flag
# span 0 =     -0.051,    400.988       
# span 1 =      0.479,   2199.125       
# span 2 =    13.5799,    23.2879       
# span 3 =   2.398107,   5.557196       
# span 4 =     2.4447,     3.9392       
# span 5 =    -0.2448,     2.4116       
# span 6 =  1.3567359,  1.8201567       
# span 7 =  13.574213,  23.225614       
# span 8 =    13.5675,    23.2876       
# span 9 =    15.7946,    38.6768       
# span 10 =     9.4106,    29.0861      
# span 11 =     3.7364,     6.2302      
# span 12 =    162.154,    270.541      
# span 13 = 0.0000e+00, 0.0000e+00      
# interval = seconds: 1                 
# start_time = Jul 12 2021 12:46:40 [System UTC, header]
# bad_flag = -9.990e-29
*END*
[from data line 620]
    359.458    620.479    13.7439   4.572204     2.4546     0.1349  1.8183761  13.736266    13.6906    38.6545    29.0815     3.7466    162.595 0.0000e+00
    360.106    621.479    13.7429   4.572111     2.4549     0.1340  1.8183252  13.739000    13.6895    38.6544    29.0816     3.7477    162.644 0.0000e+00
    360.576    622.479    13.7417   4.571979     2.4551     0.1358  1.8185287  13.733532    13.6883    38.6541    29.0816     3.7449    162.521 0.0000e+00
    361.251    623.479    13.7409   4.571899     2.4534     0.1413  1.8185287  13.734215    13.6874    38.6538    29.0816     3.7396    162.290 0.0000e+00
    361.981    624.479    13.7395   4.571734     2.4526     0.1380  1.8187322  13.733532    13.6858    38.6534    29.0817     3.7419    162.389 0.0000e+00
    362.425    625.479    13.7365   4.571380     2.4522     0.1368  1.8187831  13.731481    13.6828    38.6529    29.0819     3.7420    162.397 0.0000e+00
    363.086    626.479    13.7350   4.571226     2.4523     0.1510  1.8187322  13.730114    13.6812    38.6526    29.0820     3.7436    162.463 0.0000e+00
    363.947    627.479    13.7323   4.570934     2.4525     0.1518  1.8190374  13.730114    13.6783    38.6522    29.0823     3.7443    162.493 0.0000e+00
    364.504    628.479    13.7307   4.570762     2.4516     0.1322  1.8192409  13.730114    13.6767    38.6519    29.0824     3.7405    162.332 0.0000e+00
    364.977    629.479    13.7294   4.570602     2.4512     0.1345  1.8189357  13.729430    13.6753    38.6515    29.0824     3.7422    162.405 0.0000e+00
    365.485    630.479    13.7281   4.570448     2.4513     0.1504  1.8190374  13.727380    13.6739    38.6511    29.0824     3.7422    162.402 0.0000e+00
    366.199    631.479    13.7261   4.570250     2.4507     0.1524  1.8190883  13.725329    13.6719    38.6509    29.0827     3.7403    162.323 0.0000e+00
    367.070    632.479    13.7252   4.570177     2.4498     0.1481  1.8191392  13.719860    13.6709    38.6507    29.0828     3.7364    162.154 0.0000e+00
    367.657    633.479    13.7247   4.570126     2.4487     0.1461  1.8190883  13.717810    13.6702    38.6505    29.0828     3.7387    162.252 0.0000e+00
    368.220    634.479    13.7231   4.569944     2.4495     0.1278  1.8190374  13.714392    13.6686    38.6501    29.0828     3.7445    162.501 0.0000e+00
    368.800    635.479    13.7207   4.569669     2.4502     0.1246  1.8191392  13.715759    13.6660    38.6497    29.0830     3.7444    162.498 0.0000e+00
    369.375    636.479    13.7196   4.569548     2.4506     0.1342  1.8192918  13.714392    13.6648    38.6494    29.0831     3.7479    162.650 0.0000e+00
    370.111    637.479    13.7182   4.569405     2.4519     0.1349  1.8196479  13.713708    13.6634    38.6491    29.0831     3.7485    162.678 0.0000e+00
    370.792    638.479    13.7167   4.569249     2.4510     0.1331  1.8194953  13.713708    13.6618    38.6488    29.0832     3.7433    162.451 0.0000e+00
    371.338    639.479    13.7160   4.569183     2.4509     0.1313  1.8193936  13.713708    13.6610    38.6486    29.0832     3.7464    162.585 0.0000e+00
    371.950    640.479    13.7149   4.569070     2.4506     0.1420  1.8193427  13.713708    13.6598    38.6484    29.0834     3.7421    162.398 0.0000e+00
    372.635    641.479    13.7140   4.568979     2.4495     0.1420  1.8195462  13.713024    13.6588    38.6482    29.0834     3.7424    162.410 0.0000e+00
    373.304    642.479    13.7122   4.568780     2.4494     0.1465  1.8192409  13.713708    13.6569    38.6478    29.0835     3.7452    162.533 0.0000e+00
    373.784    643.479    13.7109   4.568649     2.4499     0.1419  1.8194444  13.713024    13.6556    38.6476    29.0836     3.7468    162.604 0.0000e+00
    374.343    644.479    13.7108   4.568664     2.4503     0.1386  1.8196479  13.706872    13.6554    38.6476    29.0837     3.7506    162.768 0.0000e+00
    375.214    645.479    13.7105   4.568659     2.4517     0.1452  1.8194953  13.704137    13.6549    38.6475    29.0837     3.7521    162.832 0.0000e+00
    375.922    646.479    13.7101   4.568637     2.4514     0.1485  1.8193936  13.705504    13.6544    38.6474    29.0837     3.7462    162.578 0.0000e+00
    376.273    647.479    13.7098   4.568623     2.4498     0.1517  1.8194953  13.706188    13.6541    38.6474    29.0838     3.7406    162.333 0.0000e+00
    376.924    648.479    13.7092   4.568573     2.4483     0.1515  1.8198514  13.700035    13.6534    38.6472    29.0838     3.7421    162.399 0.0000e+00
    377.767    649.479    13.7081   4.568463     2.4485     0.1372  1.8193427  13.700719    13.6521    38.6469    29.0838     3.7433    162.451 0.0000e+00
    378.368    650.479    13.7076   4.568417     2.4474     0.1343  1.8193936  13.702086    13.6515    38.6468    29.0838     3.7393    162.279 0.0000e+00
    378.893    651.479    13.7077   4.568461     2.4466     0.1414  1.8195462  13.697985    13.6516    38.6468    29.0838     3.7395    162.288 0.0000e+00
    379.543    652.479    13.7066   4.568351     2.4465     0.1441  1.8193427  13.698668    13.6504    38.6466    29.0839     3.7446    162.505 0.0000e+00
    380.307    653.479    13.7056   4.568263     2.4481     0.1499  1.8193936  13.697301    13.6493    38.6464    29.0841     3.7498    162.731 0.0000e+00
    380.980    654.479    13.7044   4.568135     2.4487     0.1434  1.8193936  13.697301    13.6480    38.6461    29.0841     3.7468    162.604 0.0000e+00
    381.554    655.479    13.7028   4.567956     2.4485     0.1510  1.8198514  13.697301    13.6463    38.6457    29.0842     3.7473    162.624 0.0000e+00
    382.186    656.479    13.7013   4.567796     2.4485     0.1498  1.8198006  13.696617    13.6447    38.6455    29.0843     3.7463    162.579 0.0000e+00
    382.689    657.479    13.6987   4.567479     2.4481     0.1384  1.8195462  13.697301    13.6420    38.6449    29.0844     3.7455    162.546 0.0000e+00
    383.310    658.479    13.6977   4.567396     2.4476     0.1310  1.8195462  13.697301    13.6409    38.6448    29.0846     3.7448    162.516 0.0000e+00
    384.221    659.479    13.6969   4.567350     2.4470     0.1397  1.8195970  13.693883    13.6400    38.6448    29.0847     3.7452    162.535 0.0000e+00
    384.849    660.479    13.6963   4.567291     2.4476     0.1394  1.8195971  13.693883    13.6393    38.6446    29.0848     3.7496    162.725 0.0000e+00
    385.211    661.479    13.6961   4.567277     2.4478     0.1306  1.8197497  13.691832    13.6390    38.6444    29.0847     3.7456    162.551 0.0000e+00
    385.898    662.479    13.6960   4.567299     2.4467     0.1311  1.8196479  13.693883    13.6389    38.6444    29.0848     3.7442    162.491 0.0000e+00
    386.733    663.479    13.6952   4.567218     2.4470     0.1311  1.8193936  13.688413    13.6379    38.6441    29.0847     3.7488    162.689 0.0000e+00
    387.436    664.479    13.6937   4.567070     2.4475     0.1275  1.8195462  13.689781    13.6363    38.6439    29.0849     3.7492    162.706 0.0000e+00
    387.995    665.479    13.6916   4.566834     2.4472     0.1261  1.8195462  13.691148    13.6342    38.6435    29.0850     3.7477    162.642 0.0000e+00
    388.579    666.479    13.6905   4.566722     2.4473     0.1324  1.8196988  13.687046    13.6330    38.6433    29.0851     3.7500    162.744 0.0000e+00
    389.387    667.479    13.6897   4.566648     2.4477     0.1332  1.8196479  13.681577    13.6321    38.6430    29.0851     3.7502    162.750 0.0000e+00
    390.160    668.479    13.6887   4.566552     2.4474     0.1371  1.8195462  13.680893    13.6309    38.6428    29.0852     3.7498    162.735 0.0000e+00
    390.639    669.479    13.6884   4.566549     2.4473     0.1405  1.8197497  13.681577    13.6306    38.6428    29.0853     3.7494    162.715 0.0000e+00
    391.138    670.479    13.6883   4.566549     2.4474     0.1425  1.8197497  13.680893    13.6304    38.6427    29.0852     3.7512    162.794 0.0000e+00
    391.854    671.479    13.6882   4.566568     2.4477     0.1358  1.8197497  13.680893    13.6302    38.6427    29.0853     3.7531    162.877 0.0000e+00
    392.561    672.479    13.6879   4.566562     2.4481     0.1388  1.8195971  13.680893    13.6298    38.6427    29.0853     3.7520    162.830 0.0000e+00
    392.630    673.479    13.6878   4.566564     2.4478     0.1431  1.8196479  13.680893    13.6297    38.6427    29.0854     3.7519    162.826 0.0000e+00
    392.760    674.479    13.6882   4.566620     2.4478     0.1366  1.8193427  13.680893    13.6301    38.6428    29.0853     3.7500    162.741 0.0000e+00
    393.364    675.479    13.6882   4.566643     2.4468     0.1339  1.8195971  13.680893    13.6299    38.6428    29.0854     3.7489    162.694 0.0000e+00
    393.646    676.479    13.6879   4.566613     2.4470     0.1502  1.8192918  13.680893    13.6296    38.6426    29.0853     3.7522    162.838 0.0000e+00
    393.725    677.479    13.6878   4.566608     2.4474     0.1493  1.8195971  13.680893    13.6295    38.6426    29.0853     3.7530    162.871 0.0000e+00
    394.052    678.479    13.6880   4.566634     2.4476     0.1483  1.8192918  13.680893    13.6297    38.6425    29.0852     3.7547    162.946 0.0000e+00
    394.487    679.479    13.6881   4.566667     2.4490     0.1441  1.8195971  13.680893    13.6297    38.6426    29.0853     3.7592    163.142 0.0000e+00
    394.748    680.479    13.6878   4.566650     2.4491     0.1394  1.8191901  13.681577    13.6294    38.6426    29.0854     3.7530    162.874 0.0000e+00
    395.056    681.479    13.6878   4.566666     2.4478     0.1341  1.8193427  13.680893    13.6293    38.6426    29.0853     3.7489    162.695 0.0000e+00
    395.467    682.479    13.6879   4.566692     2.4469     0.1336  1.8191901  13.680893    13.6293    38.6426    29.0854     3.7487    162.687 0.0000e+00
    395.598    683.479    13.6877   4.566676     2.4462     0.1453  1.8192409  13.680893    13.6291    38.6425    29.0853     3.7477    162.640 0.0000e+00
    395.922    684.479    13.6880   4.566716     2.4457     0.1410  1.8195971  13.680893    13.6294    38.6425    29.0853     3.7495    162.720 0.0000e+00
    396.465    685.479    13.6879   4.566733     2.4464     0.1518  1.8195462  13.680209    13.6292    38.6425    29.0853     3.7529    162.867 0.0000e+00
    396.785    686.479    13.6873   4.566655     2.4462     0.1571  1.8193936  13.680893    13.6285    38.6423    29.0853     3.7494    162.717 0.0000e+00
    397.098    687.479    13.6864   4.566566     2.4462     0.1582  1.8192409  13.680893    13.6276    38.6421    29.0853     3.7526    162.855 0.0000e+00
    397.708    688.479    13.6862   4.566571     2.4470     0.1595  1.8195971  13.680893    13.6274    38.6421    29.0854     3.7564    163.021 0.0000e+00
    398.490    689.479    13.6847   4.566400     2.4479     0.1598  1.8196988  13.680209    13.6257    38.6417    29.0855     3.7561    163.004 0.0000e+00
    398.512    690.479    13.6837   4.566305     2.4478     0.1659  1.8194444  13.680893    13.6247    38.6417    29.0857     3.7563    163.016 0.0000e+00
    398.575    691.479    13.6846   4.566391     2.4484     0.1635  1.8194444  13.679526    13.6256    38.6416    29.0854     3.7571    163.050 0.0000e+00
    399.329    692.479    13.6809   4.565948     2.4478     0.1607  1.8194953  13.679526    13.6218    38.6408    29.0856     3.7534    162.888 0.0000e+00
    399.909    693.479    13.6788   4.565718     2.4476     0.1542  1.8194444  13.676107    13.6196    38.6405    29.0858     3.7554    162.974 0.0000e+00
    400.064    694.479    13.6789   4.565728     2.4475     0.1436  1.8195970  13.675423    13.6197    38.6405    29.0858     3.7559    162.997 0.0000e+00
    400.325    695.479    13.6775   4.565562     2.4478     0.1346  1.8194444  13.671321    13.6183    38.6401    29.0858     3.7566    163.028 0.0000e+00
    400.884    696.479    13.6766   4.565479     2.4470     0.1256  1.8193427  13.671321    13.6173    38.6400    29.0859     3.7504    162.761 0.0000e+00
    400.988    697.479    13.6755   4.565340     2.4459     0.1318  1.8194953  13.669954    13.6162    38.6397    29.0860     3.7528    162.865 0.0000e+00
    400.832    698.479    13.6757   4.565358     2.4466     0.1514  1.8194444  13.667903    13.6164    38.6398    29.0860     3.7563    163.016 0.0000e+00
    400.870    699.479    13.6744   4.565201     2.4468     0.1525  1.8194444  13.667219    13.6151    38.6396    29.0861     3.7549    162.955 0.0000e+00
    400.877    700.479    13.6739   4.565146     2.4468     0.1447  1.8190374  13.664484    13.6146    38.6395    29.0861     3.7540    162.916 0.0000e+00
    400.627    701.479    13.6749   4.565260     2.4461     0.1478  1.8195971  13.667219    13.6156    38.6398    29.0861     3.7528    162.864 0.0000e+00
    400.474    702.479    13.6755   4.565334     2.4467     0.1370  1.8193936  13.665168    13.6162    38.6399    29.0860     3.7562    163.010 0.0000e+00
    400.792    703.479    13.6749   4.565251     2.4468     0.1342  1.8189866  13.665168    13.6156    38.6395    29.0859     3.7549    162.952 0.0000e+00
    400.801    704.479    13.6746   4.565213     2.4467     0.1279  1.8194444  13.665851    13.6153    38.6396    29.0860     3.7540    162.915 0.0000e+00
    400.425    705.479    13.6763   4.565420     2.4466     0.1329  1.8193936  13.665168    13.6170    38.6400    29.0860     3.7536    162.900 0.0000e+00
    400.484    706.479    13.6760   4.565387     2.4465     0.1401  1.8194953  13.664484    13.6167    38.6399    29.0860     3.7544    162.930 0.0000e+00
    400.554    707.479    13.6761   4.565398     2.4467     0.1431  1.8195462  13.668586    13.6168    38.6399    29.0860     3.7561    163.007 0.0000e+00
    400.388    708.479    13.6760   4.565389     2.4472     0.1289  1.8193427  13.665851    13.6167    38.6399    29.0860     3.7553    162.971 0.0000e+00
    400.309    709.479    13.6764   4.565437     2.4467     0.1471  1.8193936  13.666535    13.6172    38.6401    29.0860     3.7517    162.815 0.0000e+00
    400.509    710.479    13.6763   4.565424     2.4458     0.1484  1.8194953  13.665168    13.6170    38.6400    29.0860     3.7496    162.725 0.0000e+00
    400.511    711.479    13.6766   4.565482     2.4454     0.1351  1.8193936  13.665168    13.6173    38.6402    29.0861     3.7522    162.835 0.0000e+00
    400.125    712.479    13.6767   4.565466     2.4457     0.1462  1.8195462  13.665168    13.6175    38.6401    29.0860     3.7525    162.848 0.0000e+00
    400.162    713.479    13.6768   4.565476     2.4455     0.1526  1.8193936  13.665851    13.6176    38.6401    29.0860     3.7504    162.758 0.0000e+00
    400.347    714.479    13.6763   4.565416     2.4451     0.1653  1.8193936  13.665851    13.6170    38.6399    29.0859     3.7518    162.822 0.0000e+00
    400.359    715.479    13.6764   4.565429     2.4456     0.1740  1.8194953  13.666535    13.6171    38.6400    29.0859     3.7530    162.870 0.0000e+00
    400.167    716.479    13.6764   4.565438     2.4458     0.1565  1.8195971  13.665168    13.6172    38.6401    29.0860     3.7537    162.901 0.0000e+00
    400.083    717.479    13.6765   4.565448     2.4464     0.1456  1.8196479  13.664484    13.6173    38.6402    29.0861     3.7564    163.018 0.0000e+00
    400.195    718.479    13.6768   4.565474     2.4472     0.1391  1.8190883  13.666535    13.6176    38.6400    29.0859     3.7573    163.059 0.0000e+00
    400.027    719.479    13.6766   4.565453     2.4474     0.1393  1.8193427  13.665168    13.6174    38.6401    29.0860     3.7556    162.985 0.0000e+00
    400.200    720.479    13.6767   4.565464     2.4474     0.1442  1.8196479  13.667219    13.6175    38.6401    29.0859     3.7546    162.940 0.0000e+00
    400.373    721.479    13.6764   4.565443     2.4466     0.1487  1.8195462  13.665851    13.6171    38.6401    29.0860     3.7529    162.866 0.0000e+00
