Boussole/Data/SBEMOOSE/Work/cnv/bous225_03.cnv
* Sea-Bird SBE 9 Data File:
* FileName = C:\boussole\202012\bous225_03.hdr
* Software Version Seasave V 7.23.2
* Temperature SN = 2473
* Conductivity SN = 2929
* Number of Bytes Per Scan = 37
* Number of Voltage Words = 4
* Number of Scans Averaged by the Deck Unit = 1
* NMEA Latitude = 43 21.70 N
* NMEA Longitude = 007 54.04 E
* NMEA UTC (Time) = Dec 09 2020  14:05:46
* NMEA baud rate = 4800
** Navire
** Station:
** Date
** Heure debut [TU]
** Heure fin [TU]
** Heure locale / TU = +0
** Latitude
** Longitude
** Heure meteo [TU]
** T air sec [deg C]
** T mer [deg C]
** Vent [noeuds, degres]
# nquan = 14
# nvalues = 1453                        
# units = specified
# name 0 = prDM: Pressure, Digiquartz [db]
# name 1 = timeS: Time, Elapsed [seconds]
# name 2 = t090C: Temperature [ITS-90, deg C]
# name 3 = c0S/m: Conductivity [S/m]
# name 4 = sbeox0V: Oxygen raw, SBE 43 [V]
# name 5 = flC: Fluorescence, Chelsea Aqua 3 Chl Con [ug/l]
# name 6 = upoly0: Upoly 0, RINKOIII_DO
# name 7 = upoly1: Upoly 1, RINKOIII_Temp
# name 8 = potemp090C: Potential Temperature [ITS-90, deg C]
# name 9 = sal00: Salinity, Practical [PSU]
# name 10 = sigma-é00: Density [sigma-theta, kg/m^3]
# name 11 = sbeox0ML/L: Oxygen, SBE 43 [ml/l], WS = 2
# name 12 = sbox0Mm/Kg: Oxygen, SBE 43 [umol/kg], WS = 2
# name 13 = flag: flag
# span 0 =     -0.133,    382.824       
# span 1 =      0.479,   1452.167       
# span 2 =    13.7352,    14.9712       
# span 3 =   4.511336,   4.618208       
# span 4 =     1.4300,     2.0562       
# span 5 =     0.1156,     1.9894       
# span 6 =  1.5370370,  1.8379121       
# span 7 =  13.713708,  14.955114       
# span 8 =    13.6789,    14.9696       
# span 9 =    37.0713,    38.6443       
# span 10 =    27.5835,    29.0747      
# span 11 =     3.2503,     5.5827      
# span 12 =    141.059,    242.471      
# span 13 = 0.0000e+00, 0.0000e+00      
# interval = seconds: 1                 
# start_time = Dec 09 2020 14:05:46 [NMEA time, header]
# bad_flag = -9.990e-29
*END*
[from data line 413]
    184.731    413.479    13.8006   4.558060     1.7044     0.1369  1.7606838  13.763606    13.7733    38.5414    28.9761     4.0850    177.301 0.0000e+00
    183.646    414.479    13.8084   4.558924     1.7032     0.1368  1.7603277  13.774542    13.7812    38.5424    28.9751     4.0777    176.983 0.0000e+00
    182.601    415.479    13.8154   4.559737     1.7006     0.1410  1.7598189  13.781376    13.7884    38.5434    28.9744     4.0744    176.841 0.0000e+00
    182.204    416.479    13.8210   4.560381     1.7038     0.1441  1.7595137  13.790943    13.7940    38.5441    28.9737     4.1120    178.470 0.0000e+00
    181.660    417.479    13.8252   4.560885     1.7074     0.1536  1.7590558  13.798460    13.7984    38.5449    28.9734     4.1138    178.550 0.0000e+00
    180.724    418.479    13.8327   4.561854     1.7089     0.1561  1.7589032  13.795044    13.8060    38.5470    28.9733     4.0894    177.490 0.0000e+00
    179.410    419.479    13.8513   4.564167     1.7041     0.1576  1.7592084  13.795044    13.8248    38.5508    28.9723     4.0701    176.650 0.0000e+00
    178.254    420.479    13.8767   4.567433     1.7035     0.1561  1.7583944  13.814861    13.8503    38.5568    28.9714     4.0827    177.200 0.0000e+00
    177.632    421.479    13.8928   4.569352     1.7064     0.1484  1.7580383  13.844926    13.8664    38.5591    28.9697     4.1001    177.956 0.0000e+00
    177.220    422.479    13.9042   4.570739     1.7069     0.1354  1.7574278  13.864057    13.8779    38.5609    28.9686     4.0855    177.322 0.0000e+00
    176.438    423.479    13.9087   4.571263     1.7070     0.1441  1.7581401  13.857908    13.8825    38.5617    28.9682     4.0995    177.928 0.0000e+00
    175.344    424.479    13.9265   4.573441     1.7105     0.1419  1.7580383  13.858591    13.9005    38.5649    28.9669     4.0996    177.934 0.0000e+00
    174.363    425.479    13.9415   4.575359     1.7081     0.1361  1.7578857  13.867472    13.9156    38.5685    28.9664     4.0750    176.867 0.0000e+00
    173.521    426.479    13.9710   4.578798     1.7074     0.1280  1.7570717  13.894115    13.9452    38.5718    28.9625     4.0860    177.344 0.0000e+00
    172.609    427.479    13.9742   4.578972     1.7098     0.1379  1.7565120  13.915291    13.9485    38.5706    28.9609     4.0781    177.002 0.0000e+00
    171.639    428.479    13.9751   4.578930     1.7034     0.1369  1.7560033  13.924171    13.9496    38.5697    28.9599     4.0295    174.893 0.0000e+00
    170.544    429.479    13.9756   4.578778     1.7010     0.1434  1.7555963  13.931684    13.9502    38.5683    28.9587     4.0741    176.831 0.0000e+00
    170.053    430.479    13.9756   4.578692     1.7063     0.1442  1.7547823  13.943978    13.9503    38.5676    28.9582     4.0780    176.995 0.0000e+00
    169.983    431.479    13.9756   4.578633     1.7016     0.1419  1.7544262  13.947393    13.9503    38.5672    28.9578     4.0396    175.330 0.0000e+00
    169.115    432.479    13.9743   4.578338     1.7019     0.1377  1.7541209  13.946027    13.9492    38.5660    28.9572     4.0707    176.682 0.0000e+00
    168.000    433.479    13.9704   4.577493     1.7035     0.1316  1.7538157  13.944661    13.9454    38.5625    28.9553     4.0533    175.926 0.0000e+00
    166.804    434.479    13.9665   4.576625     1.6993     0.1327  1.7537648  13.943978    13.9417    38.5587    28.9531     4.0434    175.496 0.0000e+00
    165.371    435.479    13.9644   4.576029     1.7007     0.1417  1.7526455  13.943978    13.9398    38.5559    28.9513     4.0482    175.706 0.0000e+00
    164.328    436.479    13.9611   4.575373     1.6969     0.1321  1.7520350  13.942612    13.9366    38.5534    28.9501     4.0323    175.016 0.0000e+00
    163.554    437.479    13.9591   4.575005     1.6981     0.1401  1.7510175  13.941929    13.9347    38.5523    28.9497     4.0488    175.732 0.0000e+00
    162.904    438.479    13.9588   4.574916     1.6974     0.1425  1.7499491  13.937831    13.9345    38.5521    28.9496     4.0497    175.772 0.0000e+00
    162.585    439.479    13.9580   4.574760     1.7005     0.1458  1.7493386  13.939197    13.9338    38.5515    28.9493     4.0611    176.266 0.0000e+00
    162.155    440.479    13.9570   4.574564     1.6989     0.1597  1.7486772  13.935099    13.9329    38.5508    28.9489     4.0331    175.051 0.0000e+00
    161.370    441.479    13.9563   4.574413     1.6962     0.1542  1.7477106  13.938514    13.9323    38.5505    28.9488     4.0257    174.728 0.0000e+00
    160.425    442.479    13.9468   4.572747     1.6956     0.1347  1.7476597  13.933050    13.9229    38.5447    28.9463     4.0431    175.485 0.0000e+00
    159.625    443.479    13.9217   4.568821     1.6959     0.1450  1.7474562  13.930318    13.8980    38.5331    28.9427     4.0369    175.217 0.0000e+00
    158.708    444.479    13.9093   4.567015     1.6961     0.1472  1.7476597  13.915291    13.8858    38.5288    28.9420     4.0477    175.686 0.0000e+00
    157.526    445.479    13.9069   4.566216     1.6974     0.1553  1.7463370  13.910510    13.8835    38.5242    28.9390     4.0514    175.845 0.0000e+00
    156.493    446.479    13.9035   4.565595     1.6977     0.1462  1.7459300  13.902312    13.8803    38.5222    28.9381     4.0508    175.822 0.0000e+00
    155.603    447.479    13.8998   4.564726     1.6988     0.1464  1.7446072  13.893432    13.8767    38.5181    28.9357     4.0572    176.099 0.0000e+00
    154.943    448.479    13.8981   4.564389     1.7002     0.1435  1.7433353  13.890016    13.8751    38.5169    28.9351     4.0652    176.445 0.0000e+00
    154.548    449.479    13.8958   4.564008     1.7021     0.1437  1.7419617  13.880453    13.8729    38.5158    28.9348     4.0720    176.743 0.0000e+00
    154.466    450.479    13.8947   4.563836     1.7029     0.1427  1.7406898  13.877720    13.8718    38.5153    28.9346     4.0693    176.626 0.0000e+00
    154.388    451.479    13.8950   4.563875     1.7052     0.1452  1.7396723  13.877720    13.8721    38.5153    28.9346     4.0852    177.316 0.0000e+00
    154.195    452.479    13.8991   4.564409     1.7069     0.1454  1.7388074  13.879086    13.8762    38.5164    28.9345     4.0868    177.384 0.0000e+00
    153.996    453.479    13.9053   4.565202     1.7079     0.1419  1.7381969  13.887967    13.8825    38.5177    28.9342     4.0923    177.623 0.0000e+00
    153.783    454.479    13.9104   4.565839     1.7120     0.1346  1.7379426  13.893432    13.8876    38.5188    28.9339     4.0945    177.718 0.0000e+00
    153.273    455.479    13.9161   4.566622     1.7078     0.1358  1.7373830  13.894115    13.8934    38.5207    28.9341     4.0661    176.484 0.0000e+00
    152.397    456.479    13.9341   4.568955     1.7101     0.1426  1.7373321  13.895481    13.9115    38.5251    28.9336     4.1011    178.004 0.0000e+00
    151.924    457.479    13.9405   4.569633     1.7126     0.1421  1.7367725  13.907094    13.9179    38.5253    28.9324     4.1037    178.116 0.0000e+00
    151.858    458.479    13.9412   4.569698     1.7136     0.1456  1.7364163  13.920756    13.9187    38.5253    28.9322     4.0866    177.375 0.0000e+00
    151.330    459.479    13.9421   4.569766     1.7113     0.1512  1.7357549  13.923488    13.9196    38.5252    28.9320     4.0770    176.958 0.0000e+00
    150.978    460.479    13.9423   4.569772     1.7111     0.1428  1.7356023  13.923488    13.9200    38.5252    28.9319     4.0955    177.763 0.0000e+00
    151.140    461.479    13.9422   4.569758     1.7139     0.1448  1.7350936  13.924854    13.9198    38.5251    28.9319     4.0942    177.703 0.0000e+00
    151.083    462.479    13.9417   4.569681     1.7112     0.1448  1.7349918  13.926220    13.9193    38.5250    28.9319     4.0758    176.907 0.0000e+00
    150.927    463.479    13.9420   4.569706     1.7121     0.1418  1.7350427  13.926220    13.9196    38.5250    28.9318     4.1011    178.004 0.0000e+00
    151.121    464.479    13.9420   4.569705     1.7149     0.1492  1.7349410  13.926220    13.9195    38.5249    28.9318     4.1063    178.232 0.0000e+00
    151.446    465.479    13.9411   4.569644     1.7129     0.1592  1.7348901  13.927586    13.9186    38.5250    28.9321     4.0823    177.191 0.0000e+00
    151.315    466.479    13.9410   4.569621     1.7157     0.1390  1.7350936  13.926903    13.9185    38.5250    28.9321     4.1288    179.207 0.0000e+00
    151.122    467.479    13.9413   4.569638     1.7196     0.1387  1.7346866  13.926903    13.9189    38.5249    28.9319     4.1307    179.289 0.0000e+00
    151.246    468.479    13.9403   4.569525     1.7229     0.1333  1.7350427  13.926903    13.9178    38.5248    28.9320     4.1351    179.482 0.0000e+00
    150.968    469.479    13.9410   4.569607     1.7219     0.1429  1.7347883  13.926220    13.9186    38.5250    28.9320     4.1013    178.015 0.0000e+00
    150.394    470.479    13.9422   4.569696     1.7172     0.1523  1.7346866  13.925537    13.9199    38.5249    28.9317     4.0942    177.705 0.0000e+00
    150.189    471.479    13.9424   4.569712     1.7193     0.1536  1.7347883  13.926903    13.9201    38.5250    28.9317     4.1371    179.570 0.0000e+00
    150.814    472.479    13.9424   4.569738     1.7246     0.1527  1.7345340  13.926903    13.9200    38.5249    28.9317     4.1445    179.891 0.0000e+00
    151.125    473.479    13.9416   4.569676     1.7231     0.1450  1.7346866  13.926903    13.9192    38.5250    28.9319     4.1167    178.680 0.0000e+00
    150.883    474.479    13.9423   4.569747     1.7248     0.1440  1.7346357  13.926220    13.9199    38.5251    28.9318     4.1458    179.946 0.0000e+00
    151.007    475.479    13.9424   4.569759     1.7252     0.1335  1.7345848  13.926903    13.9200    38.5250    28.9317     4.1192    178.792 0.0000e+00
    151.455    476.479    13.9415   4.569666     1.7231     0.1322  1.7346357  13.926903    13.9190    38.5248    28.9318     4.1241    179.005 0.0000e+00
    151.288    477.479    13.9413   4.569652     1.7241     0.1329  1.7346866  13.926903    13.9188    38.5250    28.9320     4.1251    179.047 0.0000e+00
    151.049    478.479    13.9426   4.569781     1.7213     0.1459  1.7345340  13.926903    13.9202    38.5250    28.9317     4.1045    178.155 0.0000e+00
    150.875    479.479    13.9431   4.569841     1.7214     0.1438  1.7347375  13.927586    13.9207    38.5252    28.9317     4.1415    179.760 0.0000e+00
    151.047    480.479    13.9432   4.569855     1.7274     0.1507  1.7346866  13.926220    13.9208    38.5251    28.9316     4.1579    180.472 0.0000e+00
    151.487    481.479    13.9430   4.569848     1.7276     0.1532  1.7345340  13.926220    13.9205    38.5250    28.9316     4.1331    179.396 0.0000e+00
    151.262    482.479    13.9429   4.569831     1.7250     0.1508  1.7345848  13.927586    13.9204    38.5251    28.9317     4.1108    178.426 0.0000e+00
    151.085    483.479    13.9429   4.569824     1.7224     0.1392  1.7347883  13.926903    13.9205    38.5251    28.9317     4.1237    178.985 0.0000e+00
    151.471    484.479    13.9427   4.569823     1.7245     0.1394  1.7342287  13.926220    13.9202    38.5251    28.9317     4.1409    179.732 0.0000e+00
    151.789    485.479    13.9403   4.569551     1.7259     0.1449  1.7347883  13.926903    13.9178    38.5248    28.9320     4.1262    179.094 0.0000e+00
    151.803    486.479    13.9379   4.569280     1.7228     0.1329  1.7344831  13.926903    13.9154    38.5246    28.9324     4.1262    179.096 0.0000e+00
    151.615    487.479    13.9399   4.569511     1.7266     0.1431  1.7345340  13.926903    13.9174    38.5249    28.9322     4.1560    180.389 0.0000e+00
    151.725    488.479    13.9403   4.569554     1.7270     0.1373  1.7344831  13.926220    13.9178    38.5249    28.9321     4.1200    178.827 0.0000e+00
    151.816    489.479    13.9397   4.569512     1.7233     0.1420  1.7348901  13.926903    13.9172    38.5251    28.9324     4.1237    178.987 0.0000e+00
    151.778    490.479    13.9408   4.569649     1.7245     0.1361  1.7345340  13.926903    13.9183    38.5253    28.9323     4.1375    179.584 0.0000e+00
    151.985    491.479    13.9399   4.569533     1.7271     0.1332  1.7347883  13.926903    13.9173    38.5250    28.9322     4.1499    180.122 0.0000e+00
    152.141    492.479    13.9392   4.569471     1.7276     0.1329  1.7346866  13.926220    13.9166    38.5250    28.9325     4.1463    179.965 0.0000e+00
    152.017    493.479    13.9399   4.569549     1.7298     0.1330  1.7347375  13.926220    13.9173    38.5251    28.9323     4.1536    180.285 0.0000e+00
    151.752    494.479    13.9413   4.569693     1.7281     0.1271  1.7348392  13.926903    13.9188    38.5252    28.9321     4.1415    179.758 0.0000e+00
    151.582    495.479    13.9413   4.569686     1.7310     0.1418  1.7346357  13.926903    13.9188    38.5252    28.9321     4.1517    180.200 0.0000e+00
    151.806    496.479    13.9409   4.569643     1.7278     0.1582  1.7347883  13.926903    13.9184    38.5251    28.9321     4.1284    179.190 0.0000e+00
    152.112    497.479    13.9406   4.569638     1.7274     0.1543  1.7349410  13.926903    13.9180    38.5252    28.9323     4.1388    179.643 0.0000e+00
    152.258    498.479    13.9404   4.569608     1.7274     0.1559  1.7346866  13.926903    13.9178    38.5251    28.9322     4.1398    179.683 0.0000e+00
    152.526    499.479    13.9394   4.569491     1.7272     0.1619  1.7349918  13.926220    13.9167    38.5249    28.9323     4.1535    180.278 0.0000e+00
    152.766    500.479    13.9386   4.569404     1.7331     0.1524  1.7349410  13.926220    13.9159    38.5247    28.9323     4.1942    182.048 0.0000e+00
    152.832    501.479    13.9387   4.569434     1.7370     0.1413  1.7348392  13.926903    13.9161    38.5248    28.9324     4.1676    180.892 0.0000e+00
    152.356    502.479    13.9397   4.569524     1.7332     0.1344  1.7350427  13.925537    13.9170    38.5250    28.9323     4.1437    179.855 0.0000e+00
    151.494    503.479    13.9414   4.569666     1.7315     0.1448  1.7343813  13.926903    13.9189    38.5250    28.9319     4.1491    180.090 0.0000e+00
    151.374    504.479    13.9421   4.569727     1.7324     0.1512  1.7343813  13.926903    13.9196    38.5249    28.9317     4.1572    180.438 0.0000e+00
    152.006    505.479    13.9421   4.569768     1.7309     0.1529  1.7345848  13.925537    13.9195    38.5250    28.9318     4.1391    179.655 0.0000e+00
    152.322    506.479    13.9403   4.569582     1.7302     0.1494  1.7347375  13.926220    13.9177    38.5249    28.9321     4.1541    180.306 0.0000e+00
    152.318    507.479    13.9407   4.569651     1.7316     0.1406  1.7348901  13.926903    13.9181    38.5251    28.9322     4.1603    180.575 0.0000e+00
    152.413    508.479    13.9406   4.569627     1.7329     0.1495  1.7348901  13.926903    13.9180    38.5250    28.9321     4.1733    181.140 0.0000e+00
    152.607    509.479    13.9395   4.569507     1.7352     0.1467  1.7345340  13.926903    13.9168    38.5249    28.9323     4.1581    180.478 0.0000e+00
    152.796    510.479    13.9390   4.569431     1.7319     0.1435  1.7346357  13.926903    13.9163    38.5246    28.9322     4.1466    179.981 0.0000e+00
    152.757    511.479    13.9391   4.569467     1.7322     0.1377  1.7346357  13.926903    13.9164    38.5247    28.9323     4.1634    180.710 0.0000e+00
    152.723    512.479    13.9396   4.569516     1.7343     0.1444  1.7348392  13.926903    13.9169    38.5247    28.9322     4.1599    180.558 0.0000e+00
    152.703    513.479    13.9396   4.569521     1.7316     0.1475  1.7345848  13.927586    13.9169    38.5248    28.9322     4.1630    180.691 0.0000e+00
    152.355    514.479    13.9402   4.569588     1.7373     0.1473  1.7348392  13.926903    13.9176    38.5251    28.9323     4.2062    182.569 0.0000e+00
    152.256    515.479    13.9413   4.569703     1.7413     0.1537  1.7348392  13.926903    13.9187    38.5250    28.9320     4.1787    181.375 0.0000e+00
