Boussole/Data/SBEMOOSE/Work/cnv/bous226_00.cnv
* Sea-Bird SBE 9 Data File:
* FileName = C:\boussole\202101\bous226_01.hdr
* Software Version Seasave V 7.23.2
* Temperature SN = 2473
* Conductivity SN = 2929
* Number of Bytes Per Scan = 30
* Number of Voltage Words = 4
* Number of Scans Averaged by the Deck Unit = 1
* NMEA baud rate = 4800
** Navire
** Station:
** Date
** Heure debut [TU]
** Heure fin [TU]
** Heure locale / TU = +0
** Latitude
** Longitude
** Heure meteo [TU]
** T air sec [deg C]
** T mer [deg C]
** Vent [noeuds, degres]
# nquan = 14
# nvalues = 166                         
# units = specified
# name 0 = prDM: Pressure, Digiquartz [db]
# name 1 = timeS: Time, Elapsed [seconds]
# name 2 = t090C: Temperature [ITS-90, deg C]
# name 3 = c0S/m: Conductivity [S/m]
# name 4 = sbeox0V: Oxygen raw, SBE 43 [V]
# name 5 = flC: Fluorescence, Chelsea Aqua 3 Chl Con [ug/l]
# name 6 = upoly0: Upoly 0, RINKOIII_DO
# name 7 = upoly1: Upoly 1, RINKOIII_Temp
# name 8 = potemp090C: Potential Temperature [ITS-90, deg C]
# name 9 = sal00: Salinity, Practical [PSU]
# name 10 = sigma-é00: Density [sigma-theta, kg/m^3]
# name 11 = sbeox0ML/L: Oxygen, SBE 43 [ml/l], WS = 2
# name 12 = sbox0Mm/Kg: Oxygen, SBE 43 [umol/kg], WS = 2
# name 13 = flag: flag
# span 0 =      1.207,      9.428       
# span 1 =      0.479,    165.146       
# span 2 =    13.6326,    13.6746       
# span 3 =   4.497096,   4.501461       
# span 4 =     2.1896,     4.7190       
# span 5 =     0.4999,     0.6001       
# span 6 =  1.5854192,  1.5939153       
# span 7 =  13.615249,  13.664484       
# span 8 =    13.6315,    13.6744       
# span 9 =    38.2102,    38.2128       
# span 10 =    28.7422,    28.7508      
# span 11 =     5.5902,    14.7408      
# span 12 =    242.683,    639.927      
# span 13 = 0.0000e+00, 0.0000e+00      
# interval = seconds: 1                 
# start_time = Jan 18 2021 11:04:52 [System UTC, header]
# bad_flag = -9.990e-29
*END*
[from data line 104]
      1.436    104.479    13.6722   4.501215     2.4372     0.5252  1.5861315  13.656962    13.6720    38.2126    28.7430     6.4778    281.217 0.0000e+00
      1.377    105.479    13.6727   4.501265     2.4457     0.5250  1.5863859  13.653543    13.6725    38.2125    28.7429     6.4552    280.233 0.0000e+00
      1.463    106.479    13.6727   4.501277     2.4400     0.5278  1.5862332  13.650124    13.6725    38.2126    28.7429     6.3819    277.053 0.0000e+00
      1.344    107.479    13.6727   4.501266     2.4334     0.5266  1.5861824  13.652176    13.6725    38.2125    28.7428     6.4193    278.676 0.0000e+00
      1.401    108.479    13.6686   4.500787     2.4454     0.5374  1.5864367  13.652176    13.6684    38.2121    28.7434     6.4744    281.068 0.0000e+00
      1.500    109.479    13.6679   4.500762     2.4395     0.5328  1.5864876  13.649441    13.6677    38.2125    28.7438     6.4303    279.153 0.0000e+00
      1.399    110.479    13.6710   4.501095     2.4466     0.5228  1.5861315  13.652176    13.6708    38.2126    28.7432     6.4431    279.711 0.0000e+00
      1.267    111.479    13.6746   4.501461     2.4417     0.5205  1.5863350  13.650124    13.6744    38.2126    28.7425     6.4227    278.824 0.0000e+00
      1.492    112.479    13.6712   4.501126     2.4390     0.5171  1.5861315  13.652176    13.6710    38.2127    28.7433     6.4113    278.330 0.0000e+00
      1.504    113.479    13.6727   4.501303     2.4432     0.5229  1.5861823  13.650808    13.6725    38.2128    28.7430     6.5272    283.358 0.0000e+00
      1.357    114.479    13.6740   4.501410     2.4649     0.5349  1.5861315  13.651492    13.6738    38.2126    28.7426     6.5819    285.734 0.0000e+00
      1.393    115.479    13.6736   4.501369     2.4657     0.5314  1.5862841  13.651492    13.6734    38.2126    28.7427     6.4940    281.919 0.0000e+00
      1.360    116.479    13.6733   4.501334     2.4618     0.5164  1.5861824  13.652176    13.6731    38.2126    28.7427     6.4774    281.199 0.0000e+00
      1.451    117.479    13.6701   4.501012     2.4605     0.5098  1.5863350  13.652176    13.6699    38.2126    28.7435     6.5051    282.400 0.0000e+00
      1.448    118.479    13.6712   4.501116     2.4653     0.5098  1.5863350  13.659697    13.6710    38.2126    28.7432     6.5750    285.435 0.0000e+00
      1.299    119.479    13.6728   4.501292     2.4842     0.5030  1.5860806  13.648757    13.6726    38.2127    28.7429     6.6419    288.339 0.0000e+00
      1.419    120.479    13.6702   4.501012     2.4795     0.5008  1.5862841  13.655595    13.6700    38.2126    28.7434     6.4861    281.577 0.0000e+00
      1.539    121.479    13.6705   4.500990     2.4698     0.5216  1.5865893  13.660381    13.6703    38.2120    28.7429     6.5391    283.878 0.0000e+00
      1.518    122.479    13.6711   4.501095     2.4835     0.5346  1.5864367  13.664484    13.6709    38.2124    28.7431     6.5771    285.526 0.0000e+00
      1.226    123.479    13.6729   4.501293     2.4658     0.5248  1.5865893  13.662433    13.6727    38.2127    28.7429     6.4278    279.043 0.0000e+00
      1.356    124.479    13.6718   4.501172     2.4628     0.5232  1.5868946  13.659697    13.6716    38.2125    28.7430     6.5125    282.723 0.0000e+00
      1.489    125.479    13.6719   4.501171     2.4661     0.5352  1.5868437  13.650808    13.6717    38.2124    28.7429     6.5240    283.219 0.0000e+00
      1.337    126.479    13.6729   4.501285     2.4678     0.5445  1.5869964  13.658330    13.6727    38.2126    28.7428     6.5299    283.479 0.0000e+00
      1.450    127.479    13.6734   4.501331     2.4669     0.5322  1.5867420  13.659697    13.6732    38.2124    28.7426     6.5070    282.483 0.0000e+00
      1.417    128.479    13.6739   4.501370     2.4712     0.5100  1.5867420  13.650808    13.6737    38.2123    28.7424     6.6157    287.203 0.0000e+00
      1.409    129.479    13.6731   4.501293     2.4897     0.5065  1.5869964  13.650124    13.6729    38.2124    28.7427     6.7064    291.140 0.0000e+00
      1.384    130.479    13.6726   4.501244     2.5144     0.5050  1.5869964  13.652176    13.6724    38.2124    28.7427     6.7513    293.091 0.0000e+00
      1.445    131.479    13.6704   4.500993     2.5138     0.5060  1.5871999  13.650808    13.6702    38.2122    28.7431     6.6807    290.025 0.0000e+00
      1.433    132.479    13.6685   4.500803     2.5223     0.5164  1.5871999  13.648073    13.6683    38.2124    28.7436     6.7267    292.021 0.0000e+00
      1.424    133.479    13.6685   4.500725     2.5212     0.5297  1.5871490  13.651492    13.6683    38.2116    28.7430     6.6995    290.840 0.0000e+00
      1.375    134.479    13.6659   4.500472     2.5241     0.5227  1.5869964  13.648073    13.6657    38.2118    28.7437     6.7011    290.911 0.0000e+00
      1.241    135.479    13.6723   4.501194     2.5236     0.5219  1.5872507  13.654911    13.6721    38.2123    28.7427     6.6782    289.917 0.0000e+00
      1.600    136.479    13.6651   4.500395     2.5130     0.5287  1.5868946  13.647389    13.6649    38.2117    28.7438     6.6110    286.995 0.0000e+00
      1.534    137.479    13.6685   4.500804     2.5053     0.5252  1.5873525  13.648073    13.6683    38.2122    28.7435     6.5937    286.245 0.0000e+00
      1.276    138.479    13.6733   4.501303     2.5001     0.5218  1.5905067  13.651492    13.6731    38.2123    28.7426     6.6458    288.511 0.0000e+00
      1.376    139.479    13.6743   4.501393     2.5088     0.5504  1.5872507  13.650808    13.6741    38.2121    28.7422     6.6845    290.190 0.0000e+00
      1.448    140.479    13.6711   4.501054     2.5123     0.5361  1.5873016  13.649441    13.6709    38.2121    28.7429     6.7037    291.021 0.0000e+00
      1.475    141.479    13.6686   4.500779     2.5237     0.5278  1.5870472  13.651492    13.6684    38.2120    28.7433     6.7537    293.194 0.0000e+00
      1.380    142.479    13.6692   4.500822     2.5279     0.5353  1.5870472  13.650808    13.6690    38.2118    28.7431     6.7259    291.986 0.0000e+00
      1.508    143.479    13.6690   4.500795     2.5270     0.5380  1.5871490  13.650124    13.6688    38.2117    28.7430     6.6851    290.214 0.0000e+00
      1.391    144.479    13.6694   4.500829     2.5172     0.5257  1.5874034  13.648073    13.6692    38.2117    28.7429     6.6722    289.654 0.0000e+00
      1.227    145.479    13.6699   4.500890     2.5283     0.5297  1.5871999  13.649441    13.6697    38.2119    28.7429     6.7727    294.019 0.0000e+00
      1.524    146.479    13.6654   4.500384     2.5374     0.5352  1.5879121  13.648757    13.6652    38.2114    28.7435     6.8547    297.579 0.0000e+00
      1.371    147.479    13.6667   4.500527     2.5554     0.5494  1.5877595  13.650124    13.6665    38.2116    28.7434     6.8312    296.555 0.0000e+00
      1.318    148.479    13.6673   4.500586     2.5593     0.5388  1.5872507  13.649441    13.6671    38.2115    28.7432     6.9592    302.116 0.0000e+00
      1.461    149.479    13.6613   4.500021     2.5998     0.5316  1.5875560  13.649441    13.6612    38.2120    28.7448     7.3224    317.881 0.0000e+00
      1.433    150.479    13.6657   4.500431     2.6874     0.5334  1.5875051  13.649441    13.6655    38.2116    28.7436     7.8252    339.711 0.0000e+00
      1.811    151.479    13.6608   4.499870     2.7916     0.5317  1.5879121  13.646705    13.6606    38.2109    28.7441     8.1520    353.898 0.0000e+00
      2.504    152.479    13.6436   4.498051     2.8874     0.5262  1.5880647  13.636449    13.6432    38.2105    28.7475     8.6631    376.084 0.0000e+00
      3.019    153.479    13.6413   4.497846     3.0608     0.5359  1.5883191  13.632346    13.6409    38.2106    28.7481     9.7069    421.395 0.0000e+00
      3.238    154.479    13.6416   4.497846     3.2979     0.5498  1.5939153  13.630978    13.6411    38.2102    28.7477    10.7272    465.689 0.0000e+00
      3.824    155.479    13.6364   4.497346     3.5502     0.5665  1.5889296  13.620036    13.6359    38.2104    28.7490    11.5174    499.995 0.0000e+00
      4.666    156.479    13.6351   4.497247     3.7970     0.5773  1.5894892  13.615933    13.6344    38.2104    28.7493    12.4101    538.745 0.0000e+00
      5.105    157.479    13.6346   4.497216     4.0684     0.5940  1.5893366  13.617985    13.6339    38.2104    28.7494    13.4182    582.511 0.0000e+00
      5.459    158.479    13.6341   4.497160     4.3429     0.6001  1.5927452  13.618668    13.6333    38.2102    28.7494    14.3509    622.999 0.0000e+00
      5.947    159.479    13.6332   4.497096     4.6285     0.5969  1.5893875  13.615933    13.6323    38.2103    28.7497    14.7408    639.927 0.0000e+00
      6.627    160.479    13.6333   4.497184     4.7190     0.5863  1.5895910  13.615249    13.6323    38.2107    28.7500    14.0812    611.294 0.0000e+00
      7.346    161.479    13.6326   4.497165     4.6917     0.5838  1.5895401  13.617301    13.6315    38.2109    28.7503    13.5292    587.326 0.0000e+00
      7.953    162.479    13.6344   4.497458     4.6530     0.5611  1.5897436  13.615933    13.6332    38.2116    28.7505    13.3815    580.917 0.0000e+00
      8.219    163.479    13.6342   4.497427 -9.990e-29     0.5597  1.5898453  13.615933    13.6330    38.2114    28.7504 -9.990e-29 -9.990e-29 0.0000e+00
      8.885    164.479    13.6364   4.497809 -9.990e-29     0.5655  1.5899471  13.615933    13.6351    38.2125    28.7508 -9.990e-29 -9.990e-29 0.0000e+00
      9.428    165.146    13.6347   4.497603 -9.990e-29     0.5701  1.5903541  13.615249    13.6333    38.2120    28.7508 -9.990e-29 -9.990e-29 0.0000e+00
