Boussole/Data/SBEMOOSE/Work/cnv/bous233_01.cnv
* Sea-Bird SBE 9 Data File:
* FileName = C:\boussole\202108\bous233_01.hdr
* Software Version Seasave V 7.23.2
* Temperature SN = 1378
* Conductivity SN = 2929
* Number of Bytes Per Scan = 34
* Number of Voltage Words = 3
* Number of Scans Averaged by the Deck Unit = 1
* NMEA Latitude = 43 22.07 N
* NMEA Longitude = 007 53.85 E
* NMEA UTC (Time) = Aug 18 2021  06:29:59
* NMEA baud rate = 4800
** Campagne = BOUSSOLE 233
** Navire = Tethys II
** Station = BOUS233_01
** Date = 18/08/2021
** Heure debut [TU] = 06:30
** Heure fin [TU] = 07:59
** Heure locale / TU = +2
** Latitude = 43 22.082 N
** Longitude = 007 53.846 E
** Heure meteo [TU] = 06:18
** T air sec [deg C] = 24
** T mer [deg C] = 24.178
** Vent [noeuds, degres] = 3.5, 170
** Pression atm [hpa] = 1011.3
** Humidite [%] = 73
** Nebulosite [octas] = 0
** Etat de la mer [code S] = 3
# nquan = 14
# nvalues = 5376                        
# units = specified
# name 0 = prDM: Pressure, Digiquartz [db]
# name 1 = timeS: Time, Elapsed [seconds]
# name 2 = t090C: Temperature [ITS-90, deg C]
# name 3 = c0S/m: Conductivity [S/m]
# name 4 = sbeox0V: Oxygen raw, SBE 43 [V]
# name 5 = flC: Fluorescence, Chelsea Aqua 3 Chl Con [ug/l]
# name 6 = upoly0: Upoly 0, RINKOIII_DO
# name 7 = upoly1: Upoly 1, RINKOIII_Temp
# name 8 = potemp090C: Potential Temperature [ITS-90, deg C]
# name 9 = sal00: Salinity, Practical [PSU]
# name 10 = sigma-é00: Density [sigma-theta, kg/m^3]
# name 11 = sbeox0ML/L: Oxygen, SBE 43 [ml/l], WS = 2
# name 12 = sbox0Mm/Kg: Oxygen, SBE 43 [umol/kg], WS = 2
# name 13 = flag: flag
# span 0 =      0.107,    404.416       
# span 1 =      0.479,   5375.354       
# span 2 =    13.6152,    24.3118       
# span 3 =   0.279793,   5.688317       
# span 4 =     2.4226,     4.1156       
# span 5 =    -0.1967,     1.3590       
# span 6 =  1.2854090,  1.8055556       
# span 7 =  13.598836,  24.287426       
# span 8 =    13.6006,    24.3116       
# span 9 =     1.4780,    38.6641       
# span 10 =    -1.6052,    29.0855      
# span 11 =     3.6893,     6.5793      
# span 12 =    160.111,    285.729      
# span 13 = 0.0000e+00, 0.0000e+00      
# interval = seconds: 1                 
# start_time = Aug 18 2021 06:29:59 [NMEA time, header]
# bad_flag = -9.990e-29
*END*
[from data line 3510]
     29.832   3510.479    13.9697   4.557404     3.3703     0.9105  1.5138889  13.946710    13.9653    38.4354    28.8525     5.3951    234.189 0.0000e+00
     30.138   3511.479    13.9687   4.557354     3.3678     0.9000  1.5141941  13.943978    13.9643    38.4357    28.8530     5.3980    234.315 0.0000e+00
     30.513   3512.479    13.9664   4.557183     3.3701     0.8960  1.5134310  13.943978    13.9619    38.4362    28.8539     5.4061    234.665 0.0000e+00
     30.510   3513.479    13.9664   4.557170     3.3694     0.9049  1.5133293  13.944661    13.9619    38.4361    28.8538     5.4018    234.481 0.0000e+00
     30.065   3514.479    13.9693   4.557376     3.3702     0.9021  1.5130240  13.948759    13.9649    38.4353    28.8526     5.4055    234.641 0.0000e+00
     29.711   3515.479    13.9720   4.557555     3.3705     0.8859  1.5131257  13.952174    13.9676    38.4345    28.8513     5.3923    234.069 0.0000e+00
     29.766   3516.479    13.9704   4.557447     3.3639     0.9021  1.5133293  13.948759    13.9660    38.4351    28.8521     5.3780    233.446 0.0000e+00
     29.982   3517.479    13.9684   4.557322     3.3644     0.9052  1.5130240  13.946027    13.9640    38.4357    28.8531     5.3980    234.312 0.0000e+00
     30.131   3518.479    13.9679   4.557302     3.3664     0.9152  1.5126170  13.944661    13.9634    38.4360    28.8534     5.4018    234.479 0.0000e+00
     30.209   3519.479    13.9674   4.557257     3.3689     0.9021  1.5129731  13.945344    13.9629    38.4361    28.8536     5.4026    234.515 0.0000e+00
     30.311   3520.479    13.9674   4.557255     3.3672     0.8915  1.5129222  13.946027    13.9629    38.4360    28.8535     5.3907    233.998 0.0000e+00
     30.348   3521.479    13.9672   4.557238     3.3659     0.8808  1.5129731  13.943978    13.9627    38.4361    28.8536     5.3969    234.268 0.0000e+00
     30.192   3522.479    13.9676   4.557275     3.3678     0.8765  1.5133293  13.944661    13.9631    38.4360    28.8535     5.3981    234.319 0.0000e+00
     29.970   3523.479    13.9695   4.557393     3.3664     0.8641  1.5128714  13.947393    13.9651    38.4354    28.8526     5.3980    234.315 0.0000e+00
     29.903   3524.479    13.9699   4.557429     3.3695     0.8652  1.5131257  13.951491    13.9655    38.4353    28.8524     5.4069    234.701 0.0000e+00
     30.013   3525.479    13.9699   4.557428     3.3689     0.8722  1.5129222  13.950808    13.9655    38.4353    28.8524     5.3978    234.305 0.0000e+00
     30.046   3526.479    13.9695   4.557415     3.3696     0.8599  1.5128714  13.947393    13.9651    38.4355    28.8526     5.4082    234.756 0.0000e+00
     29.944   3527.479    13.9700   4.557451     3.3710     0.8441  1.5126170  13.945344    13.9656    38.4354    28.8525     5.3928    234.087 0.0000e+00
     29.899   3528.479    13.9700   4.557434     3.3635     0.8327  1.5129731  13.950808    13.9656    38.4353    28.8524     5.3746    233.297 0.0000e+00
     30.239   3529.479    13.9687   4.557354     3.3626     0.8423  1.5129222  13.947393    13.9642    38.4357    28.8530     5.3930    234.098 0.0000e+00
     30.780   3530.479    13.9674   4.557285     3.3659     0.8563  1.5129222  13.947393    13.9628    38.4361    28.8536     5.4049    234.613 0.0000e+00
     30.522   3531.479    13.9677   4.557286     3.3694     0.8466  1.5126170  13.951491    13.9632    38.4359    28.8533     5.4151    235.057 0.0000e+00
     29.647   3532.479    13.9806   4.558266     3.3729     0.8445  1.5120574  13.957638    13.9762    38.4327    28.8481     5.4056    234.646 0.0000e+00
     29.385   3533.479    13.9878   4.558856     3.3697     0.8357  1.5119048  13.963102    13.9835    38.4311    28.8452     5.3971    234.275 0.0000e+00
     29.899   3534.479    13.9694   4.557424     3.3719     0.8335  1.5116504  13.954906    13.9650    38.4358    28.8529     5.4142    235.017 0.0000e+00
     30.224   3535.479    13.9686   4.557349     3.3737     0.8464  1.5121591  13.950125    13.9641    38.4358    28.8531     5.4085    234.768 0.0000e+00
     30.180   3536.479    13.9687   4.557336     3.3712     0.8533  1.5122609  13.952857    13.9642    38.4355    28.8528     5.3996    234.384 0.0000e+00
     30.196   3537.479    13.9687   4.557344     3.3710     0.8448  1.5122100  13.952174    13.9642    38.4356    28.8529     5.4049    234.612 0.0000e+00
     30.376   3538.479    13.9683   4.557333     3.3717     0.8265  1.5122609  13.953540    13.9638    38.4358    28.8531     5.4115    234.900 0.0000e+00
     30.352   3539.479    13.9674   4.557266     3.3736     0.8440  1.5122609  13.954906    13.9629    38.4361    28.8536     5.4106    234.861 0.0000e+00
     29.949   3540.479    13.9693   4.557384     3.3723     0.8426  1.5121082  13.950125    13.9649    38.4355    28.8527     5.4067    234.693 0.0000e+00
     29.673   3541.479    13.9721   4.557568     3.3739     0.8430  1.5121591  13.958321    13.9676    38.4346    28.8514     5.4063    234.676 0.0000e+00
     29.921   3542.479    13.9690   4.557370     3.3688     0.8266  1.5125661  13.954906    13.9646    38.4357    28.8529     5.3766    233.385 0.0000e+00
     30.337   3543.479    13.9673   4.557266     3.3614     0.8326  1.5119048  13.951491    13.9628    38.4362    28.8537     5.3768    233.392 0.0000e+00
     30.283   3544.479    13.9682   4.557313     3.3633     0.8357  1.5124644  13.952174    13.9637    38.4358    28.8532     5.4017    234.473 0.0000e+00
     29.935   3545.479    13.9696   4.557394     3.3677     0.8246  1.5122609  13.958321    13.9651    38.4353    28.8525     5.4052    234.625 0.0000e+00
     29.854   3546.479    13.9700   4.557446     3.3682     0.8165  1.5121083  13.956955    13.9656    38.4354    28.8524     5.4008    234.438 0.0000e+00
     30.155   3547.479    13.9685   4.557346     3.3691     0.8234  1.5124135  13.954906    13.9640    38.4359    28.8532     5.4032    234.539 0.0000e+00
     30.423   3548.479    13.9674   4.557275     3.3702     0.8309  1.5125152  13.954906    13.9629    38.4361    28.8536     5.4051    234.622 0.0000e+00
     30.261   3549.479    13.9682   4.557317     3.3694     0.8277  1.5122609  13.954906    13.9637    38.4358    28.8532     5.3990    234.356 0.0000e+00
     29.898   3550.479    13.9703   4.557466     3.3697     0.8165  1.5117521  13.959004    13.9659    38.4353    28.8523     5.4057    234.650 0.0000e+00
     29.789   3551.479    13.9712   4.557527     3.3717     0.8202  1.5121082  13.956955    13.9668    38.4350    28.8519     5.4108    234.872 0.0000e+00
     30.017   3552.479    13.9691   4.557393     3.3726     0.8351  1.5123117  13.952857    13.9646    38.4358    28.8529     5.4037    234.561 0.0000e+00
     30.289   3553.479    13.9678   4.557310     3.3694     0.8325  1.5123626  13.954223    13.9633    38.4361    28.8535     5.3933    234.111 0.0000e+00
     30.247   3554.479    13.9682   4.557321     3.3685     0.8478  1.5123626  13.954223    13.9637    38.4359    28.8533     5.4043    234.586 0.0000e+00
     30.090   3555.479    13.9691   4.557406     3.3718     0.8329  1.5121591  13.956955    13.9646    38.4358    28.8530     5.4148    235.044 0.0000e+00
     30.101   3556.479    13.9684   4.557343     3.3731     0.8302  1.5125152  13.956955    13.9639    38.4360    28.8533     5.4053    234.630 0.0000e+00
     30.134   3557.479    13.9684   4.557340     3.3701     0.8371  1.5120065  13.956272    13.9639    38.4359    28.8532     5.3930    234.097 0.0000e+00
     30.044   3558.479    13.9688   4.557367     3.3675     0.8342  1.5121591  13.956955    13.9644    38.4358    28.8530     5.3938    234.130 0.0000e+00
     29.869   3559.479    13.9703   4.557451     3.3677     0.8294  1.5120065  13.956955    13.9659    38.4352    28.8522     5.4060    234.660 0.0000e+00
     29.897   3560.479    13.9703   4.557465     3.3729     0.8257  1.5124135  13.954223    13.9659    38.4352    28.8523     5.4195    235.249 0.0000e+00
     30.282   3561.479    13.9680   4.557323     3.3734     0.8412  1.5123626  13.949442    13.9635    38.4361    28.8534     5.4075    234.727 0.0000e+00
     30.562   3562.479    13.9669   4.557249     3.3736     0.8447  1.5123118  13.954223    13.9624    38.4363    28.8539     5.4146    235.033 0.0000e+00
     30.264   3563.479    13.9683   4.557329     3.3745     0.8363  1.5123118  13.954906    13.9638    38.4359    28.8532     5.4012    234.453 0.0000e+00
     29.764   3564.479    13.9726   4.557639     3.3677     0.8273  1.5124135  13.959004    13.9682    38.4347    28.8514     5.3803    233.546 0.0000e+00
     29.774   3565.479    13.9707   4.557496     3.3653     0.8130  1.5124135  13.956955    13.9663    38.4352    28.8521     5.3930    234.098 0.0000e+00
     30.120   3566.479    13.9687   4.557362     3.3665     0.8237  1.5122609  13.953540    13.9642    38.4359    28.8531     5.3973    234.283 0.0000e+00
     30.210   3567.479    13.9686   4.557360     3.3669     0.8180  1.5125661  13.956272    13.9641    38.4359    28.8531     5.4008    234.436 0.0000e+00
     30.156   3568.479    13.9684   4.557356     3.3691     0.8119  1.5122100  13.953540    13.9639    38.4361    28.8533     5.4103    234.847 0.0000e+00
     30.122   3569.479    13.9685   4.557355     3.3728     0.8225  1.5121591  13.956272    13.9640    38.4360    28.8532     5.4164    235.114 0.0000e+00
     30.078   3570.479    13.9687   4.557361     3.3738     0.8343  1.5123117  13.958321    13.9643    38.4358    28.8531     5.4108    234.870 0.0000e+00
     30.127   3571.479    13.9681   4.557329     3.3738     0.8217  1.5124135  13.954906    13.9636    38.4361    28.8534     5.4088    234.784 0.0000e+00
     30.207   3572.479    13.9680   4.557325     3.3726     0.8123  1.5123117  13.957638    13.9635    38.4362    28.8535     5.4049    234.612 0.0000e+00
     30.082   3573.479    13.9687   4.557354     3.3725     0.8178  1.5123118  13.954906    13.9643    38.4357    28.8530     5.4055    234.641 0.0000e+00
     29.902   3574.479    13.9704   4.557481     3.3709     0.8139  1.5123626  13.955589    13.9660    38.4354    28.8523     5.3958    234.218 0.0000e+00
     30.008   3575.479    13.9690   4.557382     3.3681     0.8084  1.5123117  13.954223    13.9646    38.4358    28.8530     5.3967    234.256 0.0000e+00
     30.302   3576.479    13.9677   4.557303     3.3698     0.8210  1.5123118  13.954906    13.9632    38.4362    28.8536     5.4108    234.870 0.0000e+00
     30.311   3577.479    13.9679   4.557310     3.3727     0.8231  1.5123626  13.950125    13.9634    38.4360    28.8534     5.4114    234.894 0.0000e+00
     30.099   3578.479    13.9688   4.557366     3.3721     0.8084  1.5123118  13.954906    13.9643    38.4357    28.8530     5.4070    234.704 0.0000e+00
     29.979   3579.479    13.9695   4.557420     3.3728     0.7873  1.5123118  13.956955    13.9651    38.4356    28.8527     5.4045    234.597 0.0000e+00
     29.939   3580.479    13.9695   4.557420     3.3699     0.8024  1.5121591  13.957638    13.9651    38.4356    28.8527     5.3941    234.146 0.0000e+00
     29.960   3581.479    13.9695   4.557424     3.3693     0.8038  1.5121591  13.958321    13.9651    38.4357    28.8528     5.4040    234.573 0.0000e+00
     30.001   3582.479    13.9694   4.557421     3.3690     0.7993  1.5123626  13.957638    13.9650    38.4357    28.8528     5.3859    233.789 0.0000e+00
     30.149   3583.479    13.9681   4.557327     3.3624     0.8168  1.5124135  13.956955    13.9637    38.4360    28.8533     5.3772    233.411 0.0000e+00
     30.452   3584.479    13.9665   4.557222     3.3625     0.8201  1.5124644  13.954906    13.9620    38.4365    28.8541     5.3845    233.727 0.0000e+00
     30.482   3585.479    13.9666   4.557222     3.3590     0.8274  1.5122609  13.953540    13.9621    38.4365    28.8540     5.3726    233.210 0.0000e+00
     30.277   3586.479    13.9671   4.557250     3.3593     0.8191  1.5124135  13.950808    13.9626    38.4363    28.8538     5.3937    234.126 0.0000e+00
     29.976   3587.479    13.9685   4.557329     3.3647     0.8156  1.5122609  13.953540    13.9641    38.4358    28.8531     5.4012    234.453 0.0000e+00
     29.570   3588.479    13.9728   4.557592     3.3653     0.8042  1.5121591  13.956272    13.9684    38.4341    28.8508     5.3967    234.260 0.0000e+00
     29.452   3589.479    13.9743   4.557690     3.3679     0.7801  1.5121591  13.961053    13.9699    38.4336    28.8501     5.4067    234.692 0.0000e+00
     29.914   3590.479    13.9690   4.557383     3.3704     0.7863  1.5122100  13.958321    13.9646    38.4358    28.8530     5.4061    234.665 0.0000e+00
     30.571   3591.479    13.9667   4.557242     3.3703     0.7906  1.5124135  13.955589    13.9623    38.4364    28.8540     5.4073    234.717 0.0000e+00
     30.717   3592.479    13.9676   4.557307     3.3722     0.7994  1.5125153  13.953540    13.9631    38.4361    28.8535     5.4108    234.870 0.0000e+00
     30.433   3593.479    13.9687   4.557369     3.3730     0.7936  1.5121082  13.959687    13.9642    38.4357    28.8530     5.4122    234.931 0.0000e+00
     30.071   3594.479    13.9678   4.557290     3.3738     0.7867  1.5117013  13.959004    13.9633    38.4361    28.8535     5.4111    234.881 0.0000e+00
     29.727   3595.479    13.9739   4.557729     3.3738     0.7805  1.5118030  13.959687    13.9695    38.4342    28.8507     5.4086    234.776 0.0000e+00
     29.635   3596.479    13.9780   4.558090     3.3733     0.7760  1.5116504  13.969931    13.9736    38.4336    28.8493     5.4004    234.419 0.0000e+00
     29.895   3597.479    13.9688   4.557373     3.3693     0.7902  1.5109381  13.959687    13.9644    38.4359    28.8532     5.3925    234.073 0.0000e+00
     30.232   3598.479    13.9673   4.557267     3.3686     0.7930  1.5113451  13.958321    13.9628    38.4363    28.8537     5.3953    234.198 0.0000e+00
     30.446   3599.479    13.9670   4.557241     3.3661     0.7952  1.5112434  13.960370    13.9625    38.4362    28.8537     5.3933    234.108 0.0000e+00
     30.360   3600.479    13.9669   4.557248     3.3676     0.7878  1.5114469  13.958321    13.9624    38.4364    28.8539     5.3995    234.376 0.0000e+00
     30.085   3601.479    13.9679   4.557305     3.3653     0.7796  1.5112942  13.959687    13.9635    38.4361    28.8534     5.3811    233.581 0.0000e+00
     29.920   3602.479    13.9684   4.557333     3.3625     0.7946  1.5109890  13.963102    13.9640    38.4359    28.8532     5.3856    233.776 0.0000e+00
     29.981   3603.479    13.9677   4.557279     3.3639     0.8019  1.5106838  13.959687    13.9633    38.4361    28.8535     5.4020    234.487 0.0000e+00
     30.154   3604.479    13.9675   4.557284     3.3686     0.7968  1.5112434  13.959687    13.9630    38.4362    28.8537     5.4102    234.844 0.0000e+00
     30.145   3605.479    13.9673   4.557282     3.3701     0.7971  1.5110907  13.959004    13.9628    38.4365    28.8539     5.4046    234.600 0.0000e+00
     29.958   3606.479    13.9678   4.557293     3.3702     0.7983  1.5118030  13.958321    13.9634    38.4361    28.8535     5.4068    234.698 0.0000e+00
     30.000   3607.479    13.9676   4.557278     3.3725     0.8050  1.5117012  13.956955    13.9632    38.4361    28.8536     5.4092    234.801 0.0000e+00
     30.281   3608.479    13.9669   4.557246     3.3712     0.7989  1.5118539  13.957638    13.9624    38.4365    28.8540     5.4012    234.454 0.0000e+00
     30.288   3609.479    13.9672   4.557270     3.3701     0.8128  1.5120065  13.956955    13.9627    38.4363    28.8538     5.4001    234.406 0.0000e+00
     30.025   3610.479    13.9675   4.557264     3.3700     0.8149  1.5119048  13.954906    13.9631    38.4361    28.8536     5.4064    234.680 0.0000e+00
     29.934   3611.479    13.9675   4.557259     3.3720     0.8233  1.5117521  13.957638    13.9631    38.4361    28.8536     5.4122    234.928 0.0000e+00
