Boussole/Data/SBEMOOSE/Work/cnv/bous228_04.cnv
* Sea-Bird SBE 9 Data File:
* FileName = C:\boussole\202103\bous228_04.hdr
* Software Version Seasave V 7.23.2
* Temperature SN = 2473
* Conductivity SN = 2929
* Number of Bytes Per Scan = 37
* Number of Voltage Words = 4
* Number of Scans Averaged by the Deck Unit = 1
* NMEA Latitude = 43 22.23 N
* NMEA Longitude = 007 53.93 E
* NMEA UTC (Time) = Mar 03 2021  14:43:44
* NMEA baud rate = 4800
** Navire
** Station:
** Date
** Heure debut [TU]
** Heure fin [TU]
** Heure locale / TU = +0
** Latitude
** Longitude
** Heure meteo [TU]
** T air sec [deg C]
** T mer [deg C]
** Vent [noeuds, degres]
# nquan = 14
# nvalues = 5592                        
# units = specified
# name 0 = prDM: Pressure, Digiquartz [db]
# name 1 = timeS: Time, Elapsed [seconds]
# name 2 = t090C: Temperature [ITS-90, deg C]
# name 3 = c0S/m: Conductivity [S/m]
# name 4 = sbeox0V: Oxygen raw, SBE 43 [V]
# name 5 = flC: Fluorescence, Chelsea Aqua 3 Chl Con [ug/l]
# name 6 = upoly0: Upoly 0, RINKOIII_DO
# name 7 = upoly1: Upoly 1, RINKOIII_Temp
# name 8 = potemp090C: Potential Temperature [ITS-90, deg C]
# name 9 = sal00: Salinity, Practical [PSU]
# name 10 = sigma-é00: Density [sigma-theta, kg/m^3]
# name 11 = sbeox0ML/L: Oxygen, SBE 43 [ml/l], WS = 2
# name 12 = sbox0Mm/Kg: Oxygen, SBE 43 [umol/kg], WS = 2
# name 13 = flag: flag
# span 0 =      0.289,    405.423       
# span 1 =      0.479,   5591.021       
# span 2 =    13.4007,    13.7996       
# span 3 =   4.490045,   4.574348       
# span 4 =     2.1591,     3.0504       
# span 5 =     0.1584,     3.5456       
# span 6 =  1.5142450,  1.8399979       
# span 7 =  13.383985,  13.779326       
# span 8 =    13.3957,    13.7640       
# span 9 =    38.3051,    38.6571       
# span 10 =    28.7950,    29.0867      
# span 11 =     3.1793,     4.8783      
# span 12 =    137.973,    211.743      
# span 13 = 0.0000e+00, 0.0000e+00      
# interval = seconds: 1                 
# start_time = Mar 03 2021 14:43:44 [NMEA time, header]
# bad_flag = -9.990e-29
*END*
[from data line 2788]
     50.135   2788.479    13.4152   4.496232     2.9469     1.3237  1.5449226  13.401783    13.4080    38.4012    28.9453     4.6993    203.968 0.0000e+00
     49.933   2789.479    13.4153   4.496233     2.9493     1.3138  1.5448717  13.401783    13.4081    38.4012    28.9453     4.7037    204.159 0.0000e+00
     50.124   2790.479    13.4152   4.496236     2.9499     1.2718  1.5449226  13.401098    13.4080    38.4012    28.9453     4.6964    203.839 0.0000e+00
     50.449   2791.479    13.4153   4.496268     2.9474     1.2455  1.5451261  13.401098    13.4080    38.4013    28.9454     4.6915    203.627 0.0000e+00
     50.154   2792.479    13.4154   4.496257     2.9475     1.3369  1.5453296  13.399045    13.4082    38.4012    28.9453     4.6930    203.692 0.0000e+00
     49.775   2793.479    13.4153   4.496204     2.9461     1.3612  1.5452787  13.398360    13.4081    38.4010    28.9451     4.6900    203.562 0.0000e+00
     50.037   2794.479    13.4154   4.496250     2.9464     1.3265  1.5451770  13.396991    13.4082    38.4012    28.9453     4.6936    203.718 0.0000e+00
     50.353   2795.479    13.4154   4.496276     2.9459     1.3158  1.5453296  13.399729    13.4081    38.4014    28.9454     4.6855    203.369 0.0000e+00
     50.203   2796.479    13.4154   4.496256     2.9431     1.3258  1.5451770  13.397676    13.4081    38.4012    28.9453     4.6801    203.133 0.0000e+00
     50.110   2797.479    13.4152   4.496238     2.9418     1.3773  1.5453296  13.401783    13.4080    38.4013    28.9454     4.6810    203.172 0.0000e+00
     50.207   2798.479    13.4152   4.496249     2.9418     1.3267  1.5452787  13.401098    13.4080    38.4014    28.9454     4.6841    203.307 0.0000e+00
     50.033   2799.479    13.4154   4.496244     2.9422     1.3284  1.5451261  13.399045    13.4082    38.4012    28.9452     4.6867    203.422 0.0000e+00
     49.831   2800.479    13.4153   4.496223     2.9434     1.3217  1.5450752  13.400414    13.4081    38.4012    28.9452     4.6876    203.457 0.0000e+00
     50.114   2801.479    13.4154   4.496259     2.9432     1.2918  1.5449735  13.396991    13.4081    38.4013    28.9453     4.6890    203.520 0.0000e+00
     50.499   2802.479    13.4153   4.496283     2.9448     1.2930  1.5451770  13.398360    13.4080    38.4014    28.9454     4.6940    203.736 0.0000e+00
     50.318   2803.479    13.4156   4.496253     2.9459     1.3137  1.5538767  13.400414    13.4083    38.4010    28.9450     4.6945    203.758 0.0000e+00
     49.952   2804.479    13.4154   4.496239     2.9465     1.3117  1.5455840  13.399045    13.4082    38.4012    28.9453     4.6933    203.708 0.0000e+00
     49.984   2805.479    13.4153   4.496249     2.9462     1.2614  1.5450752  13.399729    13.4081    38.4013    28.9453     4.6921    203.653 0.0000e+00
     50.101   2806.479    13.4152   4.496253     2.9469     1.3666  1.5521978  13.401783    13.4080    38.4014    28.9454     4.6975    203.889 0.0000e+00
     50.032   2807.479    13.4152   4.496248     2.9476     1.3584  1.5478225  13.399729    13.4080    38.4014    28.9454     4.6936    203.720 0.0000e+00
     50.148   2808.479    13.4153   4.496270     2.9465     1.3134  1.5452787  13.398360    13.4081    38.4015    28.9455     4.6932    203.702 0.0000e+00
     50.374   2809.479    13.4154   4.496283     2.9475     1.4632  1.5453296  13.401098    13.4081    38.4014    28.9454     4.6972    203.877 0.0000e+00
     50.358   2810.479    13.4154   4.496283     2.9472     1.7089  1.5451770  13.399045    13.4081    38.4014    28.9454     4.6910    203.605 0.0000e+00
     50.147   2811.479    13.4157   4.496275     2.9459     1.4843  1.5451261  13.399729    13.4085    38.4011    28.9452     4.6903    203.578 0.0000e+00
     49.821   2812.479    13.4155   4.496246     2.9464     1.3984  1.5451261  13.401783    13.4083    38.4012    28.9452     4.6964    203.843 0.0000e+00
     49.732   2813.479    13.4156   4.496243     2.9478     1.4368  1.5451261  13.398360    13.4084    38.4011    28.9451     4.6983    203.924 0.0000e+00
     50.168   2814.479    13.4156   4.496273     2.9483     1.4644  1.5453296  13.398360    13.4084    38.4012    28.9452     4.6978    203.902 0.0000e+00
     50.542   2815.479    13.4159   4.496324     2.9485     1.4223  1.5449735  13.398360    13.4086    38.4012    28.9451     4.6973    203.880 0.0000e+00
     50.282   2816.479    13.4159   4.496282     2.9484     1.3557  1.5453805  13.399045    13.4086    38.4009    28.9449     4.6982    203.918 0.0000e+00
     50.086   2817.479    13.4158   4.496302     2.9492     1.3160  1.5455331  13.399045    13.4086    38.4013    28.9452     4.6999    203.995 0.0000e+00
     50.141   2818.479    13.4159   4.496307     2.9491     1.3600  1.5451261  13.398360    13.4087    38.4012    28.9452     4.6982    203.918 0.0000e+00
     49.903   2819.479    13.4157   4.496214     2.9491     1.3691  1.5538258  13.401783    13.4085    38.4007    28.9448     4.6949    203.778 0.0000e+00
     49.813   2820.479    13.4156   4.496203     2.9469     1.4040  1.5451261  13.399729    13.4084    38.4007    28.9448     4.6873    203.446 0.0000e+00
     50.307   2821.479    13.4159   4.496264     2.9461     1.3745  1.5452279  13.397676    13.4086    38.4008    28.9448     4.6970    203.868 0.0000e+00
     50.556   2822.479    13.4160   4.496319     2.9493     1.3584  1.5453296  13.399729    13.4087    38.4011    28.9450     4.7061    204.264 0.0000e+00
     50.041   2823.479    13.4159   4.496248     2.9502     1.3460  1.5446174  13.397676    13.4087    38.4007    28.9447     4.7003    204.012 0.0000e+00
     49.706   2824.479    13.4157   4.496235     2.9491     1.3540  1.5452279  13.399045    13.4085    38.4009    28.9449     4.6965    203.845 0.0000e+00
     50.128   2825.479    13.4160   4.496285     2.9500     1.2953  1.5450244  13.398360    13.4087    38.4009    28.9449     4.7049    204.210 0.0000e+00
     50.460   2826.479    13.4159   4.496323     2.9514     1.3172  1.5446174  13.399045    13.4086    38.4012    28.9452     4.7070    204.299 0.0000e+00
     50.209   2827.479    13.4160   4.496294     2.9522     1.3412  1.5448717  13.400414    13.4087    38.4010    28.9450     4.7062    204.268 0.0000e+00
     49.896   2828.479    13.4157   4.496248     2.9524     1.4016  1.5448209  13.400414    13.4085    38.4010    28.9450     4.7049    204.208 0.0000e+00
     49.893   2829.479    13.4157   4.496256     2.9520     1.3891  1.5448209  13.397676    13.4085    38.4010    28.9450     4.7044    204.190 0.0000e+00
     50.162   2830.479    13.4158   4.496282     2.9527     1.3541  1.5450244  13.400414    13.4085    38.4011    28.9451     4.7059    204.252 0.0000e+00
     50.356   2831.479    13.4156   4.496310     2.9514     1.3315  1.5450244  13.397676    13.4083    38.4015    28.9454     4.6972    203.877 0.0000e+00
     50.349   2832.479    13.4156   4.496309     2.9498     1.2932  1.5447700  13.397676    13.4083    38.4015    28.9454     4.7012    204.050 0.0000e+00
     50.145   2833.479    13.4157   4.496300     2.9517     1.2911  1.5446682  13.401098    13.4085    38.4014    28.9453     4.7059    204.255 0.0000e+00
     49.875   2834.479    13.4157   4.496280     2.9510     1.3233  1.5449735  13.401098    13.4085    38.4013    28.9453     4.6989    203.950 0.0000e+00
     49.908   2835.479    13.4156   4.496288     2.9501     1.3531  1.5445665  13.397676    13.4084    38.4014    28.9454     4.6976    203.891 0.0000e+00
     50.193   2836.479    13.4155   4.496288     2.9492     1.3307  1.5447700  13.401098    13.4083    38.4014    28.9454     4.6978    203.902 0.0000e+00
     50.318   2837.479    13.4155   4.496285     2.9499     1.3632  1.5447191  13.399045    13.4082    38.4014    28.9454     4.7045    204.191 0.0000e+00
     50.238   2838.479    13.4156   4.496280     2.9514     1.3427  1.5448209  13.401783    13.4084    38.4012    28.9452     4.7055    204.235 0.0000e+00
     50.139   2839.479    13.4156   4.496292     2.9515     1.3876  1.5444139  13.400414    13.4084    38.4014    28.9454     4.7031    204.131 0.0000e+00
     50.073   2840.479    13.4156   4.496281     2.9515     1.3882  1.5445156  13.399729    13.4084    38.4013    28.9453     4.7035    204.150 0.0000e+00
     50.040   2841.479    13.4157   4.496293     2.9512     1.3538  1.5448209  13.399729    13.4085    38.4014    28.9453     4.7000    203.999 0.0000e+00
     50.076   2842.479    13.4157   4.496294     2.9501     1.3510  1.5445665  13.400414    13.4085    38.4014    28.9453     4.6967    203.852 0.0000e+00
     50.182   2843.479    13.4157   4.496316     2.9488     1.2975  1.5447191  13.400414    13.4085    38.4015    28.9454     4.6919    203.647 0.0000e+00
     50.201   2844.479    13.4157   4.496317     2.9465     1.2881  1.5444139  13.401783    13.4085    38.4015    28.9454     4.6897    203.548 0.0000e+00
     50.171   2845.479    13.4157   4.496321     2.9473     1.3373  1.5447700  13.402467    13.4085    38.4015    28.9454     4.7009    204.037 0.0000e+00
     50.173   2846.479    13.4158   4.496318     2.9493     1.3956  1.5447700  13.401098    13.4086    38.4014    28.9453     4.6992    203.962 0.0000e+00
     50.133   2847.479    13.4158   4.496306     2.9473     1.3988  1.5442104  13.401783    13.4086    38.4014    28.9453     4.6851    203.351 0.0000e+00
     50.056   2848.479    13.4158   4.496297     2.9444     1.4353  1.5445156  13.401783    13.4086    38.4013    28.9452     4.6871    203.438 0.0000e+00
     50.039   2849.479    13.4157   4.496301     2.9459     1.4272  1.5444139  13.400414    13.4085    38.4014    28.9454     4.6972    203.876 0.0000e+00
     50.196   2850.479    13.4158   4.496319     2.9477     1.4083  1.5443630  13.401098    13.4086    38.4014    28.9453     4.7005    204.017 0.0000e+00
     50.285   2851.479    13.4159   4.496321     2.9489     1.3645  1.5445665  13.401783    13.4086    38.4013    28.9453     4.7032    204.135 0.0000e+00
     50.112   2852.479    13.4159   4.496310     2.9513     1.3713  1.5446174  13.399729    13.4087    38.4013    28.9452     4.7078    204.334 0.0000e+00
     50.040   2853.479    13.4159   4.496321     2.9513     1.4096  1.5445665  13.401783    13.4087    38.4014    28.9453     4.6990    203.954 0.0000e+00
     50.122   2854.479    13.4159   4.496313     2.9495     1.3934  1.5446682  13.401783    13.4087    38.4013    28.9452     4.6984    203.927 0.0000e+00
     50.147   2855.479    13.4158   4.496321     2.9507     1.4239  1.5447191  13.398360    13.4086    38.4014    28.9453     4.7020    204.086 0.0000e+00
     50.152   2856.479    13.4158   4.496312     2.9496     1.3726  1.5443630  13.401783    13.4086    38.4014    28.9453     4.6974    203.884 0.0000e+00
     50.221   2857.479    13.4159   4.496317     2.9499     1.3419  1.5443121  13.401783    13.4087    38.4013    28.9452     4.7007    204.027 0.0000e+00
     50.263   2858.479    13.4159   4.496312     2.9495     1.3346  1.5444648  13.402467    13.4086    38.4012    28.9452     4.6940    203.735 0.0000e+00
     50.091   2859.479    13.4160   4.496345     2.9468     1.3599  1.5441595  13.401098    13.4088    38.4015    28.9453     4.6881    203.482 0.0000e+00
     49.905   2860.479    13.4159   4.496338     2.9466     1.3430  1.5442613  13.400414    13.4087    38.4016    28.9454     4.6975    203.888 0.0000e+00
     50.031   2861.479    13.4160   4.496320     2.9490     1.3691  1.5445665  13.401098    13.4088    38.4013    28.9452     4.7048    204.204 0.0000e+00
     50.279   2862.479    13.4160   4.496353     2.9509     1.3909  1.5441086  13.398360    13.4087    38.4015    28.9454     4.7057    204.246 0.0000e+00
     50.362   2863.479    13.4157   4.496341     2.9515     1.5491  1.5442613  13.399045    13.4084    38.4016    28.9455     4.7052    204.224 0.0000e+00
     50.153   2864.479    13.4160   4.496340     2.9518     1.5263  1.5444139  13.397676    13.4087    38.4015    28.9453     4.7059    204.252 0.0000e+00
     49.905   2865.479    13.4157   4.496300     2.9527     1.4289  1.5441086  13.401098    13.4085    38.4015    28.9454     4.7084    204.360 0.0000e+00
     50.016   2866.479    13.4157   4.496321     2.9533     1.3594  1.5441086  13.401098    13.4085    38.4016    28.9455     4.7045    204.194 0.0000e+00
     50.254   2867.479    13.4158   4.496330     2.9513     1.3311  1.5441595  13.401098    13.4085    38.4015    28.9454     4.6972    203.876 0.0000e+00
     50.233   2868.479    13.4156   4.496322     2.9498     1.3254  1.5441086  13.399729    13.4084    38.4016    28.9455     4.6949    203.778 0.0000e+00
     50.125   2869.479    13.4155   4.496312     2.9483     1.3284  1.5442104  13.401098    13.4083    38.4016    28.9456     4.6925    203.672 0.0000e+00
     50.127   2870.479    13.4155   4.496275     2.9468     1.3931  1.5442612  13.400414    13.4083    38.4014    28.9453     4.6874    203.451 0.0000e+00
     50.155   2871.479    13.4156   4.496316     2.9446     1.4197  1.5442104  13.401783    13.4084    38.4017    28.9456     4.6846    203.331 0.0000e+00
     50.163   2872.479    13.4156   4.496343     2.9446     1.4402  1.5442613  13.401098    13.4084    38.4018    28.9457     4.6945    203.758 0.0000e+00
     50.061   2873.479    13.4158   4.496353     2.9471     1.5711  1.5446174  13.401098    13.4086    38.4018    28.9457     4.6990    203.951 0.0000e+00
     50.021   2874.479    13.4156   4.496322     2.9476     1.4473  1.5440578  13.399729    13.4084    38.4017    28.9456     4.6952    203.791 0.0000e+00
     50.197   2875.479    13.4157   4.496349     2.9476     1.3956  1.5441595  13.401098    13.4085    38.4018    28.9456     4.6998    203.989 0.0000e+00
     50.299   2876.479    13.4156   4.496352     2.9502     1.3543  1.5442612  13.401098    13.4083    38.4019    28.9458     4.7060    204.257 0.0000e+00
     50.193   2877.479    13.4157   4.496350     2.9505     1.5462  1.5443630  13.400414    13.4085    38.4018    28.9457     4.6994    203.971 0.0000e+00
     50.008   2878.479    13.4156   4.496346     2.9498     1.5053  1.5449226  13.399729    13.4084    38.4020    28.9458     4.7003    204.009 0.0000e+00
     50.025   2879.479    13.4156   4.496332     2.9508     1.4199  1.5447191  13.400414    13.4084    38.4019    28.9457     4.7039    204.169 0.0000e+00
     50.164   2880.479    13.4156   4.496356     2.9505     1.3946  1.5445665  13.401098    13.4084    38.4020    28.9459     4.6982    203.921 0.0000e+00
     50.140   2881.479    13.4156   4.496319     2.9493     1.3519  1.5447191  13.399729    13.4084    38.4016    28.9456     4.6958    203.815 0.0000e+00
     50.107   2882.479    13.4154   4.496332     2.9485     1.3720  1.5446682  13.400414    13.4082    38.4019    28.9458     4.6974    203.885 0.0000e+00
     50.253   2883.479    13.4155   4.496337     2.9499     1.3797  1.5447700  13.402467    13.4083    38.4018    28.9457     4.7072    204.309 0.0000e+00
     50.278   2884.479    13.4156   4.496329     2.9522     1.4696  1.5448209  13.401098    13.4083    38.4017    28.9456     4.7067    204.289 0.0000e+00
     50.115   2885.479    13.4156   4.496313     2.9511     1.4227  1.5448209  13.401098    13.4084    38.4016    28.9455     4.6963    203.836 0.0000e+00
     50.000   2886.479    13.4155   4.496320     2.9488     1.3965  1.5446682  13.401783    13.4083    38.4018    28.9457     4.6943    203.751 0.0000e+00
     50.000   2887.479    13.4155   4.496320     2.9490     1.5105  1.5447700  13.401783    13.4083    38.4018    28.9457     4.6967    203.853 0.0000e+00
     50.111   2888.479    13.4155   4.496324     2.9476     1.4674  1.5449735  13.400414    13.4083    38.4019    28.9457     4.6910    203.606 0.0000e+00
     50.200   2889.479    13.4155   4.496326     2.9467     1.5884  1.5448717  13.400414    13.4083    38.4018    28.9457     4.6919    203.644 0.0000e+00
