Boussole/Data/SBEMOOSE/Work/cnv/bous227_01.cnv
* Sea-Bird SBE 9 Data File:
* FileName = C:\boussole\202102\bous227_01.hdr
* Software Version Seasave V 7.23.2
* Temperature SN = 2473
* Conductivity SN = 2929
* Number of Bytes Per Scan = 37
* Number of Voltage Words = 4
* Number of Scans Averaged by the Deck Unit = 1
* NMEA Latitude = 43 22.03 N
* NMEA Longitude = 007 53.87 E
* NMEA UTC (Time) = Feb 15 2021  09:50:37
* NMEA baud rate = 4800
** Campagne = BOUSSOLE 227
** Navire = Tethys II
** Station = BOUS227_01
** Date = 15/02/2021
** Heure debut [TU] = 09:50
** Heure fin [TU] = 12:14
** Heure locale / TU = +0
** Latitude = 43 22.052 N
** Longitude = 007 54.578 E
** Heure meteo [TU] = 11:40
** T air sec [deg C] = 12
** T mer [deg C] = 15.032
** Vent [noeuds, degres] = 9, 281
** Pression atm [hpa] = 1000.4
** Humidite [%] = 70
** Nebulosite [octas] = 7
** Etat de la mer [code S] = 3
# nquan = 14
# nvalues = 2364                        
# units = specified
# name 0 = prDM: Pressure, Digiquartz [db]
# name 1 = timeS: Time, Elapsed [seconds]
# name 2 = t090C: Temperature [ITS-90, deg C]
# name 3 = c0S/m: Conductivity [S/m]
# name 4 = sbeox0V: Oxygen raw, SBE 43 [V]
# name 5 = flC: Fluorescence, Chelsea Aqua 3 Chl Con [ug/l]
# name 6 = upoly0: Upoly 0, RINKOIII_DO
# name 7 = upoly1: Upoly 1, RINKOIII_Temp
# name 8 = potemp090C: Potential Temperature [ITS-90, deg C]
# name 9 = sal00: Salinity, Practical [PSU]
# name 10 = sigma-é00: Density [sigma-theta, kg/m^3]
# name 11 = sbeox0ML/L: Oxygen, SBE 43 [ml/l], WS = 2
# name 12 = sbox0Mm/Kg: Oxygen, SBE 43 [umol/kg], WS = 2
# name 13 = flag: flag
# span 0 =      0.344,    402.253       
# span 1 =      0.479,   2363.458       
# span 2 =    12.8924,    13.8210       
# span 3 =   0.672365,   4.571888       
# span 4 =     2.2551,     2.8115       
# span 5 =    -0.2893,     2.7235       
# span 6 =  1.5519456,  1.8405575       
# span 7 =  12.287805,  13.799827       
# span 8 =    12.8924,    13.7861       
# span 9 =     4.8929,    38.6486       
# span 10 =     3.1624,    29.0835      
# span 11 =     3.3735,     4.9922      
# span 12 =    146.406,    221.936      
# span 13 = 0.0000e+00, 0.0000e+00      
# interval = seconds: 1                 
# start_time = Feb 15 2021 09:50:37 [NMEA time, header]
# bad_flag = -9.990e-29
*END*
[from data line 930]
    347.169    930.479    13.6962   4.564464     2.2631     0.1526  1.8399979  13.680893    13.6448    38.6346    29.0759     3.3803    146.701 0.0000e+00
    346.604    931.479    13.6971   4.564573     2.2631     0.1508  1.8399470  13.681577    13.6458    38.6350    29.0759     3.3790    146.644 0.0000e+00
    346.496    932.479    13.6970   4.564607     2.2635     0.1526  1.8402014  13.680893    13.6458    38.6354    29.0763     3.3800    146.685 0.0000e+00
    345.861    933.479    13.6962   4.564392     2.2635     0.1656  1.8399470  13.680893    13.6451    38.6345    29.0757     3.3769    146.550 0.0000e+00
    344.967    934.479    13.6947   4.564156     2.2623     0.1563  1.8401505  13.681577    13.6437    38.6341    29.0757     3.3735    146.406 0.0000e+00
    344.526    935.479    13.6953   4.564208     2.2620     0.1546  1.8399470  13.680893    13.6443    38.6343    29.0757     3.3763    146.526 0.0000e+00
    344.430    936.479    13.6953   4.564224     2.2629     0.1625  1.8402523  13.680209    13.6444    38.6345    29.0759     3.3804    146.705 0.0000e+00
    343.485    937.479    13.6948   4.564081     2.2636     0.1592  1.8405575  13.680209    13.6440    38.6341    29.0756     3.3799    146.684 0.0000e+00
    342.491    938.479    13.6946   4.564036     2.2640     0.1513  1.8400997  13.680893    13.6440    38.6342    29.0757     3.3802    146.693 0.0000e+00
    342.275    939.479    13.6947   4.564026     2.2644     0.1539  1.8400488  13.680893    13.6441    38.6341    29.0756     3.3816    146.755 0.0000e+00
    341.878    940.479    13.6949   4.564052     2.2651     0.1517  1.8399979  13.680893    13.6444    38.6343    29.0757     3.3820    146.774 0.0000e+00
    341.150    941.479    13.6948   4.563966     2.2650     0.1622  1.8398453  13.680209    13.6444    38.6340    29.0755     3.3793    146.656 0.0000e+00
    340.582    942.479    13.6953   4.564007     2.2645     0.1526  1.8400488  13.678842    13.6450    38.6341    29.0754     3.3781    146.603 0.0000e+00
    340.194    943.479    13.6948   4.563950     2.2646     0.1549  1.8400997  13.680893    13.6445    38.6342    29.0756     3.3788    146.634 0.0000e+00
    339.617    944.479    13.6955   4.563977     2.2644     0.1709  1.8396927  13.680209    13.6453    38.6340    29.0753     3.3802    146.693 0.0000e+00
    338.869    945.479    13.6955   4.563926     2.2655     0.1731  1.8398453  13.680893    13.6454    38.6339    29.0751     3.3827    146.802 0.0000e+00
    338.322    946.479    13.6954   4.563910     2.2656     0.1585  1.8397435  13.680893    13.6454    38.6340    29.0753     3.3799    146.683 0.0000e+00
    337.976    947.479    13.6953   4.563879     2.2653     0.1543  1.8399470  13.680209    13.6453    38.6341    29.0753     3.3786    146.626 0.0000e+00
    337.272    948.479    13.6974   4.564101     2.2649     0.1472  1.8399470  13.680209    13.6476    38.6343    29.0750     3.3778    146.591 0.0000e+00
    336.542    949.479    13.6974   4.564042     2.2653     0.1430  1.8396418  13.680893    13.6476    38.6341    29.0749     3.3787    146.630 0.0000e+00
    336.254    950.479    13.6973   4.564019     2.2647     0.1469  1.8396418  13.680209    13.6476    38.6342    29.0749     3.3753    146.483 0.0000e+00
    335.690    951.479    13.6977   4.564059     2.2642     0.1504  1.8396418  13.680209    13.6481    38.6343    29.0749     3.3770    146.554 0.0000e+00
    334.721    952.479    13.6994   4.564216     2.2650     0.1586  1.8397435  13.680209    13.6500    38.6345    29.0747     3.3801    146.688 0.0000e+00
    334.237    953.479    13.6987   4.564109     2.2659     0.1583  1.8395909  13.680209    13.6493    38.6345    29.0748     3.3829    146.811 0.0000e+00
    334.040    954.479    13.6985   4.564066     2.2671     0.1594  1.8398962  13.680209    13.6491    38.6344    29.0748     3.3839    146.855 0.0000e+00
    333.438    955.479    13.6999   4.564240     2.2673     0.1562  1.8396418  13.680893    13.6507    38.6348    29.0748     3.3822    146.781 0.0000e+00
    332.911    956.479    13.7002   4.564194     2.2674     0.1523  1.8398453  13.680893    13.6510    38.6344    29.0744     3.3826    146.799 0.0000e+00
    332.263    957.479    13.7021   4.564441     2.2678     0.1641  1.8395909  13.681577    13.6530    38.6351    29.0745     3.3824    146.789 0.0000e+00
    331.426    958.479    13.7024   4.564413     2.2674     0.1675  1.8396927  13.680893    13.6534    38.6349    29.0742     3.3802    146.692 0.0000e+00
    330.978    959.479    13.7009   4.564216     2.2674     0.1649  1.8394383  13.680893    13.6520    38.6347    29.0744     3.3804    146.704 0.0000e+00
    330.562    960.479    13.7013   4.564248     2.2673     0.1488  1.8395909  13.680893    13.6524    38.6349    29.0745     3.3798    146.676 0.0000e+00
    329.763    961.479    13.7028   4.564389     2.2668     0.1584  1.8391330  13.682944    13.6540    38.6350    29.0742     3.3764    146.531 0.0000e+00
    329.204    962.479    13.7023   4.564298     2.2665     0.1717  1.8392348  13.681577    13.6536    38.6349    29.0742     3.3808    146.722 0.0000e+00
    328.990    963.479    13.7018   4.564244     2.2679     0.1553  1.8396418  13.681577    13.6532    38.6349    29.0743     3.3839    146.857 0.0000e+00
    328.453    964.479    13.7027   4.564342     2.2684     0.1490  1.8391330  13.681577    13.6541    38.6353    29.0744     3.3822    146.779 0.0000e+00
    327.743    965.479    13.7037   4.564393     2.2680     0.1452  1.8394383  13.681577    13.6552    38.6351    29.0740     3.3780    146.599 0.0000e+00
    327.264    966.479    13.7032   4.564331     2.2671     0.1377  1.8393874  13.682944    13.6549    38.6351    29.0741     3.3774    146.572 0.0000e+00
    326.528    967.479    13.7063   4.564553     2.2674     0.1401  1.8391839  13.682944    13.6580    38.6345    29.0730     3.3804    146.704 0.0000e+00
    325.801    968.479    13.7057   4.564441     2.2681     0.1422  1.8392348  13.682944    13.6575    38.6343    29.0729     3.3820    146.771 0.0000e+00
    325.588    969.479    13.7062   4.564491     2.2685     0.1472  1.8391839  13.681577    13.6581    38.6344    29.0729     3.3814    146.747 0.0000e+00
    325.169    970.479    13.7055   4.564389     2.2688     0.1383  1.8392857  13.680893    13.6574    38.6344    29.0730     3.3810    146.730 0.0000e+00
    324.248    971.479    13.7056   4.564321     2.2687     0.1364  1.8391839  13.683628    13.6577    38.6340    29.0726     3.3805    146.709 0.0000e+00
    323.587    972.479    13.7050   4.564235     2.2688     0.1342  1.8389804  13.682944    13.6572    38.6341    29.0728     3.3807    146.716 0.0000e+00
    323.358    973.479    13.7052   4.564244     2.2687     0.1452  1.8388278  13.683628    13.6574    38.6341    29.0728     3.3792    146.652 0.0000e+00
    322.981    974.479    13.7049   4.564200     2.2685     0.1461  1.8390822  13.685679    13.6571    38.6341    29.0728     3.3795    146.664 0.0000e+00
    322.173    975.479    13.7060   4.564263     2.2688     0.1556  1.8390822  13.683628    13.6584    38.6340    29.0724     3.3814    146.747 0.0000e+00
    321.293    976.479    13.7066   4.564294     2.2693     0.1654  1.8385734  13.684995    13.6591    38.6340    29.0724     3.3804    146.705 0.0000e+00
    320.979    977.479    13.7058   4.564192     2.2692     0.1660  1.8386752  13.688413    13.6584    38.6340    29.0725     3.3810    146.729 0.0000e+00
    320.738    978.479    13.7057   4.564170     2.2699     0.1618  1.8388787  13.684995    13.6583    38.6341    29.0726     3.3837    146.847 0.0000e+00
    319.823    979.479    13.7091   4.564509     2.2702     0.1612  1.8387769  13.685679    13.6619    38.6342    29.0719     3.3820    146.772 0.0000e+00
    319.074    980.479    13.7087   4.564407     2.2702     0.1783  1.8386752  13.689781    13.6616    38.6340    29.0718     3.3804    146.704 0.0000e+00
    318.741    981.479    13.7085   4.564381     2.2700     0.1706  1.8389804  13.694566    13.6614    38.6341    29.0719     3.3815    146.750 0.0000e+00
    318.434    982.479    13.7081   4.564322     2.2705     0.1635  1.8384208  13.691832    13.6611    38.6341    29.0720     3.3831    146.819 0.0000e+00
    317.791    983.479    13.7087   4.564342     2.2709     0.1604  1.8382682  13.689097    13.6617    38.6340    29.0717     3.3817    146.759 0.0000e+00
    316.924    984.479    13.7085   4.564288     2.2702     0.1623  1.8387769  13.689097    13.6617    38.6340    29.0718     3.3789    146.638 0.0000e+00
    316.273    985.479    13.7096   4.564370     2.2702     0.1656  1.8386243  13.691148    13.6628    38.6340    29.0715     3.3796    146.669 0.0000e+00
    316.158    986.479    13.7085   4.564263     2.2699     0.1704  1.8384208  13.692515    13.6618    38.6341    29.0719     3.3796    146.671 0.0000e+00
    315.771    987.479    13.7100   4.564454     2.2706     0.1708  1.8388787  13.689781    13.6634    38.6346    29.0719     3.3833    146.828 0.0000e+00
    314.765    988.479    13.7152   4.564955     2.2714     0.1561  1.8386243  13.693199    13.6687    38.6346    29.0707     3.3829    146.812 0.0000e+00
    313.936    989.479    13.7137   4.564745     2.2716     0.1522  1.8387769  13.693199    13.6673    38.6345    29.0710     3.3838    146.854 0.0000e+00
    313.753    990.479    13.7141   4.564786     2.2726     0.1478  1.8384717  13.695934    13.6677    38.6346    29.0709     3.3857    146.936 0.0000e+00
    313.504    991.479    13.7122   4.564568     2.2728     0.1555  1.8386752  13.695934    13.6658    38.6346    29.0713     3.3833    146.828 0.0000e+00
    312.708    992.479    13.7182   4.565239     2.2724     0.1533  1.8381664  13.694566    13.6720    38.6352    29.0705     3.3813    146.744 0.0000e+00
    312.133    993.479    13.7176   4.565120     2.2722     0.1540  1.8382173  13.697301    13.6715    38.6349    29.0704     3.3820    146.771 0.0000e+00
    311.844    994.479    13.7166   4.564989     2.2724     0.1590  1.8385225  13.697301    13.6705    38.6348    29.0705     3.3843    146.873 0.0000e+00
    311.141    995.479    13.7226   4.565737     2.2734     0.1646  1.8384208  13.697301    13.6766    38.6362    29.0702     3.3855    146.925 0.0000e+00
    310.218    996.479    13.7246   4.565883     2.2735     0.1589  1.8381664  13.698668    13.6788    38.6360    29.0696     3.3823    146.787 0.0000e+00
    309.604    997.479    13.7234   4.565694     2.2729     0.1582  1.8384208  13.698668    13.6776    38.6357    29.0697     3.3792    146.652 0.0000e+00
    309.518    998.479    13.7217   4.565487     2.2721     0.1631  1.8380647  13.699352    13.6759    38.6355    29.0699     3.3782    146.607 0.0000e+00
    309.285    999.479    13.7216   4.565504     2.2718     0.1672  1.8377086  13.698668    13.6758    38.6358    29.0702     3.3805    146.706 0.0000e+00
    308.423   1000.479    13.7274   4.566092     2.2727     0.1708  1.8378103  13.703454    13.6818    38.6359    29.0689     3.3824    146.792 0.0000e+00
    307.525   1001.479    13.7268   4.565939     2.2732     0.1732  1.8376577  13.706188    13.6813    38.6355    29.0687     3.3847    146.892 0.0000e+00
    307.257   1002.479    13.7265   4.565909     2.2745     0.1675  1.8378103  13.703454    13.6811    38.6356    29.0689     3.3864    146.965 0.0000e+00
    307.086   1003.479    13.7256   4.565816     2.2747     0.1722  1.8376577  13.705504    13.6802    38.6357    29.0691     3.3839    146.855 0.0000e+00
    305.941   1004.479    13.7308   4.566304     2.2744     0.1722  1.8373016  13.706872    13.6856    38.6356    29.0679     3.3809    146.728 0.0000e+00
    304.874   1005.479    13.7306   4.566188     2.2738     0.1610  1.8374033  13.707555    13.6855    38.6352    29.0677     3.3808    146.720 0.0000e+00
    305.098   1006.479    13.7324   4.566401     2.2742     0.1658  1.8370472  13.709606    13.6873    38.6353    29.0673     3.3847    146.890 0.0000e+00
    305.101   1007.479    13.7316   4.566305     2.2755     0.1656  1.8371489  13.710290    13.6865    38.6352    29.0674     3.3898    147.112 0.0000e+00
    303.759   1008.479    13.7334   4.566458     2.2769     0.1548  1.8369963  13.713024    13.6885    38.6354    29.0671     3.3907    147.150 0.0000e+00
    302.931   1009.479    13.7328   4.566323     2.2778     0.1612  1.8365893  13.713708    13.6880    38.6351    29.0670     3.3905    147.143 0.0000e+00
    302.873   1010.479    13.7339   4.566428     2.2780     0.1617  1.8365384  13.713024    13.6891    38.6351    29.0668     3.3886    147.061 0.0000e+00
    302.434   1011.479    13.7346   4.566504     2.2777     0.1637  1.8366911  13.713708    13.6899    38.6352    29.0667     3.3878    147.027 0.0000e+00
    301.614   1012.479    13.7381   4.566806     2.2777     0.1586  1.8363349  13.713708    13.6935    38.6350    29.0657     3.3876    147.016 0.0000e+00
    300.858   1013.479    13.7387   4.566831     2.2777     0.1584  1.8363349  13.713708    13.6942    38.6349    29.0655     3.3867    146.977 0.0000e+00
    300.450   1014.479    13.7374   4.566664     2.2775     0.1643  1.8363349  13.713708    13.6930    38.6349    29.0658     3.3844    146.878 0.0000e+00
    300.307   1015.479    13.7373   4.566653     2.2767     0.1692  1.8364876  13.713708    13.6929    38.6349    29.0658     3.3855    146.927 0.0000e+00
    299.775   1016.479    13.7388   4.566817     2.2777     0.1597  1.8363349  13.715759    13.6944    38.6353    29.0657     3.3902    147.128 0.0000e+00
    298.870   1017.479    13.7406   4.566929     2.2790     0.1524  1.8361314  13.717810    13.6963    38.6349    29.0651     3.3920    147.207 0.0000e+00
    298.183   1018.479    13.7395   4.566796     2.2795     0.1538  1.8355718  13.717810    13.6954    38.6350    29.0653     3.3909    147.162 0.0000e+00
    297.726   1019.479    13.7386   4.566689     2.2798     0.1563  1.8358262  13.720544    13.6946    38.6351    29.0656     3.3921    147.215 0.0000e+00
    297.265   1020.479    13.7414   4.566961     2.2806     0.1461  1.8359279  13.720544    13.6974    38.6351    29.0650     3.3930    147.253 0.0000e+00
    296.879   1021.479    13.7419   4.567001     2.2807     0.1489  1.8353174  13.723278    13.6980    38.6351    29.0649     3.3897    147.108 0.0000e+00
    296.013   1022.479    13.7430   4.567079     2.2797     0.1518  1.8352157  13.723962    13.6992    38.6352    29.0646     3.3876    147.018 0.0000e+00
    295.239   1023.479    13.7423   4.566958     2.2798     0.1605  1.8352666  13.726013    13.6986    38.6350    29.0646     3.3893    147.090 0.0000e+00
    295.159   1024.479    13.7433   4.567038     2.2800     0.1656  1.8350631  13.721911    13.6996    38.6349    29.0643     3.3888    147.069 0.0000e+00
    294.832   1025.479    13.7430   4.567039     2.2796     0.1639  1.8350630  13.722595    13.6994    38.6353    29.0647     3.3875    147.015 0.0000e+00
    293.870   1026.479    13.7494   4.567679     2.2799     0.1516  1.8349613  13.726013    13.7060    38.6353    29.0633     3.3913    147.179 0.0000e+00
    293.154   1027.479    13.7476   4.567384     2.2814     0.1551  1.8350630  13.726696    13.7042    38.6347    29.0632     3.3959    147.378 0.0000e+00
    292.939   1028.479    13.7483   4.567461     2.2827     0.1602  1.8349104  13.730114    13.7050    38.6348    29.0631     3.3957    147.370 0.0000e+00
    292.344   1029.479    13.7493   4.567607     2.2825     0.1668  1.8347069  13.726696    13.7061    38.6355    29.0634     3.3916    147.190 0.0000e+00
    291.454   1030.479    13.7520   4.567811     2.2822     0.1681  1.8343508  13.728063    13.7089    38.6351    29.0625     3.3907    147.152 0.0000e+00
    290.961   1031.479    13.7507   4.567626     2.2819     0.1706  1.8347069  13.730114    13.7076    38.6349    29.0626     3.3913    147.178 0.0000e+00
