Boussole/Data/SBEMOOSE/Work/cnv/bous222_03.cnv
* Sea-Bird SBE 9 Data File:
* FileName = C:\boussole\202009\Bous222_03.hdr
* Software Version Seasave V 7.23.2
* Temperature SN = 5545
* Conductivity SN = 4097
* Number of Bytes Per Scan = 37
* Number of Voltage Words = 4
* Number of Scans Averaged by the Deck Unit = 1
* NMEA Latitude = 43 21.96 N
* NMEA Longitude = 007 53.62 E
* NMEA UTC (Time) = Sep 12 2020  13:16:43
* NMEA baud rate = 4800
** Navire
** Station:
** Date
** Heure debut [TU]
** Heure fin [TU]
** Heure locale / TU = +0
** Latitude
** Longitude
** Heure meteo [TU]
** T air sec [deg C]
** T mer [deg C]
** Vent [noeuds, degres]
# nquan = 21
# nvalues = 917                         
# units = specified
# name 0 = prDM: Pressure, Digiquartz [db]
# name 1 = timeS: Time, Elapsed [seconds]
# name 2 = t090C: Temperature [ITS-90, deg C]
# name 3 = t190C: Temperature, 2 [ITS-90, deg C]
# name 4 = c0S/m: Conductivity [S/m]
# name 5 = c1S/m: Conductivity, 2 [S/m]
# name 6 = sbeox0V: Oxygen raw, SBE 43 [V]
# name 7 = v2: Voltage 2
# name 8 = flC: Fluorescence, Chelsea Aqua 3 Chl Con [ug/l]
# name 9 = v3: Voltage 3
# name 10 = CStarTr0: Beam Transmission, WET Labs C-Star [%]
# name 11 = CStarAt0: Beam Attenuation, WET Labs C-Star [1/m]
# name 12 = sbeox0ML/L: Oxygen, SBE 43 [ml/l], WS = 2
# name 13 = sbox0Mm/Kg: Oxygen, SBE 43 [umol/kg], WS = 2
# name 14 = potemp090C: Potential Temperature [ITS-90, deg C]
# name 15 = potemp190C: Potential Temperature, 2 [ITS-90, deg C]
# name 16 = sal00: Salinity, Practical [PSU]
# name 17 = sal11: Salinity, Practical, 2 [PSU]
# name 18 = sigma-é00: Density [sigma-theta, kg/m^3]
# name 19 = sigma-é11: Density, 2 [sigma-theta, kg/m^3]
# name 20 = flag: flag
# span 0 =      2.450,    405.536       
# span 1 =      0.479,    916.167       
# span 2 =    13.5634,    23.2280       
# span 3 =    13.5657,    23.1718       
# span 4 =   4.525255,   5.561754       
# span 5 =   4.525787,   5.553977       
# span 6 =     2.2369,     3.7904       
# span 7 =     1.2522,     1.7840       
# span 8 =     0.0294,     0.8402       
# span 9 =     4.4046,     4.7536       
# span 10 =    92.5435,    99.8986      
# span 11 =     0.0040,     0.3100      
# span 12 =     3.3398,     6.0451      
# span 13 =    144.942,    262.522      
# span 14 =    13.5038,    23.2275      
# span 15 =    13.5061,    23.1713      
# span 16 =    38.2036,    38.6618      
# span 17 =    38.3245,    38.6606      
# span 18 =    26.4448,    29.0911      
# span 19 =    26.4526,    29.0900      
# span 20 = 0.0000e+00, 0.0000e+00      
# interval = seconds: 1                 
# start_time = Sep 12 2020 13:16:43 [NMEA time, header]
# bad_flag = -9.990e-29
*END*
[from data line 69]
      6.337     69.479    22.8507    22.8760   5.518981   5.522079     3.2254     1.3698     0.1382     4.5845    96.3352     0.1494     4.3699    190.110    22.8493    22.8746    38.3904    38.3925    26.5516    26.5458 0.0000e+00
      6.941     70.479    22.8239    22.8318   5.515907   5.517095     3.2248     1.3784     0.1267     4.5840    96.3234     0.1498     4.3683    190.039    22.8225    22.8304    38.3895    38.3920    26.5588    26.5583 0.0000e+00
      7.477     71.479    22.8019    22.8134   5.513580   5.515145     3.2255     1.3736     0.1239     4.5823    96.2891     0.1513     4.3727    190.232    22.8004    22.8118    38.3904    38.3926    26.5658    26.5642 0.0000e+00
      7.930     72.479    22.7964    22.8030   5.513037   5.514066     3.2253     1.3623     0.1253     4.5818    96.2773     0.1517     4.3701    190.117    22.7948    22.8014    38.3908    38.3931    26.5678    26.5676 0.0000e+00
      8.416     73.479    22.7850    22.8004   5.511771   5.513782     3.2238     1.3595     0.1374     4.5801    96.2430     0.1532     4.3697    190.098    22.7833    22.7987    38.3907    38.3929    26.5711    26.5683 0.0000e+00
      8.937     74.479    22.7746    22.7821   5.510661   5.511642     3.2240     1.3609     0.1440     4.5788    96.2141     0.1544     4.3715    190.176    22.7728    22.7803    38.3909    38.3920    26.5743    26.5729 0.0000e+00
      9.398     75.479    22.7679    22.7753   5.509954   5.511000     3.2225     1.3728     0.1465     4.5786    96.2098     0.1546     4.3656    189.919    22.7659    22.7733    38.3911    38.3928    26.5765    26.5756 0.0000e+00
      9.677     76.479    22.7665    22.7696   5.509828   5.510350     3.2190     1.3793     0.1447     4.5789    96.2173     0.1542     4.3611    189.723    22.7645    22.7676    38.3912    38.3926    26.5770    26.5771 0.0000e+00
     10.130     77.479    22.7559    22.7622   5.508579   5.509519     3.2184     1.3817     0.1465     4.5769    96.1744     0.1560     4.3654    189.908    22.7538    22.7601    38.3906    38.3924    26.5796    26.5791 0.0000e+00
     10.899     78.479    22.7398    22.7446   5.506911   5.507648     3.2200     1.3799     0.1448     4.5770    96.1765     0.1559     4.3709    190.149    22.7376    22.7423    38.3913    38.3929    26.5848    26.5847 0.0000e+00
     11.450     79.479    22.7336    22.7385   5.506302   5.507046     3.2199     1.3817     0.1531     4.5762    96.1604     0.1566     4.3669    189.973    22.7313    22.7362    38.3918    38.3933    26.5870    26.5868 0.0000e+00
     11.763     80.479    22.7312    22.7369   5.506047   5.506841     3.2170     1.3800     0.1494     4.5761    96.1572     0.1567     4.3612    189.725    22.7288    22.7345    38.3918    38.3930    26.5878    26.5871 0.0000e+00
     12.365     81.479    22.7262    22.7292   5.505487   5.505968     3.2165     1.3879     0.1425     4.5770    96.1765     0.1559     4.3661    189.940    22.7236    22.7266    38.3916    38.3927    26.5891    26.5891 0.0000e+00
     13.070     82.479    22.7161    22.7197   5.504445   5.504957     3.2176     1.3844     0.1466     4.6461    97.6338     0.0958     4.3686    190.048    22.7134    22.7170    38.3920    38.3929    26.5924    26.5920 0.0000e+00
     13.331     83.479    22.7169    22.7177   5.504613   5.504813     3.2176     1.3778     0.1409     4.6457    97.6252     0.0962     4.3701    190.112    22.7142    22.7150    38.3925    38.3933    26.5925    26.5930 0.0000e+00
     13.552     84.479    22.7161    22.7202   5.504457   5.505032     3.2204     1.3817     0.1428     4.6458    97.6284     0.0960     4.3765    190.391    22.7133    22.7175    38.3919    38.3928    26.5923    26.5918 0.0000e+00
     14.205     85.479    22.7035    22.7094   5.503061   5.503851     3.2212     1.3763     0.1404     4.6452    97.6145     0.0966     4.3755    190.348    22.7006    22.7065    38.3918    38.3928    26.5960    26.5950 0.0000e+00
     14.802     86.479    22.6952    22.6997   5.502211   5.502805     3.2210     1.3781     0.1459     4.6452    97.6156     0.0965     4.3762    190.379    22.6922    22.6967    38.3922    38.3929    26.5987    26.5979 0.0000e+00
     15.089     87.479    22.6927    22.6963   5.501948   5.502449     3.2210     1.3758     0.1486     4.6448    97.6059     0.0969     4.3771    190.418    22.6896    22.6932    38.3921    38.3930    26.5994    26.5990 0.0000e+00
     15.402     88.479    22.6859    22.6924   5.501147   5.502005     3.2217     1.3811     0.1471     4.6446    97.6017     0.0971     4.3785    190.476    22.6828    22.6893    38.3917    38.3927    26.6011    26.6000 0.0000e+00
     15.937     89.479    22.6806    22.6875   5.500624   5.501444     3.2209     1.3837     0.1576     4.5943    96.5411     0.1409     4.3780    190.455    22.6773    22.6842    38.3921    38.3925    26.6030    26.6013 0.0000e+00
     16.548     90.479    22.6725    22.6790   5.499692   5.500544     3.2221     1.3822     0.1530     4.5731    96.0950     0.1593     4.3812    190.595    22.6691    22.6757    38.3917    38.3926    26.6050    26.6038 0.0000e+00
     17.071     91.479    22.6660    22.6702   5.499014   5.499562     3.2213     1.3921     0.1551     4.5678    95.9835     0.1640     4.3801    190.546    22.6625    22.6668    38.3918    38.3924    26.6071    26.6063 0.0000e+00
     17.465     92.479    22.6633    22.6656   5.498739   5.499046     3.2216     1.3878     0.1571     4.5727    96.0865     0.1597     4.3817    190.614    22.6597    22.6620    38.3919    38.3923    26.6079    26.6076 0.0000e+00
     17.772     93.479    22.6623    22.6654   5.498646   5.499045     3.2226     1.3898     0.1722     4.5727    96.0865     0.1597     4.3852    190.769    22.6587    22.6618    38.3919    38.3924    26.6083    26.6077 0.0000e+00
     18.381     94.479    22.6553    22.6608   5.497812   5.498524     3.2228     1.3917     0.1706     4.5729    96.0907     0.1595     4.3830    190.669    22.6516    22.6570    38.3913    38.3921    26.6099    26.6089 0.0000e+00
     19.113     95.479    22.6426    22.6469   5.496383   5.496950     3.2215     1.4055     0.1577     4.5729    96.0907     0.1595     4.3804    190.556    22.6387    22.6430    38.3910    38.3916    26.6133    26.6126 0.0000e+00
     19.347     96.479    22.6402    22.6444   5.496132   5.496736     3.2195     1.4041     0.1678     4.5724    96.0811     0.1599     4.3811    190.587    22.6362    22.6404    38.3910    38.3921    26.6141    26.6136 0.0000e+00
     19.708     97.479    22.6365    22.6415   5.495708   5.496370     3.2226     1.3922     0.1679     4.5732    96.0961     0.1593     4.3928    191.097    22.6324    22.6374    38.3908    38.3917    26.6150    26.6142 0.0000e+00
     20.611     98.479    22.6153    22.6185   5.493224   5.493733     3.2261     1.4015     0.1442     4.5755    96.1465     0.1572     4.3916    191.043    22.6111    22.6143    38.3896    38.3907    26.6203    26.6202 0.0000e+00
     21.200     99.479    22.6032    22.6113   5.492048   5.493143     3.2132     1.4016     0.1508     4.5755    96.1465     0.1572     4.3345    188.560    22.5989    22.6070    38.3907    38.3922    26.6247    26.6235 0.0000e+00
     21.366    100.479    22.5982    22.6164   5.491485   5.493535     3.2030     1.3795     0.1712     4.5754    96.1444     0.1573     4.5053    195.988    22.5938    22.6120    38.3906    38.3908    26.6260    26.6209 0.0000e+00
     21.903    101.479    22.1775    22.4016   5.434453   5.466238     3.3902     1.3857     0.1860     4.6191    97.0634     0.1193     5.0728    220.661    22.1731    22.3972    38.3082    38.3639    26.6832    26.6621 0.0000e+00
     22.613    102.479    19.4731    20.0029   5.123453   5.195981     3.5767     1.4046     0.1878     4.6442    97.5930     0.0975     5.6035    243.590    19.4689    19.9986    38.2036    38.3245    27.3465    27.2972 0.0000e+00
     23.066    103.479    18.2081    18.3585   4.998159   5.027725     3.6790     1.4178     0.1792     4.6304    97.3014     0.1094     5.7843    251.349    18.2040    18.3544    38.3118    38.4255    27.7596    27.8085 0.0000e+00
     23.438    104.479    17.9684    18.0369   4.973578   4.990609     3.7256     1.4194     0.2049     4.6130    96.9357     0.1245     5.8110    252.491    17.9643    18.0328    38.3242    38.4074    27.8296    27.8762 0.0000e+00
     23.841    105.479    17.9028    18.0396   4.967819   4.991264     3.7472     1.4118     0.2258     4.5844    96.3331     0.1494     5.8103    252.456    17.8986    18.0354    38.3358    38.4103    27.8551    27.8777 0.0000e+00
     24.392    106.479    17.8819    17.9285   4.965865   4.979307     3.7507     1.4340     0.2519     4.5710    96.0500     0.1612     5.7990    251.961    17.8776    17.9243    38.3383    38.4111    27.8623    27.9064 0.0000e+00
     24.952    107.479    17.8416    17.8801   4.961129   4.973224     3.7551     1.4514     0.2596     4.5548    95.7090     0.1754     5.8147    252.643    17.8372    17.8758    38.3349    38.4038    27.8698    27.9130 0.0000e+00
     25.358    108.479    17.5165    17.5825   4.924513   4.940058     3.7584     1.4722     0.2815     4.5464    95.5331     0.1828     5.8575    254.485    17.5122    17.5781    38.3225    38.3960    27.9412    27.9813 0.0000e+00
     25.769    109.479    17.2012    17.2707   4.891203   4.906768     3.7643     1.4781     0.2997     4.4845    94.2281     0.2379     5.9297    257.600    17.1968    17.2663    38.3292    38.4001    28.0241    28.0615 0.0000e+00
     26.296    110.479    16.8808    16.9842   4.856506   4.875823     3.7846     1.4945     0.3251     4.5127    94.8211     0.2128     6.0099    261.063    16.8764    16.9798    38.3278    38.4002    28.1011    28.1317 0.0000e+00
     26.837    111.479    16.3981    16.5984   4.804358   4.834154     3.7904     1.5077     0.3628     4.5217    95.0120     0.2047     6.0248    261.686    16.3937    16.5940    38.3256    38.3994    28.2154    28.2243 0.0000e+00
     27.296    112.479    16.1926    16.2251   4.784470   4.794707     3.7725     1.5255     0.3954     4.5015    94.5863     0.2226     5.9812    259.773    16.1881    16.2206    38.3451    38.4058    28.2792    28.3183 0.0000e+00
     27.795    113.479    16.0857    16.1270   4.772829   4.784373     3.7564     1.5505     0.4009     4.4913    94.3707     0.2318     5.9949    260.363    16.0812    16.1225    38.3433    38.4074    28.3030    28.3427 0.0000e+00
     28.311    114.479    15.9367    15.9894   4.757059   4.768923     3.7562     1.5712     0.3993     4.4614    93.7402     0.2587     6.0312    261.931    15.9322    15.9848    38.3448    38.4011    28.3391    28.3702 0.0000e+00
     28.846    115.479    15.7446    15.7955   4.737318   4.748689     3.7553     1.5746     0.4074     4.4233    92.9381     0.2930     6.0451    262.522    15.7400    15.7909    38.3521    38.4059    28.3896    28.4193 0.0000e+00
     29.385    116.479    15.5685    15.6153   4.719514   4.730425     3.7500     1.5736     0.4278     4.4408    93.3070     0.2772     6.0424    262.393    15.5638    15.6106    38.3612    38.4152    28.4375    28.4683 0.0000e+00
     29.875    117.479    15.5017    15.5320   4.713406   4.721311     3.7396     1.5786     0.4553     4.4873    94.2871     0.2353     6.0237    261.573    15.4970    15.5272    38.3705    38.4132    28.4600    28.4860 0.0000e+00
     30.388    118.479    15.4828    15.4939   4.711791   4.717158     3.7299     1.5908     0.4728     4.4078    92.6110     0.3070     6.0069    260.841    15.4780    15.4891    38.3740    38.4122    28.4671    28.4940 0.0000e+00
     30.896    119.479    15.4405    15.4458   4.707347   4.711934     3.7175     1.6067     0.4885     4.4046    92.5435     0.3100     5.9669    259.101    15.4356    15.4409    38.3744    38.4113    28.4772    28.5044 0.0000e+00
     31.372    120.479    15.3956    15.4084   4.702962   4.707818     3.6940     1.6166     0.5058     4.4121    92.7011     0.3032     5.9063    256.470    15.3907    15.4035    38.3780    38.4100    28.4903    28.5120 0.0000e+00
     31.871    121.479    15.3183    15.3390   4.694454   4.700156     3.6678     1.6252     0.5238     4.4593    93.6962     0.2605     5.8586    254.392    15.3133    15.3340    38.3754    38.4075    28.5060    28.5260 0.0000e+00
     32.439    122.479    15.1423    15.1895   4.675976   4.684203     3.6403     1.6346     0.5258     4.4756    94.0405     0.2458     5.8244    252.899    15.1373    15.1844    38.3779    38.4074    28.5480    28.5601 0.0000e+00
     32.975    123.479    15.0681    15.0997   4.668803   4.675326     3.6132     1.6440     0.5424     4.4779    94.0877     0.2438     5.7776    250.859    15.0630    15.0946    38.3845    38.4136    28.5700    28.5853 0.0000e+00
     33.457    124.479    14.9763    15.0125   4.659142   4.665906     3.5854     1.6451     0.5294     4.4858    94.2538     0.2367     5.7325    248.896    14.9711    15.0073    38.3854    38.4123    28.5915    28.6040 0.0000e+00
     33.956    125.479    14.9128    14.9371   4.652798   4.658031     3.5572     1.6536     0.5240     4.4880    94.3010     0.2347     5.6758    246.432    14.9076    14.9318    38.3890    38.4136    28.6086    28.6221 0.0000e+00
     34.596    126.479    14.8779    14.9041   4.649081   4.654314     3.5238     1.6469     0.5319     4.4964    94.4780     0.2272     5.5974    243.027    14.8726    14.8988    38.3887    38.4114    28.6162    28.6278 0.0000e+00
     35.299    127.479    14.7502    14.7859   4.635282   4.641523     3.4855     1.6442     0.5367     4.5029    94.6152     0.2214     5.5261    239.922    14.7448    14.7805    38.3865    38.4092    28.6431    28.6526 0.0000e+00
     35.858    128.479    14.6073    14.6723   4.620961   4.630397     3.4455     1.6483     0.5347     4.5095    94.7546     0.2155     5.4595    237.024    14.6019    14.6668    38.3943    38.4179    28.6810    28.6848 0.0000e+00
     36.307    129.479    14.5203    14.5686   4.611904   4.618780     3.4062     1.6508     0.5216     4.5133    94.8340     0.2122     5.3934    234.151    14.5148    14.5631    38.3959    38.4122    28.7015    28.7034 0.0000e+00
     36.874    130.479    14.4461    14.4732   4.604179   4.609434     3.3686     1.6497     0.5189     4.5203    94.9819     0.2060     5.3346    231.594    14.4406    14.4676    38.3970    38.4194    28.7188    28.7302 0.0000e+00
     37.454    131.479    14.3937    14.4208   4.598691   4.603570     3.3354     1.6429     0.5276     4.5235    95.0495     0.2031     5.2847    229.422    14.3881    14.4152    38.3975    38.4162    28.7308    28.7393 0.0000e+00
     37.996    132.479    14.3377    14.3650   4.592776   4.597672     3.3052     1.6415     0.5435     4.5282    95.1482     0.1989     5.2412    227.534    14.3320    14.3592    38.3975    38.4163    28.7431    28.7517 0.0000e+00
     38.615    133.479    14.2936    14.3226   4.588231   4.593108     3.2798     1.6460     0.5449     4.5348    95.2886     0.1930     5.2026    225.853    14.2878    14.3168    38.3984    38.4154    28.7536    28.7603 0.0000e+00
     39.051    134.479    14.2640    14.2674   4.585264   4.587184     3.2538     1.6542     0.5385     4.5420    95.4387     0.1868     5.1415    223.199    14.2581    14.2615    38.3998    38.4145    28.7612    28.7718 0.0000e+00
     39.495    135.479    14.2227    14.2414   4.580746   4.584348     3.2220     1.6549     0.5440     4.5493    95.5943     0.1802     5.0733    220.239    14.2168    14.2355    38.3983    38.4135    28.7690    28.7767 0.0000e+00
     40.195    136.479    14.1735    14.1925   4.575476   4.578820     3.1912     1.6516     0.5536     4.5516    95.6404     0.1783     5.0254    218.156    14.1675    14.1865    38.3975    38.4100    28.7792    28.7847 0.0000e+00
