Boussole/Data/SBEMOOSE/Work/cnv/bous232_01.cnv
* Sea-Bird SBE 9 Data File:
* FileName = C:\boussole\202107\bous232_01.hdr
* Software Version Seasave V 7.23.2
* Temperature SN = 2473
* Conductivity SN = 2929
* Number of Bytes Per Scan = 24
* Number of Voltage Words = 4
* Number of Scans Averaged by the Deck Unit = 1
* NMEA baud rate = 4800
** Campagne = BOUSSOLE 232
** Navire = Tethys II
** Station = BOUS232_01
** Date = 12/07/2021
** Heure debut [TU] = 11:01
** Heure fin [TU] = 11:22
** Heure locale / TU = +2
** Latitude = 43 21.957 N
** Longitude = 007 53.921 E
** Heure meteo [TU] = 11:09
** T air sec [deg C] = 23.4
** T mer [deg C] = 23.50
** Vent [noeuds, degres] = 12.5, 71
** Pression atm [hpa] = 1012.1
** Humidite [%] = 82.3
** Nebulosite [octas] = 6-7
** Etat de la mer [code S] = 3
# nquan = 14
# nvalues = 1256                        
# units = specified
# name 0 = prDM: Pressure, Digiquartz [db]
# name 1 = timeS: Time, Elapsed [seconds]
# name 2 = t090C: Temperature [ITS-90, deg C]
# name 3 = c0S/m: Conductivity [S/m]
# name 4 = sbeox0V: Oxygen raw, SBE 43 [V]
# name 5 = flC: Fluorescence, Chelsea Aqua 3 Chl Con [ug/l]
# name 6 = upoly0: Upoly 0, RINKOIII_DO
# name 7 = upoly1: Upoly 1, RINKOIII_Temp
# name 8 = potemp090C: Potential Temperature [ITS-90, deg C]
# name 9 = sal00: Salinity, Practical [PSU]
# name 10 = sigma-é00: Density [sigma-theta, kg/m^3]
# name 11 = sbeox0ML/L: Oxygen, SBE 43 [ml/l], WS = 2
# name 12 = sbox0Mm/Kg: Oxygen, SBE 43 [umol/kg], WS = 2
# name 13 = flag: flag
# span 0 =      0.055,    301.755       
# span 1 =      0.479,   1255.042       
# span 2 =    13.5820,    23.2054       
# span 3 =   4.524931,   5.547696       
# span 4 =     2.4715,     3.9879       
# span 5 =    -0.2341,     2.4195       
# span 6 =  1.3346561,  1.8145095       
# span 7 =  13.583105,  23.159161       
# span 8 =    13.5685,    23.2051       
# span 9 =    38.2073,    38.6675       
# span 10 =    26.3832,    29.0720      
# span 11 =     3.7479,     6.2575      
# span 12 =    162.651,    271.846      
# span 13 = 0.0000e+00, 0.0000e+00      
# interval = seconds: 1                 
# start_time = Jul 12 2021 11:01:32 [System UTC, header]
# bad_flag = -9.990e-29
*END*
[from data line 826]
     51.501    826.479    13.6621   4.526207     2.9347     1.5699  1.6674298  13.652176    13.6546    38.4381    28.9215     4.5780    198.706 0.0000e+00
     51.331    827.479    13.6627   4.526255     2.9342     1.5750  1.6677860  13.657646    13.6552    38.4381    28.9213     4.5728    198.483 0.0000e+00
     51.349    828.479    13.6633   4.526311     2.9325     1.5995  1.6674807  13.657646    13.6558    38.4380    28.9211     4.5681    198.278 0.0000e+00
     51.490    829.479    13.6626   4.526249     2.9313     1.6235  1.6671246  13.658330    13.6551    38.4380    28.9213     4.5715    198.423 0.0000e+00
     51.521    830.479    13.6616   4.526163     2.9322     1.5765  1.6670737  13.659697    13.6541    38.4382    28.9216     4.5756    198.601 0.0000e+00
     51.501    831.479    13.6616   4.526160     2.9328     1.5431  1.6674298  13.661749    13.6541    38.4382    28.9216     4.5764    198.637 0.0000e+00
     51.399    832.479    13.6626   4.526260     2.9329     1.5392  1.6674298  13.659697    13.6551    38.4382    28.9214     4.5711    198.408 0.0000e+00
     51.440    833.479    13.6628   4.526272     2.9311     1.5636  1.6673790  13.659697    13.6553    38.4381    28.9213     4.5684    198.292 0.0000e+00
     51.573    834.479    13.6616   4.526180     2.9319     1.5803  1.6672772  13.657646    13.6541    38.4384    28.9218     4.5790    198.748 0.0000e+00
     51.453    835.479    13.6615   4.526165     2.9342     1.5475  1.6674298  13.659014    13.6540    38.4383    28.9217     4.5768    198.654 0.0000e+00
     51.334    836.479    13.6634   4.526319     2.9313     1.5235  1.6673281  13.661065    13.6559    38.4380    28.9211     4.5623    198.024 0.0000e+00
     51.501    837.479    13.6620   4.526209     2.9299     1.4952  1.6668193  13.660381    13.6545    38.4383    28.9216     4.5665    198.209 0.0000e+00
     51.626    838.479    13.6610   4.526121     2.9293     1.5045  1.6667176  13.659697    13.6535    38.4384    28.9219     4.5691    198.319 0.0000e+00
     51.424    839.479    13.6618   4.526185     2.9311     1.5050  1.6671246  13.657646    13.6543    38.4383    28.9217     4.5765    198.642 0.0000e+00
     51.302    840.479    13.6636   4.526344     2.9321     1.4926  1.6665141  13.661065    13.6561    38.4381    28.9211     4.5716    198.431 0.0000e+00
     51.626    841.479    13.6615   4.526176     2.9312     1.4962  1.6665141  13.656962    13.6540    38.4384    28.9218     4.5736    198.514 0.0000e+00
     51.698    842.479    13.6600   4.526074     2.9335     1.5755  1.6666667  13.659014    13.6525    38.4389    28.9225     4.5861    199.060 0.0000e+00
     51.334    843.479    13.6631   4.526321     2.9367     1.4972  1.6669211  13.659014    13.6556    38.4383    28.9214     4.5866    199.079 0.0000e+00
     51.237    844.479    13.6642   4.526400     2.9362     1.4743  1.6669720  13.655595    13.6567    38.4380    28.9209     4.5776    198.689 0.0000e+00
     51.611    845.479    13.6614   4.526157     2.9351     1.5327  1.6668193  13.659697    13.6539    38.4384    28.9218     4.5748    198.568 0.0000e+00
     51.533    846.479    13.6617   4.526187     2.9334     1.5440  1.6669720  13.659697    13.6542    38.4384    28.9218     4.5694    198.333 0.0000e+00
     51.282    847.479    13.6635   4.526343     2.9313     1.4577  1.6669720  13.661065    13.6560    38.4382    28.9212     4.5639    198.096 0.0000e+00
     51.595    848.479    13.6611   4.526143     2.9293     1.4186  1.6668702  13.660381    13.6536    38.4385    28.9220     4.5657    198.173 0.0000e+00
     51.678    849.479    13.6605   4.526116     2.9307     1.4949  1.6669211  13.660381    13.6530    38.4388    28.9223     4.5778    198.699 0.0000e+00
     51.242    850.479    13.6635   4.526343     2.9325     1.4071  1.6670228  13.654911    13.6560    38.4382    28.9212     4.5742    198.540 0.0000e+00
     51.210    851.479    13.6637   4.526345     2.9314     1.3986  1.6670737  13.655595    13.6562    38.4380    28.9211     4.5665    198.206 0.0000e+00
     51.664    852.479    13.6602   4.526079     2.9300     1.4727  1.6670228  13.658330    13.6527    38.4388    28.9224     4.5677    198.259 0.0000e+00
     51.564    853.479    13.6609   4.526143     2.9305     1.4697  1.6673790  13.654911    13.6534    38.4387    28.9222     4.5707    198.391 0.0000e+00
     51.263    854.479    13.6636   4.526343     2.9302     1.3765  1.6673790  13.657646    13.6561    38.4381    28.9211     4.5684    198.289 0.0000e+00
     51.363    855.479    13.6630   4.526304     2.9305     1.4098  1.6675825  13.658330    13.6555    38.4382    28.9214     4.5718    198.437 0.0000e+00
     51.484    856.479    13.6614   4.526180     2.9316     1.4130  1.6670737  13.661065    13.6539    38.4386    28.9220     4.5759    198.614 0.0000e+00
     51.484    857.479    13.6616   4.526168     2.9321     1.4048  1.6671246  13.661065    13.6541    38.4383    28.9217     4.5742    198.541 0.0000e+00
     51.508    858.479    13.6611   4.526137     2.9331     1.3979  1.6675316  13.656279    13.6536    38.4385    28.9220     4.5805    198.815 0.0000e+00
     51.392    859.479    13.6616   4.526170     2.9345     1.5062  1.6673281  13.659697    13.6541    38.4383    28.9217     4.5793    198.763 0.0000e+00
     51.440    860.479    13.6618   4.526197     2.9344     1.5705  1.6678368  13.659697    13.6543    38.4384    28.9217     4.5782    198.715 0.0000e+00
     51.410    861.479    13.6617   4.526174     2.9345     1.5610  1.6677351  13.654911    13.6542    38.4383    28.9217     4.5735    198.512 0.0000e+00
     51.277    862.479    13.6629   4.526281     2.9319     1.5168  1.6680912  13.654227    13.6554    38.4381    28.9213     4.5628    198.047 0.0000e+00
     51.555    863.479    13.6608   4.526130     2.9294     1.5118  1.6677860  13.651492    13.6533    38.4387    28.9222     4.5641    198.105 0.0000e+00
     51.622    864.479    13.6604   4.526094     2.9296     1.6845  1.6678877  13.658330    13.6529    38.4388    28.9224     4.5708    198.396 0.0000e+00
     51.332    865.479    13.6613   4.526162     2.9305     1.6184  1.6673790  13.656279    13.6538    38.4386    28.9220     4.5699    198.353 0.0000e+00
     51.275    866.479    13.6627   4.526270     2.9297     1.4473  1.6676333  13.661065    13.6552    38.4382    28.9214     4.5641    198.103 0.0000e+00
     51.412    867.479    13.6613   4.526177     2.9280     1.4808  1.6671755  13.656279    13.6538    38.4387    28.9221     4.5581    197.841 0.0000e+00
     51.573    868.479    13.6598   4.526054     2.9262     1.5425  1.6674298  13.657646    13.6523    38.4390    28.9227     4.5628    198.045 0.0000e+00
     51.589    869.479    13.6595   4.526029     2.9291     1.5781  1.6673281  13.658330    13.6520    38.4390    28.9227     4.5743    198.545 0.0000e+00
     51.285    870.479    13.6616   4.526178     2.9290     1.5419  1.6674298  13.656962    13.6541    38.4385    28.9219     4.5609    197.962 0.0000e+00
     51.212    871.479    13.6631   4.526297     2.9269     1.5237  1.6673281  13.659014    13.6556    38.4382    28.9213     4.5599    197.922 0.0000e+00
     51.467    872.479    13.6608   4.526142     2.9269     1.5472  1.6667176  13.657646    13.6533    38.4389    28.9224     4.5613    197.982 0.0000e+00
     51.572    873.479    13.6604   4.526097     2.9261     1.6350  1.6672772  13.661065    13.6529    38.4388    28.9224     4.5630    198.055 0.0000e+00
     51.516    874.479    13.6603   4.526064     2.9287     1.6550  1.6674807  13.661749    13.6528    38.4386    28.9223     4.5788    198.741 0.0000e+00
     51.398    875.479    13.6618   4.526191     2.9331     1.6371  1.6675825  13.659014    13.6543    38.4384    28.9217     4.5829    198.917 0.0000e+00
     51.351    876.479    13.6623   4.526230     2.9326     1.5881  1.6676842  13.661065    13.6548    38.4382    28.9215     4.5679    198.270 0.0000e+00
     51.473    877.479    13.6609   4.526134     2.9306     1.5283  1.6676333  13.658330    13.6534    38.4387    28.9222     4.5678    198.263 0.0000e+00
     51.389    878.479    13.6606   4.526087     2.9311     1.5100  1.6678877  13.655595    13.6531    38.4386    28.9221     4.5699    198.355 0.0000e+00
     51.279    879.479    13.6623   4.526237     2.9293     1.4800  1.6678368  13.659014    13.6548    38.4384    28.9216     4.5584    197.854 0.0000e+00
     51.500    880.479    13.6607   4.526125     2.9263     1.5686  1.6677351  13.659697    13.6532    38.4388    28.9223     4.5544    197.683 0.0000e+00
     51.600    881.479    13.6599   4.526072     2.9252     1.6633  1.6676842  13.654911    13.6524    38.4391    28.9227     4.5612    197.977 0.0000e+00
     51.480    882.479    13.6600   4.526068     2.9268     1.6777  1.6677860  13.660381    13.6525    38.4390    28.9226     4.5656    198.168 0.0000e+00
     51.397    883.479    13.6609   4.526128     2.9272     1.6423  1.6681930  13.657646    13.6534    38.4386    28.9221     4.5648    198.132 0.0000e+00
     51.327    884.479    13.6610   4.526122     2.9278     1.6223  1.6679895  13.661065    13.6535    38.4385    28.9220     4.5654    198.158 0.0000e+00
     51.305    885.479    13.6613   4.526141     2.9278     1.5579  1.6681930  13.659014    13.6538    38.4385    28.9219     4.5627    198.041 0.0000e+00
     51.535    886.479    13.6603   4.526096     2.9266     1.6474  1.6683456  13.652176    13.6528    38.4389    28.9225     4.5617    197.999 0.0000e+00
     51.623    887.479    13.6596   4.526054     2.9283     1.7183  1.6681421  13.654227    13.6521    38.4391    28.9228     4.5734    198.505 0.0000e+00
     51.283    888.479    13.6610   4.526138     2.9305     1.6924  1.6684982  13.656279    13.6535    38.4387    28.9222     4.5725    198.468 0.0000e+00
     51.182    889.479    13.6625   4.526253     2.9295     1.6263  1.6679895  13.655595    13.6550    38.4383    28.9216     4.5579    197.834 0.0000e+00
     51.560    890.479    13.6600   4.526083     2.9257     1.7331  1.6680403  13.656962    13.6525    38.4390    28.9226     4.5546    197.689 0.0000e+00
     51.699    891.479    13.6596   4.526047     2.9260     1.7450  1.6685999  13.655595    13.6520    38.4391    28.9227     4.5658    198.177 0.0000e+00
     51.287    892.479    13.6615   4.526190     2.9281     1.6650  1.6689052  13.656279    13.6540    38.4387    28.9220     4.5680    198.274 0.0000e+00
     51.101    893.479    13.6628   4.526272     2.9276     1.6066  1.6682947  13.658330    13.6553    38.4382    28.9214     4.5624    198.029 0.0000e+00
     51.555    894.479    13.6604   4.526126     2.9280     1.7175  1.6683456  13.654911    13.6529    38.4390    28.9225     4.5728    198.481 0.0000e+00
     51.625    895.479    13.6606   4.526135     2.9321     1.7684  1.6686000  13.651492    13.6530    38.4390    28.9225     4.5828    198.916 0.0000e+00
     51.086    896.479    13.6627   4.526268     2.9333     1.7003  1.6686000  13.655595    13.6552    38.4383    28.9215     4.5718    198.435 0.0000e+00
     51.160    897.479    13.6624   4.526256     2.9305     1.6157  1.6687526  13.654911    13.6550    38.4385    28.9216     4.5644    198.116 0.0000e+00
     51.789    898.479    13.6600   4.526098     2.9310     1.5684  1.6686000  13.655595    13.6524    38.4391    28.9227     4.5760    198.620 0.0000e+00
     51.621    899.479    13.6611   4.526173     2.9326     1.6001  1.6687017  13.655595    13.6535    38.4388    28.9222     4.5784    198.721 0.0000e+00
     51.116    900.479    13.6626   4.526259     2.9335     1.5469  1.6686508  13.654911    13.6551    38.4383    28.9215     4.5721    198.449 0.0000e+00
     51.032    901.479    13.6630   4.526295     2.9305     1.5541  1.6679895  13.652176    13.6556    38.4383    28.9214     4.5606    197.950 0.0000e+00
     51.437    902.479    13.6611   4.526174     2.9287     1.6255  1.6681930  13.656278    13.6536    38.4388    28.9222     4.5637    198.085 0.0000e+00
     51.679    903.479    13.6598   4.526075     2.9289     1.7070  1.6684982  13.651492    13.6523    38.4392    28.9228     4.5689    198.312 0.0000e+00
     51.270    904.479    13.6616   4.526203     2.9291     1.7108  1.6687526  13.654911    13.6541    38.4387    28.9220     4.5618    198.004 0.0000e+00
     51.144    905.479    13.6625   4.526264     2.9266     1.6196  1.6686508  13.654911    13.6550    38.4384    28.9216     4.5594    197.901 0.0000e+00
     51.537    906.479    13.6608   4.526155     2.9279     1.6195  1.6682438  13.655595    13.6533    38.4389    28.9224     4.5734    198.507 0.0000e+00
     51.336    907.479    13.6608   4.526136     2.9313     1.5665  1.6681421  13.656962    13.6533    38.4388    28.9223     4.5748    198.568 0.0000e+00
     51.065    908.479    13.6630   4.526293     2.9296     1.5112  1.6681421  13.658330    13.6555    38.4383    28.9214     4.5609    197.964 0.0000e+00
     51.507    909.479    13.6609   4.526146     2.9284     1.5944  1.6680912  13.654227    13.6534    38.4388    28.9223     4.5666    198.212 0.0000e+00
     51.641    910.479    13.6605   4.526135     2.9297     1.7014  1.6687526  13.654911    13.6530    38.4390    28.9225     4.5737    198.521 0.0000e+00
     51.214    911.479    13.6624   4.526262     2.9315     1.6562  1.6682438  13.652176    13.6549    38.4385    28.9217     4.5729    198.487 0.0000e+00
     51.133    912.479    13.6627   4.526278     2.9302     1.6035  1.6678877  13.654911    13.6552    38.4384    28.9216     4.5642    198.109 0.0000e+00
     51.378    913.479    13.6614   4.526192     2.9290     1.6504  1.6681930  13.655595    13.6539    38.4388    28.9221     4.5652    198.149 0.0000e+00
     51.314    914.479    13.6618   4.526214     2.9296     1.7133  1.6680912  13.655595    13.6543    38.4386    28.9219     4.5680    198.273 0.0000e+00
     51.424    915.479    13.6616   4.526201     2.9283     1.6522  1.6681930  13.656279    13.6541    38.4387    28.9220     4.5603    197.940 0.0000e+00
     51.733    916.479    13.6607   4.526144     2.9269     1.6353  1.6683456  13.652860    13.6531    38.4389    28.9224     4.5614    197.986 0.0000e+00
     51.254    917.479    13.6616   4.526190     2.9277     1.6703  1.6686508  13.653543    13.6541    38.4386    28.9220     4.5669    198.225 0.0000e+00
     50.735    918.479    13.6638   4.526354     2.9281     1.5937  1.6682438  13.656279    13.6564    38.4382    28.9212     4.5649    198.137 0.0000e+00
     51.282    919.479    13.6615   4.526199     2.9284     1.5920  1.6677860  13.656279    13.6541    38.4388    28.9221     4.5685    198.292 0.0000e+00
     51.771    920.479    13.6602   4.526128     2.9298     1.7092  1.6684982  13.653543    13.6526    38.4392    28.9227     4.5742    198.543 0.0000e+00
     51.428    921.479    13.6618   4.526224     2.9317     1.6905  1.6688035  13.656279    13.6543    38.4386    28.9220     4.5764    198.636 0.0000e+00
     51.044    922.479    13.6630   4.526298     2.9322     1.5414  1.6680403  13.657646    13.6555    38.4384    28.9215     4.5727    198.476 0.0000e+00
     50.998    923.479    13.6630   4.526281     2.9315     1.5590  1.6674807  13.655595    13.6555    38.4382    28.9214     4.5690    198.316 0.0000e+00
     51.311    924.479    13.6618   4.526228     2.9307     1.6184  1.6675316  13.654911    13.6543    38.4388    28.9221     4.5665    198.208 0.0000e+00
     51.603    925.479    13.6609   4.526160     2.9301     1.6538  1.6678368  13.655595    13.6534    38.4389    28.9223     4.5715    198.426 0.0000e+00
     51.346    926.479    13.6615   4.526198     2.9314     1.6504  1.6679386  13.654227    13.6540    38.4388    28.9221     4.5723    198.458 0.0000e+00
     50.990    927.479    13.6632   4.526312     2.9307     1.5714  1.6681930  13.659014    13.6558    38.4383    28.9213     4.5693    198.328 0.0000e+00
     51.138    928.479    13.6624   4.526253     2.9315     1.5323  1.6676333  13.657646    13.6549    38.4385    28.9217     4.5750    198.577 0.0000e+00
