Boussole/Data/SBEMOOSE/Work/cnv/bous227_02.cnv
* Sea-Bird SBE 9 Data File:
* FileName = C:\boussole\202102\bous227_02.hdr
* Software Version Seasave V 7.23.2
* Temperature SN = 2473
* Conductivity SN = 2929
* Number of Bytes Per Scan = 37
* Number of Voltage Words = 4
* Number of Scans Averaged by the Deck Unit = 1
* NMEA Latitude = 43 22.07 N
* NMEA Longitude = 007 54.06 E
* NMEA UTC (Time) = Feb 18 2021  09:46:25
* NMEA baud rate = 4800
** Campagne = BOUSSOLE 227
** Navire = Tethys II
** Station = BOUS227_02
** Date = 18/02/2021
** Heure debut [TU] = 09:47
** Heure fin [TU] = 11:21
** Heure locale / TU = +0
** Latitude = 43 22.085 N
** Longitude = 007 54.062 E
** Heure meteo [TU] = 09:48
** T air sec [deg C] = 13.3
** T mer [deg C] = 13.512
** Vent [noeuds, degres] = 13, 210
** Pression atm [hpa] = 1022.8
** Humidite [%] = 78
** Nebulosite [octas] = 6
** Etat de la mer [code S] = 3
# nquan = 14
# nvalues = 5706                        
# units = specified
# name 0 = prDM: Pressure, Digiquartz [db]
# name 1 = timeS: Time, Elapsed [seconds]
# name 2 = t090C: Temperature [ITS-90, deg C]
# name 3 = c0S/m: Conductivity [S/m]
# name 4 = sbeox0V: Oxygen raw, SBE 43 [V]
# name 5 = flC: Fluorescence, Chelsea Aqua 3 Chl Con [ug/l]
# name 6 = upoly0: Upoly 0, RINKOIII_DO
# name 7 = upoly1: Upoly 1, RINKOIII_Temp
# name 8 = potemp090C: Potential Temperature [ITS-90, deg C]
# name 9 = sal00: Salinity, Practical [PSU]
# name 10 = sigma-é00: Density [sigma-theta, kg/m^3]
# name 11 = sbeox0ML/L: Oxygen, SBE 43 [ml/l], WS = 2
# name 12 = sbox0Mm/Kg: Oxygen, SBE 43 [umol/kg], WS = 2
# name 13 = flag: flag
# span 0 =      0.137,    405.342       
# span 1 =      0.479,   5705.333       
# span 2 =    13.2795,    13.8354       
# span 3 =   0.785266,   4.573900       
# span 4 =     2.2035,     3.0029       
# span 5 =    -0.0832,     1.3509       
# span 6 =  1.5509259,  1.8422873       
# span 7 =  13.108604,  13.812811       
# span 8 =    13.2795,    13.7991       
# span 9 =     5.7435,    38.6389       
# span 10 =     3.7854,    29.0831      
# span 11 =     3.2708,     5.5584      
# span 12 =    141.945,    247.301      
# span 13 = 0.0000e+00, 0.0000e+00      
# interval = seconds: 1                 
# start_time = Feb 18 2021 09:46:25 [NMEA time, header]
# bad_flag = -9.990e-29
*END*
[from data line 3613]
     30.659   3613.479    13.4160   4.484378     2.8934     0.5053  1.5925417  13.401098    13.4116    38.2957    28.8627     4.5746    198.570 0.0000e+00
     30.424   3614.479    13.4159   4.484303     2.8928     0.5036  1.5931522  13.401098    13.4115    38.2952    28.8623     4.5735    198.525 0.0000e+00
     30.575   3615.479    13.4157   4.484292     2.8931     0.5126  1.5929996  13.399045    13.4113    38.2952    28.8624     4.5727    198.487 0.0000e+00
     30.656   3616.479    13.4156   4.484277     2.8920     0.5164  1.5927452  13.401098    13.4112    38.2951    28.8623     4.5705    198.394 0.0000e+00
     30.520   3617.479    13.4154   4.484193     2.8919     0.5173  1.5923891  13.399729    13.4110    38.2945    28.8619     4.5718    198.448 0.0000e+00
     30.741   3618.479    13.4154   4.484246     2.8920     0.5256  1.5927452  13.401098    13.4110    38.2949    28.8622     4.5726    198.482 0.0000e+00
     30.885   3619.479    13.4156   4.484288     2.8920     0.5112  1.5926435  13.397676    13.4112    38.2951    28.8623     4.5728    198.491 0.0000e+00
     30.512   3620.479    13.4155   4.484208     2.8924     0.5138  1.5924909  13.400414    13.4111    38.2946    28.8620     4.5745    198.565 0.0000e+00
     30.405   3621.479    13.4155   4.484200     2.8931     0.5037  1.5931014  13.400414    13.4111    38.2945    28.8619     4.5761    198.635 0.0000e+00
     30.743   3622.479    13.4156   4.484278     2.8938     0.5100  1.5930505  13.397676    13.4112    38.2951    28.8623     4.5776    198.703 0.0000e+00
     30.782   3623.479    13.4155   4.484250     2.8940     0.5257  1.5932540  13.400414    13.4111    38.2948    28.8622     4.5761    198.637 0.0000e+00
     30.834   3624.479    13.4156   4.484285     2.8939     0.5273  1.5932540  13.400414    13.4112    38.2951    28.8624     4.5762    198.639 0.0000e+00
     30.777   3625.479    13.4155   4.484243     2.8937     0.5248  1.5925926  13.400414    13.4111    38.2948    28.8622     4.5725    198.479 0.0000e+00
     30.532   3626.479    13.4155   4.484190     2.8921     0.5153  1.5930505  13.398360    13.4111    38.2945    28.8619     4.5694    198.346 0.0000e+00
     30.698   3627.479    13.4155   4.484223     2.8924     0.5081  1.5928979  13.399729    13.4111    38.2947    28.8620     4.5759    198.629 0.0000e+00
     30.778   3628.479    13.4155   4.484202     2.8933     0.5145  1.5934066  13.399729    13.4111    38.2945    28.8619     4.5751    198.592 0.0000e+00
     30.510   3629.479    13.4160   4.484247     2.8931     0.5134  1.5929996  13.401098    13.4116    38.2945    28.8618     4.5741    198.550 0.0000e+00
     30.681   3630.479    13.4162   4.484277     2.8931     0.5280  1.5933557  13.400414    13.4118    38.2945    28.8617     4.5739    198.540 0.0000e+00
     31.111   3631.479    13.4155   4.484243     2.8930     0.5234  1.5934066  13.401098    13.4110    38.2947    28.8620     4.5732    198.508 0.0000e+00
     30.842   3632.479    13.4162   4.484305     2.8921     0.5192  1.5931014  13.401098    13.4118    38.2946    28.8619     4.5701    198.376 0.0000e+00
     30.277   3633.479    13.4186   4.484562     2.8919     0.5140  1.5933557  13.401098    13.4142    38.2950    28.8616     4.5731    198.505 0.0000e+00
     30.390   3634.479    13.4174   4.484408     2.8931     0.5127  1.5936101  13.401783    13.4130    38.2947    28.8616     4.5786    198.742 0.0000e+00
     30.933   3635.479    13.4160   4.484276     2.8942     0.5126  1.5940680  13.399729    13.4115    38.2946    28.8618     4.5774    198.691 0.0000e+00
     30.859   3636.479    13.4162   4.484307     2.8939     0.5049  1.5937119  13.400414    13.4118    38.2947    28.8619     4.5745    198.565 0.0000e+00
     30.639   3637.479    13.4173   4.484395     2.8933     0.4956  1.5939154  13.401783    13.4129    38.2945    28.8615     4.5720    198.457 0.0000e+00
     30.686   3638.479    13.4162   4.484274     2.8918     0.4992  1.5937627  13.401783    13.4118    38.2945    28.8617     4.5670    198.243 0.0000e+00
     30.626   3639.479    13.4176   4.484454     2.8908     0.5253  1.5943224  13.401783    13.4132    38.2948    28.8617     4.5672    198.251 0.0000e+00
     30.572   3640.479    13.4208   4.484809     2.8902     0.5325  1.5939662  13.403152    13.4164    38.2950    28.8612     4.5660    198.198 0.0000e+00
     30.831   3641.479    13.4172   4.484425     2.8899     0.5289  1.5945767  13.402467    13.4128    38.2948    28.8618     4.5678    198.274 0.0000e+00
     30.765   3642.479    13.4169   4.484406     2.8900     0.5174  1.5948311  13.401783    13.4125    38.2950    28.8619     4.5669    198.238 0.0000e+00
     30.606   3643.479    13.4221   4.485004     2.8893     0.5089  1.5950855  13.405205    13.4177    38.2956    28.8613     4.5643    198.123 0.0000e+00
     30.724   3644.479    13.4197   4.484713     2.8889     0.5113  1.5951363  13.407259    13.4153    38.2951    28.8615     4.5632    198.077 0.0000e+00
     30.714   3645.479    13.4197   4.484736     2.8882     0.5271  1.5956451  13.406574    13.4153    38.2954    28.8617     4.5615    198.000 0.0000e+00
     30.654   3646.479    13.4240   4.485238     2.8873     0.5133  1.5959503  13.410681    13.4196    38.2959    28.8612     4.5599    197.934 0.0000e+00
     30.765   3647.479    13.4239   4.485216     2.8876     0.5104  1.5955942  13.414103    13.4195    38.2957    28.8611     4.5628    198.061 0.0000e+00
     30.952   3648.479    13.4201   4.484767     2.8870     0.5107  1.5960012  13.407943    13.4156    38.2951    28.8614     4.5587    197.880 0.0000e+00
     30.770   3649.479    13.4232   4.485243     2.8863     0.5055  1.5958995  13.403836    13.4188    38.2967    28.8620     4.5577    197.839 0.0000e+00
     30.395   3650.479    13.4356   4.486696     2.8861     0.5027  1.5959503  13.412050    13.4312    38.2983    28.8606     4.5573    197.822 0.0000e+00
     30.626   3651.479    13.4311   4.486054     2.8857     0.5062  1.5963065  13.416157    13.4267    38.2965    28.8602     4.5547    197.709 0.0000e+00
     31.067   3652.479    13.4234   4.485197     2.8844     0.5086  1.5965100  13.405890    13.4189    38.2959    28.8613     4.5516    197.573 0.0000e+00
     30.822   3653.479    13.4278   4.485793     2.8831     0.5227  1.5959503  13.408628    13.4233    38.2973    28.8615     4.5496    197.486 0.0000e+00
     30.472   3654.479    13.4357   4.486668     2.8825     0.5142  1.5958995  13.414103    13.4313    38.2979    28.8602     4.5507    197.534 0.0000e+00
     30.644   3655.479    13.4315   4.486141     2.8834     0.5123  1.5962047  13.416157    13.4271    38.2970    28.8604     4.5562    197.771 0.0000e+00
     30.941   3656.479    13.4267   4.485591     2.8845     0.5151  1.5966117  13.407943    13.4222    38.2964    28.8610     4.5577    197.836 0.0000e+00
     30.778   3657.479    13.4288   4.485879     2.8849     0.5198  1.5962556  13.412050    13.4244    38.2971    28.8611     4.5572    197.813 0.0000e+00
     30.599   3658.479    13.4331   4.486351     2.8850     0.5272  1.5962047  13.416841    13.4287    38.2974    28.8604     4.5553    197.734 0.0000e+00
     30.727   3659.479    13.4305   4.486006     2.8845     0.5327  1.5961538  13.414788    13.4261    38.2967    28.8604     4.5526    197.614 0.0000e+00
     30.828   3660.479    13.4292   4.485892     2.8835     0.5289  1.5963065  13.418210    13.4248    38.2968    28.8607     4.5515    197.570 0.0000e+00
     30.761   3661.479    13.4306   4.486081     2.8835     0.5195  1.5964082  13.416157    13.4262    38.2972    28.8608     4.5548    197.711 0.0000e+00
     30.782   3662.479    13.4317   4.486222     2.8841     0.5165  1.5966626  13.416841    13.4273    38.2974    28.8607     4.5517    197.578 0.0000e+00
     30.896   3663.479    13.4292   4.485927     2.8823     0.5054  1.5968152  13.416841    13.4248    38.2971    28.8610     4.5482    197.424 0.0000e+00
     30.818   3664.479    13.4302   4.486054     2.8823     0.5086  1.5968661  13.416841    13.4258    38.2973    28.8610     4.5507    197.532 0.0000e+00
     30.649   3665.479    13.4329   4.486378     2.8823     0.5133  1.5964082  13.416841    13.4285    38.2978    28.8607     4.5507    197.534 0.0000e+00
     30.739   3666.479    13.4322   4.486285     2.8825     0.5079  1.5966117  13.418210    13.4278    38.2976    28.8608     4.5533    197.644 0.0000e+00
     31.001   3667.479    13.4294   4.485956     2.8836     0.5208  1.5967644  13.414788    13.4250    38.2971    28.8610     4.5529    197.627 0.0000e+00
     30.936   3668.479    13.4283   4.485812     2.8817     0.5293  1.5969170  13.416841    13.4239    38.2969    28.8610     4.5435    197.219 0.0000e+00
     30.732   3669.479    13.4353   4.486723     2.8806     0.5240  1.5964082  13.417526    13.4309    38.2987    28.8610     4.5453    197.300 0.0000e+00
     30.828   3670.479    13.4335   4.486429     2.8802     0.5252  1.5968661  13.418210    13.4291    38.2976    28.8605     4.5464    197.348 0.0000e+00
     30.895   3671.479    13.4334   4.486495     2.8813     0.5209  1.5970696  13.420263    13.4289    38.2983    28.8611     4.5494    197.476 0.0000e+00
     30.886   3672.479    13.4350   4.486663     2.8802     0.5281  1.5971205  13.422317    13.4305    38.2983    28.8607     4.5414    197.129 0.0000e+00
     30.885   3673.479    13.4356   4.486741     2.8790     0.5187  1.5976292  13.423001    13.4311    38.2984    28.8607     4.5430    197.199 0.0000e+00
     30.852   3674.479    13.4394   4.487217     2.8799     0.5198  1.5979853  13.423001    13.4350    38.2992    28.8605     4.5477    197.402 0.0000e+00
     30.924   3675.479    13.4404   4.487304     2.8805     0.5182  1.5981380  13.430530    13.4359    38.2991    28.8602     4.5459    197.325 0.0000e+00
     31.036   3676.479    13.4378   4.487033     2.8798     0.5309  1.5982397  13.429846    13.4332    38.2990    28.8607     4.5414    197.129 0.0000e+00
     30.803   3677.479    13.4447   4.487965     2.8784     0.5417  1.5985450  13.427792    13.4403    38.3010    28.8608     4.5370    196.938 0.0000e+00
     30.731   3678.479    13.4490   4.488426     2.8774     0.5359  1.5982906  13.427108    13.4446    38.3012    28.8600     4.5382    196.991 0.0000e+00
     31.046   3679.479    13.4395   4.487258     2.8779     0.5221  1.5986467  13.424370    13.4350    38.2994    28.8607     4.5416    197.139 0.0000e+00
     30.889   3680.479    13.4439   4.487873     2.8776     0.5132  1.5986467  13.419579    13.4395    38.3009    28.8609     4.5391    197.030 0.0000e+00
     30.707   3681.479    13.4487   4.488408     2.8781     0.5113  1.5983923  13.430530    13.4443    38.3014    28.8602     4.5440    197.242 0.0000e+00
     31.053   3682.479    13.4384   4.487082     2.8800     0.5070  1.5986976  13.427108    13.4339    38.2988    28.8604     4.5487    197.446 0.0000e+00
     31.111   3683.479    13.4344   4.486639     2.8797     0.5154  1.5984432  13.423001    13.4299    38.2986    28.8611     4.5397    197.057 0.0000e+00
     30.706   3684.479    13.4457   4.488085     2.8775     0.5015  1.5983415  13.429161    13.4413    38.3013    28.8608     4.5387    197.011 0.0000e+00
     30.622   3685.479    13.4457   4.487991     2.8795     0.4969  1.5982906  13.429846    13.4413    38.3004    28.8601     4.5501    197.507 0.0000e+00
     30.934   3686.479    13.4322   4.486305     2.8812     0.4989  1.5984941  13.420948    13.4277    38.2977    28.8608     4.5524    197.606 0.0000e+00
     31.108   3687.479    13.4302   4.486041     2.8826     0.5097  1.5986467  13.418894    13.4257    38.2971    28.8608     4.5544    197.695 0.0000e+00
     30.936   3688.479    13.4308   4.486175     2.8823     0.5228  1.5982906  13.422317    13.4263    38.2979    28.8613     4.5477    197.402 0.0000e+00
     30.693   3689.479    13.4376   4.487004     2.8814     0.5217  1.5981888  13.427108    13.4332    38.2991    28.8607     4.5483    197.431 0.0000e+00
     30.746   3690.479    13.4366   4.486825     2.8823     0.5120  1.5983415  13.429161    13.4322    38.2983    28.8604     4.5531    197.636 0.0000e+00
     31.068   3691.479    13.4279   4.485772     2.8831     0.5123  1.5986976  13.420948    13.4234    38.2969    28.8611     4.5529    197.629 0.0000e+00
     31.042   3692.479    13.4279   4.485849     2.8825     0.5172  1.5983415  13.416841    13.4234    38.2976    28.8617     4.5483    197.431 0.0000e+00
     30.665   3693.479    13.4424   4.487702     2.8813     0.5035  1.5978836  13.419579    13.4380    38.3009    28.8612     4.5437    197.231 0.0000e+00
     30.726   3694.479    13.4405   4.487271     2.8800     0.5003  1.5980871  13.426423    13.4361    38.2987    28.8598     4.5406    197.093 0.0000e+00
     31.062   3695.479    13.4283   4.485860     2.8791     0.5176  1.5981380  13.420948    13.4238    38.2973    28.8614     4.5438    197.235 0.0000e+00
     30.984   3696.479    13.4350   4.486767     2.8793     0.5241  1.5983415  13.418894    13.4305    38.2993    28.8615     4.5439    197.238 0.0000e+00
     30.654   3697.479    13.4488   4.488441     2.8792     0.5196  1.5978836  13.420948    13.4444    38.3016    28.8603     4.5414    197.129 0.0000e+00
     30.665   3698.479    13.4461   4.488024     2.8786     0.5232  1.5980362  13.432584    13.4417    38.3003    28.8599     4.5385    197.003 0.0000e+00
     31.191   3699.479    13.4359   4.486817     2.8771     0.5191  1.5984432  13.426423    13.4314    38.2988    28.8609     4.5327    196.752 0.0000e+00
     31.144   3700.479    13.4429   4.487788     2.8746     0.5065  1.5985958  13.420948    13.4384    38.3010    28.8612     4.5288    196.584 0.0000e+00
     30.423   3701.479    13.4538   4.489074     2.8742     0.4989  1.5984941  13.434637    13.4494    38.3027    28.8601     4.5326    196.746 0.0000e+00
     30.402   3702.479    13.4485   4.488328     2.8750     0.5062  1.5990537  13.431899    13.4441    38.3009    28.8598     4.5353    196.866 0.0000e+00
     31.158   3703.479    13.4439   4.487857     2.8755     0.5059  1.5992064  13.423001    13.4395    38.3006    28.8606     4.5374    196.955 0.0000e+00
     31.087   3704.479    13.4470   4.488255     2.8763     0.5143  1.5984432  13.427108    13.4425    38.3014    28.8606     4.5378    196.971 0.0000e+00
     30.579   3705.479    13.4513   4.488745     2.8761     0.5217  1.5983923  13.434637    13.4469    38.3021    28.8602     4.5368    196.929 0.0000e+00
     30.549   3706.479    13.4492   4.488424     2.8771     0.5163  1.5986976  13.432584    13.4448    38.3011    28.8599     4.5411    197.116 0.0000e+00
     30.922   3707.479    13.4397   4.487283     2.8779     0.5166  1.5994098  13.429161    13.4353    38.2995    28.8606     4.5411    197.115 0.0000e+00
     30.960   3708.479    13.4402   4.487402     2.8773     0.5133  1.5990537  13.423001    13.4357    38.3001    28.8610     4.5372    196.948 0.0000e+00
     30.535   3709.479    13.4496   4.488548     2.8767     0.5093  1.5987485  13.433268    13.4452    38.3018    28.8603     4.5366    196.919 0.0000e+00
     30.574   3710.479    13.4459   4.487974     2.8772     0.5048  1.5991046  13.433268    13.4415    38.3001    28.8598     4.5405    197.091 0.0000e+00
     31.083   3711.479    13.4374   4.487019     2.8774     0.5107  1.5989011  13.428477    13.4329    38.2992    28.8609     4.5380    196.983 0.0000e+00
     30.687   3712.479    13.4455   4.488049     2.8763     0.5108  1.5987993  13.430530    13.4411    38.3011    28.8606     4.5344    196.825 0.0000e+00
     30.243   3713.479    13.4483   4.488323     2.8762     0.5093  1.5990537  13.433268    13.4439    38.3011    28.8600     4.5372    196.947 0.0000e+00
     30.807   3714.479    13.4408   4.487375     2.8769     0.5204  1.5992572  13.428477    13.4363    38.2994    28.8603     4.5386    197.009 0.0000e+00
     31.077   3715.479    13.4392   4.487275     2.8764     0.5299  1.5990028  13.420948    13.4347    38.2999    28.8610     4.5367    196.927 0.0000e+00
