Boussole/Data/SBEMOOSE/Work/cnv/bous233_03.cnv
* Sea-Bird SBE 9 Data File:
* FileName = C:\boussole\202108\bous233_03.hdr
* Software Version Seasave V 7.23.2
* Temperature SN = 1378
* Conductivity SN = 2929
* Number of Bytes Per Scan = 34
* Number of Voltage Words = 3
* Number of Scans Averaged by the Deck Unit = 1
* NMEA Latitude = 43 22.10 N
* NMEA Longitude = 007 53.72 E
* NMEA UTC (Time) = Aug 18 2021  10:31:27
* NMEA baud rate = 4800
** Campagne = BOUSSOLE 233
** Navire = Tethys II
** Station = BOUS233_03
** Date = 18/08/2021
** Heure debut [TU] = 10:31
** Heure fin [TU] = 10:51
** Heure locale / TU = +2
** Latitude = 43 22.087 N
** Longitude = 007 53.744 E
** Heure meteo [TU] = 10:26
** T air sec [deg C] = 24.6
** T mer [deg C] = 24.433
** Vent [noeuds, degres] = 8, 120
** Pression atm [hpa] = 1012.5
** Humidite [%] = 78.5
** Nebulosite [octas] = 1
** Etat de la mer [code S] = 3
# nquan = 14
# nvalues = 1248                        
# units = specified
# name 0 = prDM: Pressure, Digiquartz [db]
# name 1 = timeS: Time, Elapsed [seconds]
# name 2 = t090C: Temperature [ITS-90, deg C]
# name 3 = c0S/m: Conductivity [S/m]
# name 4 = sbeox0V: Oxygen raw, SBE 43 [V]
# name 5 = flC: Fluorescence, Chelsea Aqua 3 Chl Con [ug/l]
# name 6 = upoly0: Upoly 0, RINKOIII_DO
# name 7 = upoly1: Upoly 1, RINKOIII_Temp
# name 8 = potemp090C: Potential Temperature [ITS-90, deg C]
# name 9 = sal00: Salinity, Practical [PSU]
# name 10 = sigma-é00: Density [sigma-theta, kg/m^3]
# name 11 = sbeox0ML/L: Oxygen, SBE 43 [ml/l], WS = 2
# name 12 = sbox0Mm/Kg: Oxygen, SBE 43 [umol/kg], WS = 2
# name 13 = flag: flag
# span 0 =     -0.009,    301.212       
# span 1 =      0.479,   1247.375       
# span 2 =    13.6326,    24.5530       
# span 3 =   4.527205,   5.716472       
# span 4 =     2.4557,     4.0486       
# span 5 =    -0.0629,     1.3443       
# span 6 =  1.3093203,  2.3514449       
# span 7 =  13.617301,  24.508739       
# span 8 =    13.6204,    24.5528       
# span 9 =    38.2422,    38.6660       
# span 10 =    26.0793,    29.0763      
# span 11 =     3.7007,     6.5677      
# span 12 =    160.605,    285.202      
# span 13 = 0.0000e+00, 0.0000e+00      
# interval = seconds: 1                 
# start_time = Aug 18 2021 10:31:27 [NMEA time, header]
# bad_flag = -9.990e-29
*END*
[from data line 930]
     49.636    930.479    13.6526   4.527856     2.8673     0.8075  1.6657509  13.633030    13.6454    38.4643    28.9437     4.4466    193.000 0.0000e+00
     49.580    931.479    13.6522   4.527905     2.8696     0.7959  1.6665141  13.632346    13.6450    38.4652    28.9445     4.4480    193.059 0.0000e+00
     50.395    932.479    13.6519   4.527962     2.8679     0.8164  1.6659544  13.631662    13.6446    38.4657    28.9450     4.4365    192.560 0.0000e+00
     51.195    933.479    13.6513   4.527963     2.8657     0.7959  1.6657509  13.631662    13.6438    38.4660    28.9454     4.4353    192.507 0.0000e+00
     51.191    934.479    13.6521   4.527993     2.8656     0.7994  1.6656492  13.633030    13.6447    38.4654    28.9447     4.4421    192.806 0.0000e+00
     50.720    935.479    13.6521   4.527944     2.8663     0.8491  1.6657001  13.633030    13.6447    38.4651    28.9445     4.4441    192.888 0.0000e+00
     50.359    936.479    13.6521   4.527927     2.8685     0.8641  1.6657001  13.632346    13.6448    38.4652    28.9445     4.4543    193.333 0.0000e+00
     50.389    937.479    13.6521   4.527950     2.8710     0.8445  1.6661071  13.633713    13.6447    38.4654    28.9447     4.4535    193.299 0.0000e+00
     50.475    938.479    13.6518   4.527950     2.8709     0.8281  1.6662088  13.633030    13.6444    38.4656    28.9450     4.4455    192.951 0.0000e+00
     50.130    939.479    13.6522   4.527902     2.8685     0.8294  1.6661071  13.632346    13.6449    38.4649    28.9444     4.4389    192.663 0.0000e+00
     49.931    940.479    13.6520   4.527908     2.8680     0.8100  1.6658527  13.632346    13.6447    38.4653    28.9446     4.4478    193.050 0.0000e+00
     50.401    941.479    13.6514   4.527863     2.8703     0.8140  1.6657509  13.632346    13.6440    38.4652    28.9448     4.4535    193.299 0.0000e+00
     50.962    942.479    13.6513   4.527949     2.8704     0.7934  1.6654457  13.635081    13.6439    38.4659    28.9453     4.4429    192.837 0.0000e+00
     50.910    943.479    13.6521   4.527975     2.8670     0.8011  1.6653439  13.634397    13.6447    38.4654    28.9447     4.4351    192.501 0.0000e+00
     50.745    944.479    13.6518   4.527961     2.8665     0.8468  1.6655983  13.633030    13.6444    38.4656    28.9450     4.4448    192.921 0.0000e+00
     50.790    945.479    13.6520   4.527973     2.8686     0.8105  1.6658018  13.633713    13.6446    38.4655    28.9449     4.4454    192.948 0.0000e+00
     50.474    946.479    13.6524   4.527939     2.8668     0.7862  1.6660053  13.633713    13.6450    38.4650    28.9443     4.4427    192.827 0.0000e+00
     49.932    947.479    13.6523   4.527878     2.8698     0.7802  1.6659036  13.631662    13.6450    38.4647    28.9441     4.4570    193.451 0.0000e+00
     49.938    948.479    13.6522   4.527906     2.8720     0.7813  1.6658018  13.632346    13.6449    38.4650    28.9444     4.4602    193.591 0.0000e+00
     50.467    949.479    13.6516   4.527931     2.8747     0.8059  1.6662088  13.632346    13.6442    38.4657    28.9451     4.4627    193.698 0.0000e+00
     50.724    950.479    13.6518   4.527958     2.8761     0.8145  1.6660562  13.633713    13.6444    38.4656    28.9449     4.4681    193.930 0.0000e+00
     50.732    951.479    13.6518   4.527963     2.8786     0.7924  1.6659036  13.634397    13.6444    38.4656    28.9449     4.4673    193.896 0.0000e+00
     50.988    952.479    13.6517   4.527978     2.8767     0.8019  1.6657509  13.635081    13.6442    38.4658    28.9452     4.4497    193.134 0.0000e+00
     50.956    953.479    13.6522   4.527976     2.8719     0.7785  1.6660562  13.632346    13.6448    38.4652    28.9446     4.4401    192.718 0.0000e+00
     50.365    954.479    13.6526   4.527941     2.8700     0.7673  1.6655474  13.632346    13.6452    38.4648    28.9442     4.4453    192.941 0.0000e+00
     49.956    955.479    13.6523   4.527898     2.8698     0.7993  1.6657509  13.633030    13.6450    38.4649    28.9442     4.4490    193.102 0.0000e+00
     50.097    956.479    13.6521   4.527935     2.8712     0.8340  1.6655983  13.632346    13.6448    38.4653    28.9446     4.4557    193.394 0.0000e+00
     50.480    957.479    13.6518   4.527943     2.8721     0.8532  1.6659036  13.631662    13.6444    38.4656    28.9449     4.4508    193.180 0.0000e+00
     50.709    958.479    13.6515   4.527929     2.8714     0.8497  1.6657509  13.631662    13.6441    38.4657    28.9451     4.4510    193.189 0.0000e+00
     50.797    959.479    13.6514   4.527944     2.8719     0.8122  1.6653439  13.633030    13.6440    38.4658    28.9452     4.4530    193.278 0.0000e+00
     50.795    960.479    13.6512   4.527907     2.8715     0.8508  1.6654457  13.635765    13.6438    38.4657    28.9451     4.4485    193.082 0.0000e+00
     50.472    961.479    13.6521   4.527947     2.8706     0.8871  1.6655474  13.633030    13.6448    38.4653    28.9446     4.4441    192.890 0.0000e+00
     49.804    962.479    13.6525   4.527884     2.8681     0.8702  1.6658018  13.633030    13.6453    38.4646    28.9440     4.4377    192.614 0.0000e+00
     49.062    963.479    13.6533   4.527812     2.8675     0.8624  1.6664123  13.633713    13.6461    38.4635    28.9429     4.4430    192.844 0.0000e+00
     48.235    964.479    13.6533   4.527673     2.8682     0.8608  1.6669720  13.631662    13.6463    38.4625    28.9421     4.4436    192.871 0.0000e+00
     47.646    965.479    13.6523   4.527483     2.8678     0.8641  1.6669720  13.633030    13.6454    38.4620    28.9419     4.4414    192.775 0.0000e+00
     46.750    966.479    13.6517   4.527281     2.8681     0.8322  1.6671755  13.632346    13.6449    38.4610    28.9413     4.4442    192.895 0.0000e+00
     45.879    967.479    13.6525   4.527205     2.8689     0.7936  1.6668193  13.631662    13.6458    38.4599    28.9402     4.4482    193.071 0.0000e+00
     45.374    968.479    13.6523   4.527224     2.8713     0.7851  1.6670737  13.632346    13.6457    38.4605    28.9407     4.4581    193.500 0.0000e+00
     44.816    969.479    13.6526   4.527303     2.8751     0.8103  1.6667685  13.635765    13.6461    38.4612    28.9412     4.4717    194.087 0.0000e+00
     43.772    970.479    13.6569   4.527516     2.8808     0.8326  1.6666667  13.637132    13.6506    38.4594    28.9388     4.4791    194.410 0.0000e+00
     43.016    971.479    13.6623   4.527976     2.8831     0.8430  1.6653948  13.643286    13.6560    38.4587    28.9371     4.4763    194.288 0.0000e+00
     42.861    972.479    13.6650   4.528234     2.8857     0.8501  1.6647843  13.646022    13.6587    38.4585    28.9364     4.4859    194.704 0.0000e+00
     42.288    973.479    13.6634   4.528047     2.8907     0.8758  1.6639194  13.646022    13.6572    38.4586    28.9368     4.5154    195.986 0.0000e+00
     41.012    974.479    13.6746   4.529012     2.9047     0.9047  1.6622914  13.652860    13.6686    38.4571    28.9332     4.5447    197.261 0.0000e+00
     39.965    975.479    13.6953   4.531000     2.9087     0.9736  1.6593916  13.669954    13.6894    38.4557    28.9276     4.5128    195.874 0.0000e+00
     39.681    976.479    13.6826   4.529785     2.9050     1.0154  1.6555759  13.663800    13.6768    38.4570    28.9313     4.4959    195.140 0.0000e+00
     40.196    977.479    13.6815   4.529654     2.9006     1.0134  1.6554742  13.659697    13.6756    38.4566    28.9313     4.4947    195.090 0.0000e+00
     40.693    978.479    13.6738   4.528944     2.9020     1.0396  1.6566443  13.661749    13.6679    38.4574    28.9336     4.5154    195.988 0.0000e+00
     40.698    979.479    13.6760   4.529155     2.9060     1.1280  1.6563899  13.663800    13.6701    38.4572    28.9329     4.5249    196.402 0.0000e+00
     40.348    980.479    13.6862   4.530117     2.9091     1.1803  1.6549146  13.665851    13.6803    38.4562    28.9300     4.5274    196.506 0.0000e+00
     40.152    981.479    13.6884   4.530277     2.9126     1.1980  1.6525234  13.665168    13.6825    38.4557    28.9291     4.5377    196.955 0.0000e+00
     40.248    982.479    13.6854   4.530069     2.9170     1.2177  1.6512516  13.675423    13.6795    38.4566    28.9305     4.5513    197.548 0.0000e+00
     40.083    983.479    13.6930   4.530767     2.9236     1.2304  1.6496744  13.680209    13.6872    38.4557    28.9281     4.5677    198.258 0.0000e+00
     39.783    984.479    13.6952   4.530963     2.9296     1.2202  1.6469271  13.680893    13.6894    38.4555    28.9275     4.5725    198.466 0.0000e+00
     39.881    985.479    13.6987   4.531307     2.9328     1.2222  1.6447904  13.682944    13.6929    38.4552    28.9265     4.5736    198.513 0.0000e+00
     40.361    986.479    13.6964   4.531118     2.9357     1.1906  1.6433150  13.682944    13.6905    38.4556    28.9273     4.5790    198.749 0.0000e+00
     40.634    987.479    13.7027   4.531703     2.9384     1.1978  1.6423484  13.683628    13.6968    38.4546    28.9253     4.5841    198.970 0.0000e+00
     40.517    988.479    13.7029   4.531685     2.9410     1.2168  1.6420431  13.685679    13.6970    38.4543    28.9249     4.5879    199.135 0.0000e+00
     40.460    989.479    13.7047   4.531812     2.9429     1.2245  1.6411782  13.683628    13.6988    38.4537    28.9241     4.5856    199.035 0.0000e+00
     40.372    990.479    13.7037   4.531752     2.9421     1.2274  1.6409238  13.686362    13.6978    38.4542    28.9247     4.5803    198.804 0.0000e+00
     40.215    991.479    13.7039   4.531785     2.9423     1.2245  1.6405677  13.684311    13.6980    38.4544    28.9248     4.5856    199.034 0.0000e+00
     40.273    992.479    13.7050   4.531911     2.9436     1.2279  1.6406695  13.683628    13.6991    38.4544    28.9246     4.5877    199.125 0.0000e+00
     40.235    993.479    13.7051   4.531917     2.9439     1.2218  1.6408730  13.683628    13.6992    38.4544    28.9245     4.5887    199.168 0.0000e+00
     39.939    994.479    13.7046   4.531807     2.9455     1.2256  1.6406186  13.686362    13.6988    38.4540    28.9243     4.5972    199.541 0.0000e+00
     39.936    995.479    13.7053   4.531881     2.9493     1.2189  1.6404660  13.684995    13.6995    38.4540    28.9242     4.6085    200.029 0.0000e+00
     40.460    996.479    13.7048   4.531914     2.9523     1.2161  1.6406186  13.682944    13.6989    38.4546    28.9248     4.6071    199.971 0.0000e+00
     40.779    997.479    13.7059   4.532044     2.9521     1.2213  1.6406186  13.686362    13.6999    38.4546    28.9246     4.5974    199.549 0.0000e+00
     40.563    998.479    13.7053   4.531921     2.9503     1.2134  1.6404151  13.684311    13.6993    38.4541    28.9243     4.5990    199.618 0.0000e+00
     40.412    999.479    13.7061   4.532003     2.9518     1.2234  1.6398046  13.686362    13.7002    38.4541    28.9241     4.6018    199.737 0.0000e+00
     40.331   1000.479    13.7062   4.532003     2.9505     1.2240  1.6398046  13.689097    13.7003    38.4541    28.9241     4.5942    199.407 0.0000e+00
     40.275   1001.479    13.7063   4.532032     2.9489     1.2299  1.6399063  13.686362    13.7004    38.4543    28.9242     4.5903    199.239 0.0000e+00
     40.384   1002.479    13.7065   4.532125     2.9480     1.2250  1.6396520  13.685679    13.7006    38.4549    28.9246     4.5895    199.207 0.0000e+00
     40.302   1003.479    13.7064   4.532072     2.9454     1.2097  1.6397537  13.687046    13.7005    38.4546    28.9244     4.5821    198.885 0.0000e+00
     40.036   1004.479    13.7061   4.531978     2.9455     1.2073  1.6394485  13.690464    13.7002    38.4541    28.9241     4.5939    199.394 0.0000e+00
     40.160   1005.479    13.7065   4.532054     2.9473     1.2141  1.6394485  13.691148    13.7006    38.4544    28.9242     4.5957    199.475 0.0000e+00
     40.578   1006.479    13.7065   4.532123     2.9482     1.2315  1.6393976  13.687730    13.7006    38.4548    28.9246     4.5977    199.562 0.0000e+00
     40.626   1007.479    13.7066   4.532091     2.9491     1.2342  1.6392959  13.688413    13.7006    38.4544    28.9243     4.5970    199.530 0.0000e+00
     40.329   1008.479    13.7063   4.532027     2.9492     1.2270  1.6394485  13.684995    13.7004    38.4542    28.9241     4.6011    199.710 0.0000e+00
     40.272   1009.479    13.7063   4.532016     2.9518     1.2179  1.6399572  13.686362    13.7004    38.4541    28.9241     4.6067    199.952 0.0000e+00
     40.462   1010.479    13.7064   4.532068     2.9522     1.2218  1.6394485  13.688413    13.7005    38.4545    28.9243     4.6013    199.717 0.0000e+00
     40.694   1011.479    13.7065   4.532113     2.9513     1.2259  1.6398046  13.689097    13.7005    38.4547    28.9245     4.5976    199.555 0.0000e+00
     40.721   1012.479    13.7062   4.532068     2.9508     1.2302  1.6392959  13.689097    13.7003    38.4545    28.9244     4.5965    199.509 0.0000e+00
     40.251   1013.479    13.7061   4.531962     2.9495     1.2206  1.6396011  13.685679    13.7002    38.4539    28.9239     4.5982    199.581 0.0000e+00
     39.616   1014.479    13.7061   4.531940     2.9517     1.2170  1.6394485  13.683628    13.7003    38.4539    28.9239     4.6069    199.958 0.0000e+00
     39.661   1015.479    13.7060   4.531952     2.9529     1.2220  1.6394485  13.687730    13.7002    38.4541    28.9241     4.6030    199.791 0.0000e+00
     40.489   1016.479    13.7061   4.532029     2.9517     1.2279  1.6398555  13.684311    13.7002    38.4543    28.9243     4.5977    199.562 0.0000e+00
     40.876   1017.479    13.7066   4.532088     2.9509     1.2497  1.6399572  13.686362    13.7005    38.4543    28.9242     4.5968    199.521 0.0000e+00
     40.622   1018.479    13.7065   4.532051     2.9502     1.2557  1.6397537  13.686362    13.7006    38.4541    28.9240     4.6009    199.701 0.0000e+00
     40.725   1019.479    13.7065   4.532070     2.9523     1.2565  1.6397028  13.688413    13.7005    38.4542    28.9242     4.6088    200.043 0.0000e+00
     40.886   1020.479    13.7069   4.532117     2.9537     1.2447  1.6397028  13.689097    13.7009    38.4542    28.9240     4.6097    200.083 0.0000e+00
     40.214   1021.479    13.7070   4.532045     2.9549     1.2222  1.6391432  13.689781    13.7011    38.4537    28.9236     4.6092    200.060 0.0000e+00
     39.550   1022.479    13.7072   4.532026     2.9547     1.2186  1.6390415  13.689781    13.7014    38.4536    28.9235     4.6029    199.787 0.0000e+00
     39.728   1023.479    13.7070   4.532043     2.9529     1.2339  1.6390415  13.687730    13.7012    38.4539    28.9237     4.5986    199.601 0.0000e+00
     40.139   1024.479    13.7068   4.532048     2.9519     1.2433  1.6391432  13.688413    13.7009    38.4539    28.9238     4.6006    199.685 0.0000e+00
     40.206   1025.479    13.7069   4.532100     2.9531     1.2455  1.6390415  13.689097    13.7010    38.4543    28.9241     4.6108    200.131 0.0000e+00
     40.656   1026.479    13.7069   4.532118     2.9551     1.2254  1.6395502  13.688413    13.7009    38.4544    28.9242     4.6084    200.026 0.0000e+00
     41.305   1027.479    13.7068   4.532154     2.9534     1.2218  1.6397028  13.691148    13.7008    38.4544    28.9242     4.5996    199.643 0.0000e+00
     40.897   1028.479    13.7075   4.532162     2.9522     1.2355  1.6394994  13.691148    13.7015    38.4541    28.9238     4.6011    199.709 0.0000e+00
     40.127   1029.479    13.7077   4.532131     2.9524     1.2366  1.6390924  13.689781    13.7019    38.4538    28.9235     4.6011    199.708 0.0000e+00
     40.006   1030.479    13.7076   4.532117     2.9514     1.2398  1.6385836  13.691148    13.7017    38.4539    28.9236     4.5995    199.642 0.0000e+00
     39.857   1031.479    13.7076   4.532104     2.9521     1.2433  1.6379731  13.690464    13.7018    38.4539    28.9236     4.6032    199.800 0.0000e+00
