Boussole/Data/SBEMOOSE/Work/cnv/bous228_02.cnv
* Sea-Bird SBE 9 Data File:
* FileName = C:\boussole\202103\bous228_02.hdr
* Software Version Seasave V 7.23.2
* Temperature SN = 2473
* Conductivity SN = 2929
* Number of Bytes Per Scan = 37
* Number of Voltage Words = 4
* Number of Scans Averaged by the Deck Unit = 1
* NMEA Latitude = 43 22.28 N
* NMEA Longitude = 007 53.58 E
* NMEA UTC (Time) = Mar 03 2021  11:41:04
* NMEA baud rate = 4800
** Navire
** Station:
** Date
** Heure debut [TU]
** Heure fin [TU]
** Heure locale / TU = +0
** Latitude
** Longitude
** Heure meteo [TU]
** T air sec [deg C]
** T mer [deg C]
** Vent [noeuds, degres]
# nquan = 14
# nvalues = 1999                        
# units = specified
# name 0 = prDM: Pressure, Digiquartz [db]
# name 1 = timeS: Time, Elapsed [seconds]
# name 2 = t090C: Temperature [ITS-90, deg C]
# name 3 = c0S/m: Conductivity [S/m]
# name 4 = sbeox0V: Oxygen raw, SBE 43 [V]
# name 5 = flC: Fluorescence, Chelsea Aqua 3 Chl Con [ug/l]
# name 6 = upoly0: Upoly 0, RINKOIII_DO
# name 7 = upoly1: Upoly 1, RINKOIII_Temp
# name 8 = potemp090C: Potential Temperature [ITS-90, deg C]
# name 9 = sal00: Salinity, Practical [PSU]
# name 10 = sigma-é00: Density [sigma-theta, kg/m^3]
# name 11 = sbeox0ML/L: Oxygen, SBE 43 [ml/l], WS = 2
# name 12 = sbox0Mm/Kg: Oxygen, SBE 43 [umol/kg], WS = 2
# name 13 = flag: flag
# span 0 =      0.237,    406.151       
# span 1 =      0.479,   1998.188       
# span 2 =    13.3983,    13.8038       
# span 3 =   0.869973,   4.571743       
# span 4 =     2.1392,     3.0324       
# span 5 =    -0.2893,     2.4742       
# span 6 =  1.5174501,  1.8386243       
# span 7 =  13.384669,  13.767707       
# span 8 =    13.3944,    13.8036       
# span 9 =     6.3617,    38.6555       
# span 10 =     4.2172,    29.0900      
# span 11 =     3.1411,     4.8479      
# span 12 =    136.318,    210.419      
# span 13 = 0.0000e+00, 0.0000e+00      
# interval = seconds: 1                 
# start_time = Mar 03 2021 11:41:04 [NMEA time, header]
# bad_flag = -9.990e-29
*END*
[from data line 1859]
     19.905   1859.479    13.4159   4.495659     3.0069     2.3677  1.5230464  13.401098    13.4130    38.4089    28.9502     4.8072    208.648 0.0000e+00
     19.805   1860.479    13.4170   4.495682     3.0098     2.3819  1.5232499  13.401098    13.4141    38.4081    28.9493     4.8136    208.927 0.0000e+00
     19.692   1861.479    13.4179   4.495729     3.0121     2.2716  1.5233516  13.401783    13.4151    38.4076    28.9488     4.8145    208.968 0.0000e+00
     19.258   1862.479    13.4177   4.495654     3.0128     2.2741  1.5229446  13.401783    13.4149    38.4073    28.9486     4.8137    208.930 0.0000e+00
     18.704   1863.479    13.4186   4.495652     3.0142     2.3885  1.5232499  13.401098    13.4159    38.4066    28.9478     4.8172    209.082 0.0000e+00
     18.368   1864.479    13.4187   4.495747     3.0146     2.3602  1.5229446  13.401783    13.4160    38.4077    28.9486     4.8148    208.981 0.0000e+00
     17.800   1865.479    13.4197   4.495531     3.0150     2.3082  1.5231990  13.401098    13.4171    38.4048    28.9462     4.8172    209.084 0.0000e+00
     17.009   1866.479    13.4189   4.494862     3.0163     2.3313  1.5229446  13.401783    13.4164    38.3996    28.9422     4.8220    209.294 0.0000e+00
     16.516   1867.479    13.4188   4.495126     3.0185     2.2984  1.5227411  13.401098    13.4164    38.4025    28.9445     4.8314    209.700 0.0000e+00
     16.006   1868.479    13.4178   4.494662     3.0225     2.2672  1.5219780  13.401783    13.4155    38.3992    28.9421     4.8421    210.167 0.0000e+00
     15.356   1869.479    13.4152   4.493741     3.0266     2.2252  1.5218254  13.401783    13.4130    38.3933    28.9381     4.8479    210.419 0.0000e+00
     14.731   1870.479    13.4168   4.493713     3.0290     2.2501  1.5209096  13.401783    13.4146    38.3918    28.9365     4.8477    210.408 0.0000e+00
     14.099   1871.479    13.4187   4.493888     3.0300     2.2665  1.5204009  13.401783    13.4166    38.3918    28.9361     4.8448    210.285 0.0000e+00
     13.568   1872.479    13.4196   4.493830     3.0302     2.2768  1.5201974  13.401783    13.4177    38.3905    28.9350     4.8448    210.283 0.0000e+00
     13.172   1873.479    13.4191   4.493905     3.0301     2.2908  1.5196378  13.400414    13.4172    38.3919    28.9361     4.8418    210.155 0.0000e+00
     12.664   1874.479    13.4238   4.494117     3.0303     2.1883  1.5188238  13.402467    13.4220    38.3894    28.9332     4.8477    210.409 0.0000e+00
     12.338   1875.479    13.4261   4.494205     3.0321     2.0792  1.5185694  13.402467    13.4243    38.3881    28.9317     4.8473    210.392 0.0000e+00
     12.029   1876.479    13.4258   4.494093     3.0313     2.1292  1.5183659  13.402467    13.4241    38.3875    28.9312     4.8437    210.239 0.0000e+00
     11.427   1877.479    13.4278   4.493906     3.0317     2.1340  1.5178063  13.403836    13.4262    38.3840    28.9281     4.8462    210.348 0.0000e+00
     10.965   1878.479    13.4274   4.493884     3.0320     2.0547  1.5177045  13.404521    13.4258    38.3843    28.9284     4.8463    210.350 0.0000e+00
     10.747   1879.479    13.4275   4.493839     3.0322     2.0162  1.5176536  13.403152    13.4259    38.3839    28.9281     4.8463    210.351 0.0000e+00
     10.479   1880.479    13.4264   4.493840     3.0324     2.1234  1.5175010  13.402467    13.4249    38.3852    28.9293     4.8433    210.222 0.0000e+00
     10.327   1881.479    13.4256   4.493788     3.0307     2.0837  1.5177045  13.403152    13.4241    38.3855    28.9297     4.8355    209.883 0.0000e+00
     10.322   1882.479    13.4272   4.493687     3.0279     2.0724  1.5178063  13.403836    13.4257    38.3830    28.9274     4.8278    209.547 0.0000e+00
     10.163   1883.479    13.4261   4.493672     3.0255     2.0533  1.5177554  13.403836    13.4246    38.3841    28.9285     4.8301    209.647 0.0000e+00
     10.060   1884.479    13.4265   4.493274     3.0270     1.9385  1.5174501  13.406574    13.4250    38.3799    28.9251     4.8373    209.960 0.0000e+00
     10.203   1885.479    13.4269   4.493466     3.0266     1.9214  1.5178571  13.404521    13.4254    38.3812    28.9261     4.8327    209.761 0.0000e+00
     10.348   1886.479    13.4271   4.493426     3.0265     1.9507  1.5179080  13.405205    13.4256    38.3806    28.9256     4.8341    209.821 0.0000e+00
     10.220   1887.479    13.4264   4.493515     3.0268     1.9609  1.5178063  13.403836    13.4249    38.3822    28.9270     4.8340    209.816 0.0000e+00
     10.175   1888.479    13.4264   4.493435     3.0263     2.0173  1.5181115  13.412050    13.4249    38.3814    28.9264     4.8317    209.716 0.0000e+00
     10.241   1889.479    13.4264   4.493443     3.0256     2.0040  1.5180606  13.407943    13.4249    38.3814    28.9264     4.8325    209.752 0.0000e+00
     10.224   1890.479    13.4266   4.493313     3.0272     2.0567  1.5181624  13.406574    13.4251    38.3800    28.9252     4.8382    210.001 0.0000e+00
     10.202   1891.479    13.4265   4.493251     3.0269     2.1006  1.5177554  13.412050    13.4250    38.3795    28.9249     4.8337    209.804 0.0000e+00
     10.218   1892.479    13.4266   4.493265     3.0272     2.0796  1.5179080  13.406574    13.4251    38.3796    28.9249     4.8373    209.958 0.0000e+00
     10.281   1893.479    13.4265   4.493256     3.0280     2.0565  1.5180606  13.412734    13.4250    38.3796    28.9249     4.8374    209.964 0.0000e+00
     10.263   1894.479    13.4268   4.493252     3.0275     2.0333  1.5179589  13.407259    13.4253    38.3793    28.9246     4.8347    209.849 0.0000e+00
     10.167   1895.479    13.4267   4.493276     3.0274     1.9416  1.5182133  13.415472    13.4252    38.3796    28.9249     4.8358    209.896 0.0000e+00
     10.235   1896.479    13.4267   4.493284     3.0279     1.8814  1.5183659  13.412734    13.4252    38.3796    28.9249     4.8391    210.039 0.0000e+00
     10.347   1897.479    13.4268   4.493296     3.0286     1.9072  1.5183150  13.407259    13.4253    38.3796    28.9249     4.8359    209.898 0.0000e+00
     10.128   1898.479    13.4270   4.493241     3.0263     1.8807  1.5182641  13.412050    13.4255    38.3790    28.9244     4.8273    209.524 0.0000e+00
     10.014   1899.479    13.4272   4.493120     3.0257     1.9875  1.5184676  13.408628    13.4258    38.3776    28.9232     4.8334    209.792 0.0000e+00
     10.376   1900.479    13.4273   4.493366     3.0267     1.9627  1.5188238  13.405205    13.4258    38.3797    28.9249     4.8364    209.922 0.0000e+00
     10.497   1901.479    13.4275   4.493424     3.0270     1.9141  1.5186711  13.409996    13.4260    38.3800    28.9251     4.8315    209.710 0.0000e+00
     10.087   1902.479    13.4272   4.493146     3.0243     1.8351  1.5183659  13.409996    13.4258    38.3779    28.9234     4.8209    209.248 0.0000e+00
      9.943   1903.479    13.4273   4.493119     3.0225     1.8053  1.5184676  13.408628    13.4259    38.3776    28.9232     4.8243    209.396 0.0000e+00
     10.295   1904.479    13.4276   4.493385     3.0233     1.8534  1.5185185  13.403836    13.4261    38.3797    28.9248     4.8290    209.602 0.0000e+00
     10.447   1905.479    13.4278   4.493421     3.0233     1.9039  1.5186711  13.408628    13.4263    38.3798    28.9248     4.8286    209.584 0.0000e+00
     10.239   1906.479    13.4274   4.493255     3.0248     1.8807  1.5181624  13.406574    13.4259    38.3787    28.9240     4.8353    209.876 0.0000e+00
     10.022   1907.479    13.4273   4.493252     3.0263     1.8458  1.5182641  13.407259    13.4258    38.3789    28.9242     4.8366    209.932 0.0000e+00
     10.103   1908.479    13.4274   4.493289     3.0269     1.8807  1.5185185  13.406574    13.4260    38.3790    28.9243     4.8347    209.850 0.0000e+00
     10.459   1909.479    13.4278   4.493413     3.0269     1.8600  1.5186711  13.406574    13.4263    38.3797    28.9248     4.8382    210.001 0.0000e+00
     10.453   1910.479    13.4277   4.493389     3.0291     1.8316  1.5184676  13.406574    13.4262    38.3796    28.9247     4.8416    210.147 0.0000e+00
     10.018   1911.479    13.4275   4.493222     3.0277     1.8210  1.5182133  13.405890    13.4261    38.3783    28.9238     4.8307    209.673 0.0000e+00
      9.902   1912.479    13.4276   4.493230     3.0268     1.8226  1.5184676  13.407943    13.4262    38.3784    28.9238     4.8355    209.883 0.0000e+00
     10.217   1913.479    13.4276   4.493339     3.0281     1.8822  1.5179589  13.406574    13.4261    38.3793    28.9245     4.8403    210.092 0.0000e+00
     10.484   1914.479    13.4281   4.493463     3.0289     1.8473  1.5185694  13.408628    13.4266    38.3799    28.9248     4.8388    210.024 0.0000e+00
     10.399   1915.479    13.4279   4.493391     3.0284     1.8577  1.5183659  13.409312    13.4264    38.3794    28.9245     4.8370    209.947 0.0000e+00
     10.090   1916.479    13.4277   4.493311     3.0283     2.0165  1.5185185  13.409996    13.4262    38.3790    28.9242     4.8337    209.806 0.0000e+00
     10.045   1917.479    13.4277   4.493330     3.0261     2.0935  1.5183150  13.410681    13.4262    38.3792    28.9244     4.8277    209.545 0.0000e+00
     10.245   1918.479    13.4277   4.493360     3.0255     1.9789  1.5183150  13.408628    13.4262    38.3794    28.9245     4.8326    209.757 0.0000e+00
     10.186   1919.479    13.4278   4.493358     3.0267     1.9589  1.5183150  13.406574    13.4263    38.3793    28.9244     4.8379    209.987 0.0000e+00
      9.961   1920.479    13.4279   4.493369     3.0274     1.9627  1.5186711  13.411365    13.4265    38.3794    28.9245     4.8335    209.798 0.0000e+00
      9.727   1921.479    13.4279   4.493294     3.0260     1.8725  1.5184676  13.412734    13.4265    38.3788    28.9240     4.8286    209.582 0.0000e+00
      9.434   1922.479    13.4281   4.493196     3.0255     1.8505  1.5184676  13.408628    13.4267    38.3777    28.9231     4.8320    209.733 0.0000e+00
      9.231   1923.479    13.4284   4.493186     3.0262     1.7960  1.5184168  13.409996    13.4271    38.3774    28.9228     4.8359    209.901 0.0000e+00
      9.095   1924.479    13.4284   4.493213     3.0277     1.7837  1.5184168  13.412050    13.4271    38.3778    28.9231     4.8386    210.018 0.0000e+00
      8.710   1925.479    13.4317   4.493444     3.0282     1.7622  1.5184676  13.414788    13.4305    38.3768    28.9216     4.8357    209.891 0.0000e+00
      8.245   1926.479    13.4342   4.493638     3.0275     1.7664  1.5184676  13.416841    13.4330    38.3764    28.9208     4.8283    209.569 0.0000e+00
      7.874   1927.479    13.4347   4.493628     3.0251     1.8342  1.5187729  13.416841    13.4336    38.3760    28.9203     4.8239    209.380 0.0000e+00
      7.599   1928.479    13.4329   4.493423     3.0246     1.6988  1.5186711  13.416841    13.4318    38.3760    28.9207     4.8303    209.657 0.0000e+00
      7.519   1929.479    13.4357   4.493722     3.0264     1.8205  1.5185694  13.416157    13.4346    38.3760    28.9201     4.8361    209.909 0.0000e+00
      7.090   1930.479    13.4366   4.493741     3.0274     1.7908  1.5185185  13.416841    13.4355    38.3755    28.9196     4.8317    209.720 0.0000e+00
      6.427   1931.479    13.4408   4.494048     3.0260     1.6488  1.5190273  13.418210    13.4399    38.3745    28.9178     4.8250    209.426 0.0000e+00
      6.250   1932.479    13.4399   4.493919     3.0251     1.5904  1.5190781  13.418894    13.4390    38.3742    28.9178     4.8255    209.450 0.0000e+00
      6.132   1933.479    13.4377   4.493746     3.0247     1.5570  1.5192816  13.418210    13.4368    38.3749    28.9188     4.8251    209.431 0.0000e+00
      5.602   1934.479    13.4385   4.493829     3.0243     1.4890  1.5193834  13.418210    13.4377    38.3751    28.9187     4.8259    209.465 0.0000e+00
      5.083   1935.479    13.4431   4.494120     3.0251     1.4050  1.5191799  13.423001    13.4424    38.3735    28.9165     4.8268    209.507 0.0000e+00
      4.971   1936.479    13.4410   4.493950     3.0240     1.3850  1.5195869  13.425055    13.4403    38.3740    28.9174     4.8184    209.144 0.0000e+00
      5.118   1937.479    13.4376   4.493659     3.0228     1.4215  1.5197395  13.418894    13.4369    38.3746    28.9186     4.8249    209.423 0.0000e+00
      4.836   1938.479    13.4376   4.493691     3.0250     1.4117  1.5195360  13.423001    13.4369    38.3750    28.9189     4.8307    209.676 0.0000e+00
      4.738   1939.479    13.4385   4.493745     3.0254     1.3549  1.5196886  13.433268    13.4378    38.3747    28.9184     4.8301    209.649 0.0000e+00
      5.058   1940.479    13.4362   4.493570     3.0270     1.5056  1.5196886  13.429161    13.4355    38.3752    28.9193     4.8324    209.751 0.0000e+00
      5.078   1941.479    13.4364   4.493614     3.0262     1.5179  1.5196886  13.426424    13.4357    38.3754    28.9194     4.8250    209.430 0.0000e+00
      4.871   1942.479    13.4377   4.493704     3.0248     1.4205  1.5196378  13.436006    13.4370    38.3751    28.9189     4.8241    209.390 0.0000e+00
      4.875   1943.479    13.4398   4.493800     3.0248     1.3449  1.5194851  13.447640    13.4391    38.3738    28.9175     4.8252    209.436 0.0000e+00
      4.916   1944.479    13.4381   4.493745     3.0245     1.3724  1.5201465  13.446956    13.4374    38.3750    28.9187     4.8254    209.446 0.0000e+00
      5.024   1945.479    13.4381   4.493734     3.0250     1.3229  1.5204518  13.451062    13.4374    38.3749    28.9187     4.8286    209.582 0.0000e+00
      5.106   1946.479    13.4378   4.493718     3.0252     1.2247  1.5205535  13.444218    13.4371    38.3750    28.9188     4.8224    209.315 0.0000e+00
      4.915   1947.479    13.4441   4.494270     3.0225     1.1994  1.5205535  13.451062    13.4434    38.3740    28.9167     4.8159    209.033 0.0000e+00
      4.841   1948.479    13.4590   4.495530     3.0223     1.2100  1.5209096  13.456537    13.4583    38.3711    28.9113     4.8193    209.183 0.0000e+00
      4.988   1949.479    13.4494   4.494708     3.0227     1.1759  1.5209096  13.461327    13.4487    38.3728    28.9146     4.8228    209.334 0.0000e+00
      5.117   1950.479    13.4472   4.494507     3.0235     1.1731  1.5208588  13.464749    13.4465    38.3731    28.9153     4.8213    209.268 0.0000e+00
      5.047   1951.479    13.4475   4.494584     3.0219     1.1827  1.5211640  13.465433    13.4468    38.3735    28.9156     4.8140    208.951 0.0000e+00
      4.833   1952.479    13.4571   4.495503     3.0205     1.2036  1.5211640  13.466802    13.4565    38.3727    28.9129     4.8140    208.951 0.0000e+00
      4.865   1953.479    13.4680   4.496369     3.0214     1.2242  1.5210622  13.465433    13.4673    38.3700    28.9086     4.8203    209.228 0.0000e+00
      5.027   1954.479    13.4611   4.495788     3.0226     1.2202  1.5214693  13.457221    13.4604    38.3713    28.9111     4.8180    209.126 0.0000e+00
      5.033   1955.479    13.4622   4.495945     3.0203     1.2337  1.5214184  13.465433    13.4615    38.3717    28.9111     4.8031    208.481 0.0000e+00
      4.992   1956.479    13.4697   4.496488     3.0165     1.2312  1.5214184  13.467486    13.4690    38.3694    28.9077     4.8037    208.506 0.0000e+00
      4.976   1957.479    13.4707   4.496463     3.0186     1.2353  1.5213675  13.467486    13.4700    38.3682    28.9065     4.8153    209.010 0.0000e+00
      4.978   1958.479    13.4697   4.496563     3.0193     1.2537  1.5213166  13.468170    13.4690    38.3701    28.9082     4.8115    208.845 0.0000e+00
      4.915   1959.479    13.4823   4.497829     3.0185     1.2593  1.5214693  13.467486    13.4816    38.3695    28.9051     4.8061    208.610 0.0000e+00
      4.872   1960.479    13.4890   4.498247     3.0181     1.2173  1.5215710  13.468170    13.4883    38.3668    28.9016     4.8070    208.652 0.0000e+00
