Boussole/Data/SBEMOOSE/Work/cnv/bous228_05.cnv
* Sea-Bird SBE 9 Data File:
* FileName = C:\boussole\202103\bous228_05.hdr
* Software Version Seasave V 7.23.2
* Temperature SN = 2473
* Conductivity SN = 2929
* Number of Bytes Per Scan = 37
* Number of Voltage Words = 4
* Number of Scans Averaged by the Deck Unit = 1
* NMEA Latitude = 43 22.23 N
* NMEA Longitude = 007 53.94 E
* NMEA UTC (Time) = Mar 04 2021  08:13:07
* NMEA baud rate = 4800
** Navire
** Station:
** Date
** Heure debut [TU]
** Heure fin [TU]
** Heure locale / TU = +0
** Latitude
** Longitude
** Heure meteo [TU]
** T air sec [deg C]
** T mer [deg C]
** Vent [noeuds, degres]
# nquan = 14
# nvalues = 736                         
# units = specified
# name 0 = prDM: Pressure, Digiquartz [db]
# name 1 = timeS: Time, Elapsed [seconds]
# name 2 = t090C: Temperature [ITS-90, deg C]
# name 3 = c0S/m: Conductivity [S/m]
# name 4 = sbeox0V: Oxygen raw, SBE 43 [V]
# name 5 = flC: Fluorescence, Chelsea Aqua 3 Chl Con [ug/l]
# name 6 = upoly0: Upoly 0, RINKOIII_DO
# name 7 = upoly1: Upoly 1, RINKOIII_Temp
# name 8 = potemp090C: Potential Temperature [ITS-90, deg C]
# name 9 = sal00: Salinity, Practical [PSU]
# name 10 = sigma-é00: Density [sigma-theta, kg/m^3]
# name 11 = sbeox0ML/L: Oxygen, SBE 43 [ml/l], WS = 2
# name 12 = sbox0Mm/Kg: Oxygen, SBE 43 [umol/kg], WS = 2
# name 13 = flag: flag
# span 0 =      0.793,    100.961       
# span 1 =      0.479,    735.229       
# span 2 =    13.4248,    13.7288       
# span 3 =   4.491316,   4.547895       
# span 4 =     2.4213,     3.0543       
# span 5 =     0.2058,     2.8799       
# span 6 =  1.5188238,  1.7350936       
# span 7 =  13.405205,  13.689781       
# span 8 =    13.4216,    13.7153       
# span 9 =    38.3567,    38.5591       
# span 10 =    28.8950,    29.0117      
# span 11 =     3.5913,     4.8841      
# span 12 =    155.865,    211.999      
# span 13 = 0.0000e+00, 0.0000e+00      
# interval = seconds: 1                 
# start_time = Mar 04 2021 08:13:07 [NMEA time, header]
# bad_flag = -9.990e-29
*END*
[from data line 310]
     71.603    310.479    13.4890   4.511668     2.6232     0.2637  1.6671246  13.514698    13.4786    38.4647    28.9796     4.0328    175.035 0.0000e+00
     70.794    311.479    13.4803   4.510306     2.6264     0.2638  1.6658527  13.515383    13.4700    38.4609    28.9784     4.0405    175.368 0.0000e+00
     70.183    312.479    13.4730   4.509279     2.6268     0.2717  1.6652422  13.525645    13.4628    38.4587    28.9782     4.0393    175.316 0.0000e+00
     69.807    313.479    13.4736   4.509437     2.6294     0.2714  1.6662088  13.515382    13.4635    38.4597    28.9789     4.0507    175.810 0.0000e+00
     69.229    314.479    13.4671   4.508408     2.6325     0.2659  1.6661071  13.503751    13.4571    38.4567    28.9779     4.0548    175.985 0.0000e+00
     68.409    315.479    13.4631   4.507646     2.6345     0.2658  1.6661071  13.501014    13.4532    38.4538    28.9765     4.0548    175.986 0.0000e+00
     67.688    316.479    13.4603   4.507261     2.6345     0.2636  1.6645299  13.496909    13.4505    38.4533    28.9767     4.0524    175.884 0.0000e+00
     67.166    317.479    13.4590   4.506921     2.6349     0.2680  1.6627493  13.492119    13.4493    38.4516    28.9757     4.0530    175.908 0.0000e+00
     66.629    318.479    13.4571   4.506525     2.6350     0.2799  1.6620880  13.479802    13.4475    38.4499    28.9747     4.0495    175.758 0.0000e+00
     65.977    319.479    13.4586   4.506623     2.6334     0.2824  1.6619862  13.466802    13.4490    38.4497    28.9742     4.0457    175.592 0.0000e+00
     65.302    320.479    13.4590   4.506484     2.6336     0.2769  1.6594933  13.466802    13.4496    38.4483    28.9730     4.0516    175.850 0.0000e+00
     64.776    321.479    13.4491   4.504921     2.6355     0.2740  1.6576618  13.466802    13.4397    38.4436    28.9714     4.0651    176.436 0.0000e+00
     64.228    322.479    13.4389   4.503365     2.6410     0.2647  1.6562882  13.466802    13.4296    38.4392    28.9702     4.0826    177.194 0.0000e+00
     63.699    323.479    13.4337   4.502598     2.6460     0.2681  1.6561864  13.468854    13.4245    38.4374    28.9698     4.0882    177.438 0.0000e+00
     63.094    324.479    13.4331   4.502529     2.6488     0.2776  1.6559829  13.462696    13.4239    38.4376    28.9701     4.0871    177.392 0.0000e+00
     62.569    325.479    13.4322   4.502339     2.6496     0.2762  1.6553724  13.464064    13.4232    38.4369    28.9698     4.0822    177.180 0.0000e+00
     62.347    326.479    13.4337   4.502646     2.6490     0.2664  1.6551181  13.455852    13.4247    38.4384    28.9706     4.0825    177.190 0.0000e+00
     62.181    327.479    13.4377   4.503085     2.6499     0.2740  1.6548637  13.446956    13.4287    38.4387    28.9700     4.0838    177.247 0.0000e+00
     61.573    328.479    13.4353   4.502692     2.6497     0.2867  1.6542532  13.446956    13.4264    38.4376    28.9696     4.0767    176.940 0.0000e+00
     60.790    329.479    13.4514   4.504797     2.6458     0.2871  1.6532357  13.446271    13.4426    38.4418    28.9694     4.0572    176.091 0.0000e+00
     60.268    330.479    13.4706   4.507129     2.6410     0.2943  1.6529305  13.451062    13.4619    38.4450    28.9679     4.0458    175.599 0.0000e+00
     59.874    331.479    13.4763   4.507818     2.6367     0.2821  1.6523708  13.450378    13.4676    38.4461    28.9674     4.0447    175.553 0.0000e+00
     59.568    332.479    13.4863   4.508837     2.6374     0.2788  1.6525743  13.451062    13.4777    38.4458    28.9651     4.0554    176.014 0.0000e+00
     59.554    333.479    13.4627   4.506322     2.6389     0.2727  1.6524217  13.451746    13.4541    38.4456    28.9700     4.0611    176.262 0.0000e+00
     59.582    334.479    13.4551   4.505597     2.6402     0.2733  1.6527778  13.449693    13.4465    38.4463    28.9721     4.0616    176.284 0.0000e+00
     59.716    335.479    13.4561   4.505756     2.6402     0.2736  1.6522691  13.451062    13.4475    38.4468    28.9722     4.0568    176.075 0.0000e+00
     59.769    336.479    13.4614   4.506295     2.6380     0.2682  1.6529304  13.453799    13.4528    38.4466    28.9710     4.0452    175.571 0.0000e+00
     59.540    337.479    13.4703   4.507448     2.6348     0.2595  1.6535918  13.451062    13.4617    38.4487    28.9707     4.0359    175.170 0.0000e+00
     59.352    338.479    13.4739   4.507591     2.6308     0.2793  1.6532866  13.455168    13.4653    38.4465    28.9683     4.0303    174.924 0.0000e+00
     59.518    339.479    13.4816   4.508320     2.6298     0.2810  1.6536936  13.451746    13.4730    38.4456    28.9660     4.0334    175.060 0.0000e+00
     59.872    340.479    13.4730   4.507482     2.6289     0.2770  1.6539479  13.451062    13.4643    38.4462    28.9683     4.0291    174.874 0.0000e+00
     59.882    341.479    13.4746   4.507726     2.6259     0.2729  1.6541514  13.453115    13.4659    38.4469    28.9684     4.0162    174.315 0.0000e+00
     59.487    342.479    13.4828   4.508411     2.6212     0.2717  1.6541514  13.459274    13.4742    38.4453    28.9654     4.0057    173.859 0.0000e+00
     59.263    343.479    13.4859   4.508576     2.6190     0.2718  1.6545584  13.456537    13.4773    38.4439    28.9637     4.0100    174.044 0.0000e+00
     59.494    344.479    13.4885   4.509041     2.6186     0.2829  1.6548637  13.459958    13.4799    38.4456    28.9645     4.0123    174.145 0.0000e+00
     59.857    345.479    13.4931   4.509712     2.6189     0.2719  1.6553724  13.455168    13.4844    38.4472    28.9648     4.0110    174.090 0.0000e+00
     59.889    346.479    13.4900   4.509369     2.6177     0.2683  1.6557794  13.459958    13.4813    38.4470    28.9653     4.0069    173.913 0.0000e+00
     59.660    347.479    13.4901   4.509252     2.6169     0.2736  1.6559321  13.462011    13.4815    38.4459    28.9644     4.0059    173.867 0.0000e+00
     59.449    348.479    13.4866   4.508711     2.6163     0.2816  1.6564917  13.460643    13.4780    38.4443    28.9639     4.0037    173.770 0.0000e+00
     59.456    349.479    13.4882   4.508896     2.6138     0.2733  1.6565934  13.463380    13.4796    38.4445    28.9637     3.9941    173.356 0.0000e+00
     59.616    350.479    13.4910   4.509312     2.6122     0.2792  1.6567461  13.464749    13.4824    38.4457    28.9640     3.9964    173.454 0.0000e+00
     59.739    351.479    13.4945   4.509828     2.6121     0.2870  1.6571531  13.467486    13.4858    38.4470    28.9643     3.9987    173.555 0.0000e+00
     59.762    352.479    13.4967   4.510048     2.6121     0.2852  1.6573566  13.467486    13.4880    38.4468    28.9637     3.9957    173.424 0.0000e+00
     59.661    353.479    13.4972   4.510190     2.6107     0.2829  1.6575092  13.468855    13.4886    38.4477    28.9643     3.9925    173.286 0.0000e+00
     59.542    354.479    13.4955   4.509824     2.6110     0.2675  1.6582215  13.468855    13.4869    38.4460    28.9633     3.9996    173.594 0.0000e+00
     59.589    355.479    13.4952   4.509813     2.6119     0.2595  1.6583741  13.468170    13.4866    38.4462    28.9635     3.9951    173.400 0.0000e+00
     59.713    356.479    13.5014   4.510654     2.6102     0.2729  1.6584250  13.467486    13.4927    38.4480    28.9636     3.9890    173.135 0.0000e+00
     59.667    357.479    13.4972   4.510146     2.6089     0.2691  1.6586285  13.468855    13.4886    38.4473    28.9640     3.9867    173.034 0.0000e+00
     59.565    358.479    13.4991   4.510337     2.6073     0.2611  1.6590355  13.470907    13.4905    38.4473    28.9635     3.9836    172.902 0.0000e+00
     59.576    359.479    13.5005   4.510484     2.6064     0.2694  1.6587811  13.470223    13.4919    38.4473    28.9632     3.9838    172.908 0.0000e+00
     59.687    360.479    13.5028   4.510847     2.6055     0.2759  1.6593916  13.469539    13.4941    38.4484    28.9636     3.9808    172.777 0.0000e+00
     59.714    361.479    13.5002   4.510450     2.6052     0.2753  1.6599003  13.468855    13.4915    38.4472    28.9632     3.9843    172.929 0.0000e+00
     59.662    362.479    13.5011   4.510679     2.6054     0.2739  1.6600530  13.469539    13.4925    38.4484    28.9640     3.9817    172.817 0.0000e+00
     59.645    363.479    13.5023   4.510794     2.6040     0.2812  1.6603582  13.470223    13.4937    38.4484    28.9637     3.9760    172.570 0.0000e+00
     59.706    364.479    13.5025   4.510810     2.6030     0.2860  1.6601038  13.468855    13.4938    38.4483    28.9636     3.9814    172.805 0.0000e+00
     59.649    365.479    13.5010   4.510611     2.6052     0.3050  1.6607652  13.469539    13.4924    38.4480    28.9637     3.9895    173.154 0.0000e+00
     59.503    366.479    13.5011   4.510639     2.6069     0.2987  1.6612231  13.473644    13.4925    38.4482    28.9638     3.9906    173.203 0.0000e+00
     59.570    367.479    13.5011   4.510643     2.6075     0.2783  1.6611213  13.474328    13.4925    38.4482    28.9639     3.9892    173.143 0.0000e+00
     59.788    368.479    13.5026   4.510827     2.6077     0.2740  1.6613248  13.471592    13.4939    38.4483    28.9636     3.9888    173.124 0.0000e+00
     59.752    369.479    13.5010   4.510621     2.6081     0.2722  1.6618336  13.475697    13.4924    38.4479    28.9637     3.9913    173.232 0.0000e+00
     59.509    370.479    13.4962   4.509814     2.6086     0.2718  1.6617827  13.470223    13.4876    38.4452    28.9626     3.9895    173.154 0.0000e+00
     59.485    371.479    13.4949   4.509767     2.6068     0.2768  1.6621388  13.469539    13.4863    38.4461    28.9635     3.9760    172.569 0.0000e+00
     59.701    372.479    13.5023   4.510800     2.6022     0.2770  1.6617827  13.469539    13.4936    38.4484    28.9637     3.9685    172.246 0.0000e+00
     59.840    373.479    13.5013   4.510650     2.6016     0.2837  1.6619353  13.472960    13.4926    38.4479    28.9635     3.9786    172.684 0.0000e+00
     59.782    374.479    13.5004   4.510540     2.6036     0.2803  1.6620371  13.471592    13.4917    38.4478    28.9637     3.9858    172.994 0.0000e+00
     59.550    375.479    13.4961   4.509870     2.6053     0.2819  1.6621388  13.472960    13.4875    38.4458    28.9630     3.9900    173.179 0.0000e+00
     59.463    376.479    13.4921   4.509375     2.6071     0.2732  1.6620880  13.469539    13.4835    38.4452    28.9634     3.9913    173.233 0.0000e+00
     59.594    377.479    13.4998   4.510486     2.6073     0.2730  1.6618336  13.470907    13.4912    38.4480    28.9639     3.9876    173.073 0.0000e+00
     59.686    378.479    13.5017   4.510707     2.6077     0.2699  1.6617827  13.472276    13.4930    38.4482    28.9637     3.9922    173.271 0.0000e+00
     59.703    379.479    13.5003   4.510574     2.6090     0.2715  1.6617318  13.475013    13.4916    38.4483    28.9641     3.9921    173.269 0.0000e+00
     59.700    380.479    13.5012   4.510645     2.6085     0.2843  1.6618845  13.474329    13.4925    38.4481    28.9637     3.9871    173.052 0.0000e+00
     59.642    381.479    13.5020   4.510672     2.6066     0.2804  1.6624950  13.477065    13.4934    38.4476    28.9632     3.9796    172.728 0.0000e+00
     59.644    382.479    13.4995   4.510379     2.6052     0.2872  1.6620880  13.478434    13.4909    38.4473    28.9635     3.9814    172.804 0.0000e+00
     59.666    383.479    13.5011   4.510631     2.6047     0.2830  1.6620371  13.479802    13.4925    38.4480    28.9637     3.9806    172.771 0.0000e+00
     59.677    384.479    13.5036   4.510904     2.6045     0.2873  1.6619353  13.476381    13.4950    38.4481    28.9633     3.9821    172.837 0.0000e+00
     59.674    385.479    13.5033   4.510890     2.6047     0.2857  1.6619353  13.475697    13.4947    38.4483    28.9634     3.9832    172.881 0.0000e+00
     59.588    386.479    13.5034   4.510917     2.6054     0.2960  1.6616301  13.471592    13.4948    38.4485    28.9636     3.9860    173.005 0.0000e+00
     59.479    387.479    13.5037   4.510969     2.6060     0.2931  1.6619353  13.476381    13.4951    38.4487    28.9636     3.9861    173.008 0.0000e+00
     59.596    388.479    13.5029   4.510857     2.6063     0.2835  1.6620371  13.473644    13.4943    38.4484    28.9636     3.9862    173.014 0.0000e+00
     59.580    389.479    13.5030   4.510869     2.6070     0.2864  1.6621897  13.472276    13.4944    38.4484    28.9636     3.9932    173.317 0.0000e+00
     59.168    390.479    13.4962   4.509706     2.6105     0.2729  1.6626476  13.473644    13.4876    38.4444    28.9619     4.0098    174.037 0.0000e+00
     58.539    391.479    13.4712   4.506142     2.6163     0.2842  1.6625967  13.462696    13.4627    38.4358    28.9605     4.0265    174.764 0.0000e+00
     58.042    392.479    13.4620   4.504972     2.6217     0.2792  1.6611722  13.458590    13.4536    38.4340    28.9611     4.0357    175.162 0.0000e+00
     57.830    393.479    13.4627   4.505055     2.6262     0.2733  1.6600021  13.455852    13.4543    38.4343    28.9611     4.0392    175.315 0.0000e+00
     57.518    394.479    13.4616   4.504818     2.6274     0.2678  1.6588828  13.457905    13.4533    38.4332    28.9605     4.0343    175.101 0.0000e+00
     56.916    395.479    13.4520   4.503478     2.6286     0.2688  1.6588828  13.453115    13.4437    38.4304    28.9604     4.0407    175.379 0.0000e+00
     56.438    396.479    13.4493   4.503172     2.6310     0.2572  1.6581706  13.451062    13.4411    38.4304    28.9609     4.0504    175.801 0.0000e+00
     55.999    397.479    13.4449   4.502511     2.6348     0.2510  1.6569496  13.451746    13.4369    38.4287    28.9605     4.0574    176.105 0.0000e+00
     55.407    398.479    13.4417   4.502034     2.6373     0.2692  1.6564917  13.443534    13.4337    38.4276    28.9603     4.0584    176.147 0.0000e+00
     54.766    399.479    13.4381   4.501398     2.6379     0.2760  1.6558812  13.439428    13.4302    38.4255    28.9595     4.0552    176.007 0.0000e+00
     54.193    400.479    13.4352   4.500944     2.6378     0.2690  1.6551181  13.438059    13.4273    38.4243    28.9591     4.0529    175.909 0.0000e+00
     53.685    401.479    13.4413   4.501647     2.6370     0.2703  1.6541006  13.435321    13.4335    38.4252    28.9585     4.0440    175.521 0.0000e+00
     53.240    402.479    13.4534   4.503281     2.6326     0.2630  1.6541006  13.434637    13.4457    38.4287    28.9586     4.0218    174.557 0.0000e+00
     52.784    403.479    13.4922   4.508341     2.6248     0.2768  1.6537953  13.435321    13.4846    38.4382    28.9578     3.9975    173.504 0.0000e+00
     52.206    404.479    13.5303   4.513006     2.6181     0.2748  1.6531340  13.442849    13.5227    38.4447    28.9547     3.9878    173.082 0.0000e+00
     51.465    405.479    13.5345   4.513325     2.6141     0.2750  1.6537444  13.456537    13.5270    38.4438    28.9531     3.9818    172.823 0.0000e+00
     50.754    406.479    13.5295   4.512571     2.6097     0.2718  1.6549654  13.450378    13.5222    38.4419    28.9527     3.9746    172.513 0.0000e+00
     50.384    407.479    13.5345   4.513126     2.6073     0.2662  1.6555759  13.449009    13.5272    38.4424    28.9520     3.9774    172.634 0.0000e+00
     50.082    408.479    13.5282   4.512204     2.6076     0.2743  1.6557794  13.454484    13.5210    38.4400    28.9515     3.9836    172.901 0.0000e+00
     49.420    409.479    13.5352   4.513070     2.6082     0.2830  1.6554233  13.461327    13.5280    38.4417    28.9512     3.9822    172.842 0.0000e+00
     48.640    410.479    13.5323   4.512545     2.6082     0.2824  1.6560847  13.488013    13.5252    38.4399    28.9504     3.9867    173.036 0.0000e+00
     48.184    411.479    13.5333   4.512516     2.6113     0.2763  1.6576109  13.492119    13.5263    38.4388    28.9493     3.9979    173.524 0.0000e+00
