Boussole/Data/SBEMOOSE/Work/cnv/bous235_01.cnv
* Sea-Bird SBE 9 Data File:
* FileName = C:\boussole\202110\bous235_01.hdr
* Software Version Seasave V 7.23.2
* Temperature SN = 1378
* Conductivity SN = 2929
* Number of Bytes Per Scan = 34
* Number of Voltage Words = 3
* Number of Scans Averaged by the Deck Unit = 1
* NMEA Latitude = 43 22.09 N
* NMEA Longitude = 007 53.89 E
* NMEA UTC (Time) = Oct 12 2021  09:37:41
* NMEA baud rate = 4800
** Campagne = BOUSSOLE 235
** Navire = Tethys II
** Station = BOUS235_01
** Date = 12/10/2021
** Heure debut [TU] = 09:37
** Heure fin [TU] = 10:16
** Heure locale / TU = +2
** Latitude = 43 22.019 N
** Longitude = 007 53.900 E
** Heure meteo [TU] = 09:36
** T air sec [deg C] = 19.7
** T mer [deg C] = 19.17
** Vent [noeuds, degres] = 3.8, 170
** Pression atm [hpa] = 1014.6
** Humidite [%] = 68.6
** Nebulosite [octas] = 1
** Etat de la mer [code S] = 2
# nquan = 14
# nvalues = 2350                        
# units = specified
# name 0 = prDM: Pressure, Digiquartz [db]
# name 1 = timeS: Time, Elapsed [seconds]
# name 2 = t090C: Temperature [ITS-90, deg C]
# name 3 = c0S/m: Conductivity [S/m]
# name 4 = sbeox0V: Oxygen raw, SBE 43 [V]
# name 5 = flC: Fluorescence, Chelsea Aqua 3 Chl Con [ug/l]
# name 6 = upoly0: Upoly 0, RINKOIII_DO
# name 7 = upoly1: Upoly 1, RINKOIII_Temp
# name 8 = potemp090C: Potential Temperature [ITS-90, deg C]
# name 9 = sal00: Salinity, Practical [PSU]
# name 10 = sigma-é00: Density [sigma-theta, kg/m^3]
# name 11 = sbeox0ML/L: Oxygen, SBE 43 [ml/l], WS = 2
# name 12 = sbox0Mm/Kg: Oxygen, SBE 43 [umol/kg], WS = 2
# name 13 = flag: flag
# span 0 =      0.079,    405.155       
# span 1 =      0.479,   2349.167       
# span 2 =    13.6924,    19.5523       
# span 3 =   0.070848,   5.147970       
# span 4 =     2.4078,     3.5988       
# span 5 =    -0.2893,     0.6756       
# span 6 =  1.3902116,  1.8201567       
# span 7 =  13.679526,  19.440129       
# span 8 =    13.6324,    19.5522       
# span 9 =     0.4004,    38.6445       
# span 10 =    -1.1532,    29.0821      
# span 11 =     3.6676,     5.6821      
# span 12 =    159.164,    246.722      
# span 13 = 0.0000e+00, 0.0000e+00      
# interval = seconds: 1                 
# start_time = Oct 12 2021 09:37:41 [NMEA time, header]
# bad_flag = -9.990e-29
*END*
[from data line 2065]
     20.366   2065.479    18.2368   5.011584     3.4882     0.3085  1.4414936  18.188861    18.2332    38.4018    27.8212     5.1858    225.330 0.0000e+00
     20.497   2066.479    18.2348   5.011411     3.4918     0.3121  1.4418498  18.192935    18.2312    38.4022    27.8220     5.1833    225.221 0.0000e+00
     20.362   2067.479    18.2365   5.011591     3.4891     0.3049  1.4416463  18.202441    18.2329    38.4022    27.8215     5.1730    224.774 0.0000e+00
     20.307   2068.479    18.2382   5.011773     3.4892     0.3116  1.4415445  18.197009    18.2346    38.4022    27.8211     5.1809    225.118 0.0000e+00
     20.489   2069.479    18.2365   5.011607     3.4897     0.3162  1.4417989  18.194293    18.2329    38.4022    27.8215     5.1733    224.786 0.0000e+00
     20.486   2070.479    18.2369   5.011635     3.4859     0.3225  1.4416463  18.203120    18.2333    38.4021    27.8214     5.1690    224.596 0.0000e+00
     20.254   2071.479    18.2374   5.011680     3.4866     0.3145  1.4415954  18.203799    18.2338    38.4022    27.8213     5.1736    224.798 0.0000e+00
     20.333   2072.479    18.2365   5.011602     3.4864     0.3136  1.4418498  18.188861    18.2329    38.4023    27.8216     5.1712    224.693 0.0000e+00
     20.481   2073.479    18.2377   5.011748     3.4853     0.3211  1.4417480  18.192256    18.2341    38.4023    27.8213     5.1711    224.691 0.0000e+00
     20.352   2074.479    18.2388   5.011848     3.4860     0.3194  1.4416972  18.205836    18.2352    38.4022    27.8210     5.1707    224.674 0.0000e+00
     20.314   2075.479    18.2389   5.011859     3.4853     0.3263  1.4416972  18.194972    18.2353    38.4023    27.8210     5.1748    224.849 0.0000e+00
     20.446   2076.479    18.2383   5.011821     3.4886     0.3298  1.4414428  18.195651    18.2347    38.4024    27.8212     5.1811    225.123 0.0000e+00
     20.441   2077.479    18.2389   5.011878     3.4891     0.3203  1.4412393  18.201083    18.2353    38.4024    27.8211     5.1778    224.980 0.0000e+00
     20.398   2078.479    18.2389   5.011881     3.4886     0.2970  1.4415445  18.201762    18.2353    38.4024    27.8211     5.1741    224.821 0.0000e+00
     20.376   2079.479    18.2393   5.011918     3.4868     0.2963  1.4418498  18.201762    18.2357    38.4023    27.8209     5.1714    224.701 0.0000e+00
     20.314   2080.479    18.2397   5.011959     3.4872     0.3056  1.4415954  18.199046    18.2361    38.4023    27.8209     5.1734    224.790 0.0000e+00
     20.370   2081.479    18.2394   5.011930     3.4860     0.3150  1.4415445  18.201762    18.2358    38.4023    27.8209     5.1701    224.647 0.0000e+00
     20.434   2082.479    18.2389   5.011884     3.4858     0.3123  1.4414428  18.201762    18.2353    38.4024    27.8211     5.1731    224.778 0.0000e+00
     20.366   2083.479    18.2385   5.011871     3.4871     0.3158  1.4414428  18.201762    18.2349    38.4027    27.8214     5.1760    224.904 0.0000e+00
     20.416   2084.479    18.2399   5.011997     3.4877     0.3183  1.4416463  18.201762    18.2363    38.4025    27.8209     5.1772    224.954 0.0000e+00
     20.436   2085.479    18.2403   5.012033     3.4880     0.3213  1.4415954  18.203799    18.2367    38.4024    27.8208     5.1720    224.728 0.0000e+00
     20.349   2086.479    18.2400   5.012015     3.4861     0.3083  1.4415445  18.205157    18.2364    38.4025    27.8209     5.1717    224.717 0.0000e+00
     20.341   2087.479    18.2400   5.012012     3.4871     0.2984  1.4415954  18.198367    18.2364    38.4026    27.8209     5.1748    224.849 0.0000e+00
     20.393   2088.479    18.2403   5.012040     3.4870     0.3100  1.4415445  18.201762    18.2367    38.4025    27.8208     5.1745    224.836 0.0000e+00
     20.419   2089.479    18.2392   5.011940     3.4876     0.3183  1.4414428  18.201762    18.2356    38.4026    27.8212     5.1759    224.898 0.0000e+00
     20.403   2090.479    18.2394   5.011968     3.4884     0.3279  1.4417480  18.201762    18.2358    38.4026    27.8211     5.1788    225.027 0.0000e+00
     20.376   2091.479    18.2400   5.012016     3.4893     0.3347  1.4413410  18.201762    18.2364    38.4025    27.8209     5.1803    225.092 0.0000e+00
     20.348   2092.479    18.2404   5.012057     3.4902     0.3248  1.4417480  18.200404    18.2368    38.4025    27.8208     5.1767    224.934 0.0000e+00
     20.375   2093.479    18.2403   5.012048     3.4872     0.3203  1.4413410  18.199046    18.2367    38.4026    27.8209     5.1692    224.609 0.0000e+00
     20.434   2094.479    18.2400   5.012026     3.4865     0.3340  1.4413410  18.195651    18.2364    38.4026    27.8210     5.1717    224.717 0.0000e+00
     20.417   2095.479    18.2379   5.011815     3.4863     0.3279  1.4417480  18.201083    18.2343    38.4028    27.8216     5.1751    224.866 0.0000e+00
     20.396   2096.479    18.2403   5.012052     3.4887     0.3160  1.4416463  18.201083    18.2367    38.4026    27.8209     5.1777    224.976 0.0000e+00
     20.439   2097.479    18.2396   5.011987     3.4861     0.3068  1.4417480  18.199046    18.2360    38.4027    27.8212     5.1647    224.411 0.0000e+00
     20.309   2098.479    18.2400   5.012021     3.4841     0.3035  1.4419515  18.207873    18.2364    38.4026    27.8210     5.1708    224.677 0.0000e+00
     20.260   2099.479    18.2401   5.012026     3.4876     0.3005  1.4413919  18.207873    18.2365    38.4026    27.8209     5.1820    225.163 0.0000e+00
     20.467   2100.479    18.2395   5.011992     3.4887     0.3055  1.4414937  18.205157    18.2359    38.4028    27.8212     5.1730    224.771 0.0000e+00
     20.492   2101.479    18.2394   5.011976     3.4862     0.3117  1.4417480  18.217380    18.2358    38.4027    27.8212     5.1687    224.588 0.0000e+00
     20.339   2102.479    18.2391   5.011936     3.4845     0.3192  1.4412393  18.218059    18.2355    38.4027    27.8213     5.1616    224.277 0.0000e+00
     20.389   2103.479    18.2408   5.012102     3.4808     0.3066  1.4413919  18.207873    18.2372    38.4025    27.8207     5.1543    223.962 0.0000e+00
     20.471   2104.479    18.2410   5.012129     3.4777     0.3084  1.4410358  18.207194    18.2374    38.4025    27.8207     5.1579    224.118 0.0000e+00
     20.341   2105.479    18.2409   5.012133     3.4826     0.3103  1.4414428  18.217380    18.2373    38.4027    27.8208     5.1778    224.983 0.0000e+00
     20.271   2106.479    18.2413   5.012157     3.4859     0.3222  1.4411884  18.213985    18.2377    38.4025    27.8206     5.1723    224.742 0.0000e+00
     20.400   2107.479    18.2411   5.012143     3.4845     0.3136  1.4411375  18.207873    18.2375    38.4026    27.8207     5.1680    224.557 0.0000e+00
     20.429   2108.479    18.2388   5.011938     3.4854     0.3193  1.4413410  18.217380    18.2352    38.4030    27.8216     5.1775    224.966 0.0000e+00
     20.205   2109.479    18.2399   5.012019     3.4884     0.3267  1.4412393  18.220096    18.2363    38.4027    27.8210     5.1762    224.913 0.0000e+00
     19.999   2110.479    18.2407   5.012081     3.4870     0.3227  1.4413410  18.218738    18.2372    38.4026    27.8208     5.1741    224.820 0.0000e+00
     19.645   2111.479    18.2419   5.012159     3.4879     0.3181  1.4413919  18.222133    18.2384    38.4023    27.8202     5.1755    224.882 0.0000e+00
     18.997   2112.479    18.2473   5.012684     3.4888     0.3209  1.4413919  18.224849    18.2440    38.4020    27.8186     5.1840    225.251 0.0000e+00
     18.466   2113.479    18.2547   5.013415     3.4941     0.3221  1.4414428  18.222133    18.2514    38.4016    27.8163     5.1921    225.606 0.0000e+00
     18.010   2114.479    18.2750   5.015441     3.4954     0.3150  1.4410866  18.245221    18.2718    38.4001    27.8101     5.1847    225.285 0.0000e+00
     17.482   2115.479    18.3317   5.021083     3.4948     0.3095  1.4395604  18.299548    18.3286    38.3958    27.7923     5.1760    224.909 0.0000e+00
     16.742   2116.479    18.3907   5.027374     3.4944     0.3097  1.4395095  18.313130    18.3878    38.3949    27.7765     5.1630    224.350 0.0000e+00
     16.146   2117.479    18.4525   5.033830     3.4876     0.3088  1.4375763  18.362706    18.4496    38.3928    27.7590     5.1344    223.107 0.0000e+00
     15.522   2118.479    18.5446   5.043641     3.4822     0.3043  1.4361009  18.478171    18.5418    38.3910    27.7340     5.1279    222.833 0.0000e+00
     14.831   2119.479    18.5835   5.047865     3.4825     0.3084  1.4369149  18.495152    18.5808    38.3911    27.7241     5.1329    223.053 0.0000e+00
     14.372   2120.479    18.6104   5.050587     3.4861     0.3239  1.4372710  18.542703    18.6078    38.3895    27.7159     5.1438    223.527 0.0000e+00
     13.867   2121.479    18.6342   5.053110     3.4908     0.3165  1.4365588  18.605203    18.6317    38.3890    27.7095     5.1413    223.418 0.0000e+00
     13.084   2122.479    18.6608   5.055875     3.4884     0.3048  1.4374236  18.583463    18.6585    38.3881    27.7019     5.1259    222.752 0.0000e+00
     12.534   2123.479    18.6698   5.056753     3.4867     0.3047  1.4382885  18.559686    18.6676    38.3874    27.6990     5.1246    222.697 0.0000e+00
     12.202   2124.479    18.6805   5.057828     3.4866     0.3078  1.4377289  18.607921    18.6783    38.3867    27.6957     5.1255    222.738 0.0000e+00
     11.980   2125.479    18.6894   5.058714     3.4863     0.3134  1.4371184  18.639853    18.6873    38.3861    27.6929     5.1221    222.590 0.0000e+00
     11.602   2126.479    18.6904   5.058771     3.4853     0.3189  1.4369658  18.659556    18.6883    38.3859    27.6924     5.1231    222.634 0.0000e+00
     11.042   2127.479    18.6904   5.058734     3.4868     0.3185  1.4375763  18.645968    18.6884    38.3858    27.6924     5.1241    222.677 0.0000e+00
     10.553   2128.479    18.6896   5.058655     3.4849     0.3032  1.4381868  18.619470    18.6877    38.3861    27.6928     5.1149    222.276 0.0000e+00
     10.382   2129.479    18.6920   5.058872     3.4831     0.3035  1.4375763  18.628982    18.6901    38.3857    27.6919     5.1183    222.424 0.0000e+00
     10.470   2130.479    18.6918   5.058834     3.4851     0.3055  1.4374745  18.643250    18.6899    38.3855    27.6917     5.1217    222.570 0.0000e+00
     10.293   2131.479    18.6925   5.058882     3.4839     0.3025  1.4378307  18.658197    18.6907    38.3854    27.6915     5.1148    222.273 0.0000e+00
     10.203   2132.479    18.6921   5.058818     3.4818     0.2954  1.4383394  18.652082    18.6903    38.3852    27.6915     5.1104    222.082 0.0000e+00
     10.346   2133.479    18.6912   5.058698     3.4814     0.2887  1.4378306  18.641891    18.6894    38.3850    27.6915     5.1192    222.462 0.0000e+00
     10.429   2134.479    18.6911   5.058680     3.4850     0.2932  1.4380341  18.652082    18.6892    38.3849    27.6914     5.1252    222.723 0.0000e+00
     10.342   2135.479    18.6918   5.058755     3.4855     0.2989  1.4382376  18.657518    18.6899    38.3849    27.6913     5.1173    222.379 0.0000e+00
     10.227   2136.479    18.6918   5.058736     3.4806     0.2995  1.4381868  18.656159    18.6900    38.3848    27.6913     5.1006    221.653 0.0000e+00
     10.365   2137.479    18.6916   5.058724     3.4774     0.2961  1.4378306  18.641891    18.6897    38.3848    27.6913     5.1066    221.916 0.0000e+00
     10.449   2138.479    18.6914   5.058710     3.4795     0.3033  1.4379324  18.655479    18.6895    38.3849    27.6913     5.1176    222.395 0.0000e+00
     10.302   2139.479    18.6914   5.058692     3.4837     0.3104  1.4377289  18.659556    18.6896    38.3848    27.6913     5.1310    222.974 0.0000e+00
     10.204   2140.479    18.6923   5.058789     3.4888     0.3084  1.4378815  18.652082    18.6905    38.3848    27.6911     5.1265    222.780 0.0000e+00
     10.355   2141.479    18.6922   5.058801     3.4843     0.2993  1.4377289  18.642570    18.6904    38.3849    27.6912     5.1128    222.185 0.0000e+00
     10.488   2142.479    18.6924   5.058808     3.4837     0.3086  1.4378815  18.649365    18.6906    38.3847    27.6910     5.1212    222.553 0.0000e+00
     10.415   2143.479    18.6935   5.058925     3.4863     0.3365  1.4378815  18.659556    18.6916    38.3848    27.6908     5.1228    222.618 0.0000e+00
     10.254   2144.479    18.6938   5.058948     3.4838     0.3128  1.4379833  18.667709    18.6920    38.3847    27.6906     5.1124    222.167 0.0000e+00
     10.223   2145.479    18.6935   5.058934     3.4816     0.3047  1.4380342  18.659556    18.6917    38.3849    27.6908     5.1102    222.075 0.0000e+00
     10.377   2146.479    18.6923   5.058784     3.4807     0.3159  1.4380342  18.648006    18.6904    38.3847    27.6910     5.1127    222.179 0.0000e+00
     10.464   2147.479    18.6920   5.058742     3.4818     0.3278  1.4376780  18.656159    18.6901    38.3846    27.6910     5.1206    222.524 0.0000e+00
     10.330   2148.479    18.6933   5.058896     3.4848     0.3132  1.4378307  18.662274    18.6914    38.3847    27.6908     5.1253    222.726 0.0000e+00
     10.302   2149.479    18.6938   5.058969     3.4865     0.3023  1.4379833  18.660915    18.6920    38.3848    27.6907     5.1234    222.644 0.0000e+00
     10.416   2150.479    18.6935   5.058943     3.4850     0.3033  1.4380850  18.656159    18.6916    38.3849    27.6909     5.1182    222.420 0.0000e+00
     10.359   2151.479    18.6936   5.058965     3.4846     0.3210  1.4378815  18.659556    18.6918    38.3850    27.6909     5.1168    222.359 0.0000e+00
     10.270   2152.479    18.6930   5.058862     3.4830     0.3131  1.4379833  18.670427    18.6912    38.3847    27.6909     5.1160    222.325 0.0000e+00
     10.373   2153.479    18.6936   5.058949     3.4834     0.3040  1.4376271  18.662953    18.6917    38.3848    27.6908     5.1171    222.372 0.0000e+00
     10.408   2154.479    18.6930   5.058887     3.4829     0.3016  1.4380850  18.662953    18.6911    38.3849    27.6909     5.1155    222.301 0.0000e+00
     10.347   2155.479    18.6940   5.058991     3.4827     0.3102  1.4380850  18.668389    18.6921    38.3849    27.6907     5.1178    222.402 0.0000e+00
     10.316   2156.479    18.6944   5.059026     3.4840     0.3224  1.4377798  18.661594    18.6925    38.3849    27.6906     5.1215    222.564 0.0000e+00
     10.359   2157.479    18.6941   5.059016     3.4856     0.3235  1.4376780  18.655479    18.6922    38.3850    27.6907     5.1239    222.666 0.0000e+00
     10.380   2158.479    18.6948   5.059069     3.4852     0.3177  1.4380850  18.658197    18.6929    38.3848    27.6905     5.1172    222.375 0.0000e+00
     10.368   2159.479    18.6944   5.059031     3.4838     0.3232  1.4375254  18.661594    18.6925    38.3849    27.6906     5.1158    222.318 0.0000e+00
     10.380   2160.479    18.6949   5.059094     3.4827     0.3197  1.4379833  18.656159    18.6930    38.3849    27.6905     5.1146    222.263 0.0000e+00
     10.349   2161.479    18.6947   5.059073     3.4835     0.3212  1.4376780  18.662953    18.6928    38.3849    27.6905     5.1226    222.613 0.0000e+00
     10.274   2162.479    18.6943   5.059025     3.4852     0.3287  1.4376272  18.666351    18.6925    38.3849    27.6906     5.1164    222.342 0.0000e+00
     10.321   2163.479    18.6944   5.059037     3.4807     0.3140  1.4373728  18.663633    18.6925    38.3849    27.6906     5.1027    221.745 0.0000e+00
     10.494   2164.479    18.6946   5.059068     3.4778     0.3002  1.4376271  18.662274    18.6927    38.3850    27.6906     5.1071    221.937 0.0000e+00
     10.419   2165.479    18.6948   5.059088     3.4807     0.3077  1.4376780  18.673825    18.6929    38.3850    27.6906     5.1243    222.685 0.0000e+00
     10.245   2166.479    18.6948   5.059075     3.4865     0.3154  1.4376780  18.673825    18.6930    38.3849    27.6905     5.1302    222.943 0.0000e+00
