Boussole/Data/SBEMOOSE/Work/cnv/bous230_01.cnv
* Sea-Bird SBE 9 Data File:
* FileName = C:\boussole\202105\bous230_01.hdr
* Software Version Seasave V 7.23.2
* Temperature SN = 2473
* Conductivity SN = 2929
* Number of Bytes Per Scan = 37
* Number of Voltage Words = 4
* Number of Scans Averaged by the Deck Unit = 1
* NMEA Latitude = 43 22.50 N
* NMEA Longitude = 007 54.38 E
* NMEA UTC (Time) = May 14 2021  16:01:24
* NMEA baud rate = 4800
** Navire
** Station:
** Date
** Heure debut [TU]
** Heure fin [TU]
** Heure locale / TU = +0
** Latitude
** Longitude
** Heure meteo [TU]
** T air sec [deg C]
** T mer [deg C]
** Vent [noeuds, degres]
# nquan = 14
# nvalues = 1932                        
# units = specified
# name 0 = prDM: Pressure, Digiquartz [db]
# name 1 = timeS: Time, Elapsed [seconds]
# name 2 = t090C: Temperature [ITS-90, deg C]
# name 3 = c0S/m: Conductivity [S/m]
# name 4 = sbeox0V: Oxygen raw, SBE 43 [V]
# name 5 = flC: Fluorescence, Chelsea Aqua 3 Chl Con [ug/l]
# name 6 = upoly0: Upoly 0, RINKOIII_DO
# name 7 = upoly1: Upoly 1, RINKOIII_Temp
# name 8 = potemp090C: Potential Temperature [ITS-90, deg C]
# name 9 = sal00: Salinity, Practical [PSU]
# name 10 = sigma-é00: Density [sigma-theta, kg/m^3]
# name 11 = sbeox0ML/L: Oxygen, SBE 43 [ml/l], WS = 2
# name 12 = sbox0Mm/Kg: Oxygen, SBE 43 [umol/kg], WS = 2
# name 13 = flag: flag
# span 0 =      0.648,    407.420       
# span 1 =      0.479,   1931.375       
# span 2 =    13.4449,    16.1725       
# span 3 =   4.503536,   4.767767       
# span 4 =     2.1998,     3.1576       
# span 5 =     0.1398,     2.3490       
# span 6 =  1.4766993,  1.8407610       
# span 7 =  13.452431,  16.068164       
# span 8 =    13.4370,    16.1724       
# span 9 =    38.2174,    38.6869       
# span 10 =    28.1905,    29.0888      
# span 11 =     3.2510,     5.0734      
# span 12 =    141.086,    220.236      
# span 13 = 0.0000e+00, 0.0000e+00      
# interval = seconds: 1                 
# start_time = May 14 2021 16:01:24 [NMEA time, header]
# bad_flag = -9.990e-29
*END*
[from data line 1549]
     81.179   1549.479    13.6730   4.540337     2.4406     0.1858  1.7462352  13.650124    13.6611    38.5484    29.0056     3.6385    157.914 0.0000e+00
     80.994   1550.479    13.6727   4.540155     2.4424     0.1920  1.7466931  13.648073    13.6608    38.5471    29.0046     3.6500    158.416 0.0000e+00
     80.061   1551.479    13.6561   4.537556     2.4458     0.2035  1.7463878  13.644654    13.6444    38.5394    29.0022     3.6589    158.799 0.0000e+00
     79.016   1552.479    13.6462   4.536138     2.4486     0.1977  1.7458282  13.635081    13.6346    38.5364    29.0019     3.6632    158.988 0.0000e+00
     78.659   1553.479    13.6465   4.536178     2.4503     0.1887  1.7449633  13.635765    13.6350    38.5366    29.0020     3.6602    158.857 0.0000e+00
     78.926   1554.479    13.6456   4.536065     2.4504     0.2086  1.7445054  13.638500    13.6341    38.5363    29.0020     3.6644    159.042 0.0000e+00
     78.996   1555.479    13.6454   4.536032     2.4540     0.2054  1.7442511  13.644654    13.6338    38.5362    29.0019     3.6826    159.830 0.0000e+00
     77.720   1556.479    13.6349   4.534154     2.4604     0.2007  1.7445054  13.631662    13.6235    38.5295    28.9989     3.7003    160.600 0.0000e+00
     76.086   1557.479    13.6187   4.531554     2.4665     0.1942  1.7426740  13.622772    13.6076    38.5218    28.9964     3.7099    161.015 0.0000e+00
     75.690   1558.479    13.6202   4.531923     2.4710     0.1907  1.7407916  13.617301    13.6092    38.5240    28.9977     3.7140    161.192 0.0000e+00
     76.518   1559.479    13.6208   4.531921     2.4741     0.1875  1.7398249  13.620720    13.6097    38.5229    28.9968     3.7218    161.531 0.0000e+00
     76.285   1560.479    13.6173   4.531379     2.4795     0.1891  1.7390109  13.617301    13.6062    38.5214    28.9964     3.7387    162.266 0.0000e+00
     74.473   1561.479    13.6106   4.530149     2.4852     0.1863  1.7381461  13.613881    13.5997    38.5173    28.9946     3.7469    162.620 0.0000e+00
     73.262   1562.479    13.6018   4.528787     2.4887     0.2022  1.7358567  13.603623    13.5911    38.5137    28.9936     3.7496    162.738 0.0000e+00
     73.721   1563.479    13.6107   4.530209     2.4921     0.2070  1.7337708  13.605675    13.6000    38.5181    28.9951     3.7574    163.077 0.0000e+00
     74.322   1564.479    13.6039   4.529151     2.4963     0.2063  1.7327024  13.601572    13.5931    38.5145    28.9938     3.7739    163.794 0.0000e+00
     72.845   1565.479    13.5972   4.527846     2.5038     0.2134  1.7318884  13.600204    13.5866    38.5095    28.9914     3.7916    164.560 0.0000e+00
     71.181   1566.479    13.5858   4.525952     2.5085     0.2113  1.7298026  13.596100    13.5754    38.5038    28.9893     3.7911    164.541 0.0000e+00
     70.991   1567.479    13.5901   4.526797     2.5112     0.2121  1.7276658  13.590629    13.5798    38.5075    28.9913     3.7964    164.772 0.0000e+00
     71.726   1568.479    13.5873   4.526217     2.5149     0.2048  1.7265466  13.596784    13.5768    38.5045    28.9896     3.8043    165.112 0.0000e+00
     71.389   1569.479    13.5843   4.525793     2.5177     0.2083  1.7252238  13.587209    13.5739    38.5036    28.9895     3.8096    165.344 0.0000e+00
     70.251   1570.479    13.5804   4.525089     2.5212     0.2020  1.7234432  13.583105    13.5702    38.5014    28.9885     3.8199    165.792 0.0000e+00
     69.084   1571.479    13.5740   4.524027     2.5258     0.2038  1.7214591  13.582421    13.5640    38.4982    28.9874     3.8308    166.264 0.0000e+00
     68.777   1572.479    13.5716   4.523712     2.5301     0.2061  1.7197802  13.571477    13.5616    38.4977    28.9875     3.8370    166.534 0.0000e+00
     69.173   1573.479    13.5726   4.523884     2.5327     0.2046  1.7177961  13.569425    13.5625    38.4982    28.9877     3.8363    166.501 0.0000e+00
     69.157   1574.479    13.5738   4.524035     2.5336     0.2030  1.7166768  13.571477    13.5637    38.4985    28.9877     3.8350    166.446 0.0000e+00
     68.498   1575.479    13.5714   4.523608     2.5345     0.2142  1.7150997  13.557797    13.5614    38.4971    28.9871     3.8383    166.587 0.0000e+00
     68.169   1576.479    13.5668   4.523006     2.5355     0.2198  1.7121490  13.560533    13.5569    38.4962    28.9873     3.8361    166.494 0.0000e+00
     68.825   1577.479    13.5707   4.523635     2.5341     0.2182  1.7103683  13.553008    13.5607    38.4979    28.9879     3.8311    166.277 0.0000e+00
     69.346   1578.479    13.5738   4.524074     2.5342     0.2190  1.7089438  13.552324    13.5638    38.4987    28.9878     3.8387    166.606 0.0000e+00
     68.671   1579.479    13.5718   4.523677     2.5368     0.2234  1.7080281  13.553692    13.5618    38.4973    28.9871     3.8453    166.892 0.0000e+00
     68.322   1580.479    13.5670   4.523074     2.5375     0.2236  1.7069597  13.551640    13.5571    38.4965    28.9875     3.8426    166.775 0.0000e+00
     69.017   1581.479    13.5715   4.523743     2.5379     0.2254  1.7067562  13.550272    13.5615    38.4980    28.9878     3.8424    166.765 0.0000e+00
     69.362   1582.479    13.5735   4.524022     2.5379     0.2268  1.7068579  13.554376    13.5634    38.4985    28.9877     3.8436    166.819 0.0000e+00
     68.537   1583.479    13.5707   4.523545     2.5390     0.2372  1.7063492  13.549588    13.5607    38.4972    28.9873     3.8477    166.995 0.0000e+00
     67.887   1584.479    13.5672   4.523042     2.5404     0.2183  1.7061966  13.550956    13.5573    38.4962    28.9873     3.8498    167.088 0.0000e+00
     68.426   1585.479    13.5680   4.523226     2.5405     0.2157  1.7056878  13.550272    13.5580    38.4969    28.9877     3.8464    166.940 0.0000e+00
     69.750   1586.479    13.5726   4.523988     2.5402     0.2155  1.7060439  13.549588    13.5625    38.4989    28.9883     3.8480    167.008 0.0000e+00
     69.726   1587.479    13.5747   4.524199     2.5412     0.2256  1.7062983  13.549588    13.5645    38.4989    28.9878     3.8518    167.176 0.0000e+00
     68.436   1588.479    13.5674   4.523082     2.5419     0.2325  1.7061966  13.549588    13.5575    38.4961    28.9871     3.8504    167.114 0.0000e+00
     67.706   1589.479    13.5675   4.523089     2.5414     0.2207  1.7053317  13.549588    13.5576    38.4964    28.9874     3.8470    166.967 0.0000e+00
     68.322   1590.479    13.5683   4.523262     2.5407     0.2129  1.7054334  13.550272    13.5584    38.4970    28.9876     3.8464    166.941 0.0000e+00
     69.352   1591.479    13.5713   4.523741     2.5406     0.2150  1.7057387  13.550956    13.5612    38.4981    28.9879     3.8468    166.956 0.0000e+00
     69.348   1592.479    13.5741   4.524095     2.5404     0.2252  1.7058404  13.550956    13.5641    38.4986    28.9877     3.8489    167.051 0.0000e+00
     68.549   1593.479    13.5699   4.523448     2.5418     0.2331  1.7055861  13.550272    13.5600    38.4970    28.9873     3.8530    167.226 0.0000e+00
     68.494   1594.479    13.5701   4.523498     2.5420     0.2351  1.7052808  13.550956    13.5601    38.4974    28.9876     3.8475    166.988 0.0000e+00
     69.201   1595.479    13.5715   4.523754     2.5405     0.2294  1.7054843  13.551640    13.5614    38.4981    28.9878     3.8458    166.914 0.0000e+00
     69.086   1596.479    13.5726   4.523852     2.5411     0.2187  1.7061457  13.550272    13.5626    38.4979    28.9875     3.8512    167.148 0.0000e+00
     68.576   1597.479    13.5706   4.523547     2.5417     0.2355  1.7057896  13.550956    13.5606    38.4973    28.9874     3.8505    167.120 0.0000e+00
     68.472   1598.479    13.5704   4.523533     2.5419     0.2249  1.7055352  13.551640    13.5604    38.4974    28.9875     3.8505    167.117 0.0000e+00
     68.812   1599.479    13.5704   4.523554     2.5419     0.2148  1.7057387  13.551640    13.5604    38.4974    28.9875     3.8489    167.052 0.0000e+00
     69.240   1600.479    13.5702   4.523569     2.5415     0.2071  1.7057387  13.550956    13.5601    38.4975    28.9877     3.8499    167.094 0.0000e+00
     69.281   1601.479    13.5704   4.523570     2.5421     0.2213  1.7060439  13.550956    13.5603    38.4974    28.9875     3.8533    167.239 0.0000e+00
     68.889   1602.479    13.5706   4.523547     2.5431     0.2178  1.7062474  13.550956    13.5606    38.4971    28.9873     3.8556    167.338 0.0000e+00
     68.520   1603.479    13.5704   4.523509     2.5435     0.2073  1.7059422  13.549588    13.5604    38.4972    28.9873     3.8535    167.249 0.0000e+00
     68.440   1604.479    13.5702   4.523504     2.5434     0.2161  1.7059931  13.550272    13.5602    38.4973    28.9875     3.8519    167.179 0.0000e+00
     68.270   1605.479    13.5701   4.523459     2.5429     0.2179  1.7056878  13.550956    13.5602    38.4970    28.9873     3.8515    167.162 0.0000e+00
     68.203   1606.479    13.5698   4.523428     2.5429     0.2172  1.7059422  13.551640    13.5599    38.4971    28.9874     3.8534    167.245 0.0000e+00
     68.127   1607.479    13.5687   4.523239     2.5444     0.2172  1.7059931  13.550272    13.5588    38.4964    28.9871     3.8656    167.773 0.0000e+00
     67.517   1608.479    13.5595   4.521747     2.5494     0.2193  1.7059422  13.546852    13.5497    38.4917    28.9854     3.8875    168.724 0.0000e+00
     66.801   1609.479    13.5422   4.519158     2.5584     0.2243  1.7049756  13.549588    13.5325    38.4849    28.9837     3.9159    169.956 0.0000e+00
     66.091   1610.479    13.5318   4.517586     2.5676     0.2315  1.7044668  13.546852    13.5222    38.4806    28.9827     3.9300    170.569 0.0000e+00
     65.709   1611.479    13.5254   4.516705     2.5738     0.2345  1.7028388  13.529749    13.5159    38.4789    28.9826     3.9341    170.748 0.0000e+00
     65.732   1612.479    13.5257   4.516738     2.5778     0.2281  1.7008038  13.521540    13.5162    38.4788    28.9825     3.9403    171.015 0.0000e+00
     65.146   1613.479    13.5217   4.516040     2.5825     0.2401  1.6974461  13.514014    13.5123    38.4765    28.9815     3.9536    171.596 0.0000e+00
     64.404   1614.479    13.5151   4.515002     2.5882     0.2547  1.6936305  13.516067    13.5058    38.4735    28.9806     3.9651    172.095 0.0000e+00
     64.219   1615.479    13.5113   4.514412     2.5931     0.2378  1.6919007  13.512646    13.5020    38.4718    28.9801     3.9751    172.530 0.0000e+00
     63.491   1616.479    13.5088   4.513936     2.5984     0.2322  1.6905779  13.501698    13.4996    38.4702    28.9793     3.9847    172.944 0.0000e+00
     62.376   1617.479    13.5036   4.513065     2.6023     0.2273  1.6871185  13.503067    13.4946    38.4675    28.9784     3.9884    173.103 0.0000e+00
     62.349   1618.479    13.5033   4.513042     2.6052     0.2286  1.6869658  13.500330    13.4943    38.4676    28.9785     3.9938    173.342 0.0000e+00
     62.346   1619.479    13.5028   4.512922     2.6087     0.2454  1.6858466  13.499646    13.4938    38.4670    28.9781     4.0062    173.879 0.0000e+00
     61.450   1620.479    13.4987   4.512098     2.6149     0.2575  1.6843203  13.495540    13.4898    38.4637    28.9764     4.0239    174.647 0.0000e+00
     60.529   1621.479    13.4935   4.511169     2.6206     0.2538  1.6818783  13.489382    13.4847    38.4605    28.9750     4.0306    174.938 0.0000e+00
     59.822   1622.479    13.4933   4.511009     2.6246     0.2461  1.6804029  13.483908    13.4846    38.4595    28.9742     4.0345    175.105 0.0000e+00
     59.653   1623.479    13.4929   4.510964     2.6271     0.2539  1.6780627  13.483908    13.4843    38.4595    28.9743     4.0373    175.228 0.0000e+00
     60.035   1624.479    13.4938   4.511124     2.6302     0.2712  1.6755698  13.483908    13.4851    38.4599    28.9745     4.0452    175.570 0.0000e+00
     60.140   1625.479    13.4922   4.510941     2.6329     0.2678  1.6740944  13.484592    13.4835    38.4597    28.9747     4.0465    175.630 0.0000e+00
     59.949   1626.479    13.4935   4.511075     2.6335     0.2688  1.6736874  13.483908    13.4848    38.4598    28.9745     4.0442    175.527 0.0000e+00
     59.690   1627.479    13.4934   4.511029     2.6342     0.2579  1.6729752  13.482539    13.4847    38.4597    28.9743     4.0450    175.564 0.0000e+00
     59.712   1628.479    13.4935   4.511073     2.6344     0.2638  1.6713981  13.481171    13.4848    38.4599    28.9745     4.0428    175.469 0.0000e+00
     60.042   1629.479    13.4938   4.511135     2.6335     0.2632  1.6705841  13.482539    13.4851    38.4601    28.9746     4.0419    175.430 0.0000e+00
     60.073   1630.479    13.4936   4.511114     2.6343     0.2708  1.6703297  13.479118    13.4849    38.4600    28.9746     4.0474    175.667 0.0000e+00
     59.923   1631.479    13.4934   4.511072     2.6352     0.2824  1.6695666  13.481171    13.4847    38.4599    28.9745     4.0471    175.656 0.0000e+00
     60.083   1632.479    13.4933   4.511086     2.6355     0.2863  1.6693122  13.481855    13.4846    38.4600    28.9747     4.0482    175.703 0.0000e+00
     60.253   1633.479    13.4926   4.511031     2.6361     0.2936  1.6691596  13.481855    13.4839    38.4602    28.9750     4.0491    175.742 0.0000e+00
     60.118   1634.479    13.4927   4.511026     2.6361     0.2904  1.6695157  13.483224    13.4840    38.4601    28.9748     4.0480    175.695 0.0000e+00
     59.982   1635.479    13.4933   4.511079     2.6364     0.2707  1.6690070  13.480487    13.4846    38.4600    28.9747     4.0482    175.702 0.0000e+00
     59.920   1636.479    13.4932   4.511063     2.6359     0.2601  1.6688543  13.483224    13.4845    38.4600    28.9747     4.0462    175.613 0.0000e+00
     59.728   1637.479    13.4933   4.511061     2.6357     0.2583  1.6688543  13.481855    13.4846    38.4600    28.9747     4.0465    175.630 0.0000e+00
     59.968   1638.479    13.4934   4.511096     2.6355     0.2758  1.6691596  13.480487    13.4847    38.4601    28.9747     4.0455    175.585 0.0000e+00
     60.821   1639.479    13.4935   4.511206     2.6354     0.2823  1.6692613  13.480487    13.4847    38.4607    28.9752     4.0485    175.713 0.0000e+00
     60.894   1640.479    13.4944   4.511373     2.6367     0.2687  1.6693122  13.477065    13.4856    38.4613    28.9755     4.0548    175.990 0.0000e+00
     59.804   1641.479    13.4932   4.511026     2.6382     0.2837  1.6693631  13.478434    13.4845    38.4598    28.9745     4.0523    175.880 0.0000e+00
     58.989   1642.479    13.4922   4.510833     2.6376     0.2780  1.6689052  13.479802    13.4837    38.4592    28.9743     4.0508    175.815 0.0000e+00
     59.346   1643.479    13.4926   4.510894     2.6383     0.2759  1.6687017  13.476381    13.4840    38.4593    28.9742     4.0540    175.954 0.0000e+00
     60.179   1644.479    13.4928   4.510988     2.6390     0.2744  1.6691087  13.476381    13.4841    38.4596    28.9745     4.0585    176.146 0.0000e+00
     59.820   1645.479    13.4927   4.510939     2.6412     0.2792  1.6694140  13.476381    13.4840    38.4594    28.9743     4.0660    176.473 0.0000e+00
     58.494   1646.479    13.4877   4.510040     2.6437     0.2825  1.6687526  13.475697    13.4793    38.4564    28.9730     4.0734    176.796 0.0000e+00
     57.819   1647.479    13.4801   4.508977     2.6477     0.2780  1.6684982  13.471592    13.4717    38.4543    28.9729     4.0843    177.268 0.0000e+00
     57.548   1648.479    13.4775   4.508493     2.6513     0.2812  1.6683456  13.476381    13.4692    38.4524    28.9720     4.0894    177.488 0.0000e+00
     57.142   1649.479    13.4745   4.508009     2.6542     0.2909  1.6677351  13.470907    13.4662    38.4510    28.9716     4.0937    177.678 0.0000e+00
     57.113   1650.479    13.4741   4.507956     2.6565     0.2901  1.6678877  13.467486    13.4658    38.4509    28.9716     4.0966    177.801 0.0000e+00
