Boussole/Data/SBEMOOSE/Work/cnv/bous228_02.cnv
* Sea-Bird SBE 9 Data File:
* FileName = C:\boussole\202103\bous228_02.hdr
* Software Version Seasave V 7.23.2
* Temperature SN = 2473
* Conductivity SN = 2929
* Number of Bytes Per Scan = 37
* Number of Voltage Words = 4
* Number of Scans Averaged by the Deck Unit = 1
* NMEA Latitude = 43 22.28 N
* NMEA Longitude = 007 53.58 E
* NMEA UTC (Time) = Mar 03 2021  11:41:04
* NMEA baud rate = 4800
** Navire
** Station:
** Date
** Heure debut [TU]
** Heure fin [TU]
** Heure locale / TU = +0
** Latitude
** Longitude
** Heure meteo [TU]
** T air sec [deg C]
** T mer [deg C]
** Vent [noeuds, degres]
# nquan = 14
# nvalues = 1999                        
# units = specified
# name 0 = prDM: Pressure, Digiquartz [db]
# name 1 = timeS: Time, Elapsed [seconds]
# name 2 = t090C: Temperature [ITS-90, deg C]
# name 3 = c0S/m: Conductivity [S/m]
# name 4 = sbeox0V: Oxygen raw, SBE 43 [V]
# name 5 = flC: Fluorescence, Chelsea Aqua 3 Chl Con [ug/l]
# name 6 = upoly0: Upoly 0, RINKOIII_DO
# name 7 = upoly1: Upoly 1, RINKOIII_Temp
# name 8 = potemp090C: Potential Temperature [ITS-90, deg C]
# name 9 = sal00: Salinity, Practical [PSU]
# name 10 = sigma-é00: Density [sigma-theta, kg/m^3]
# name 11 = sbeox0ML/L: Oxygen, SBE 43 [ml/l], WS = 2
# name 12 = sbox0Mm/Kg: Oxygen, SBE 43 [umol/kg], WS = 2
# name 13 = flag: flag
# span 0 =      0.237,    406.151       
# span 1 =      0.479,   1998.188       
# span 2 =    13.3983,    13.8038       
# span 3 =   0.869973,   4.571743       
# span 4 =     2.1392,     3.0324       
# span 5 =    -0.2893,     2.4742       
# span 6 =  1.5174501,  1.8386243       
# span 7 =  13.384669,  13.767707       
# span 8 =    13.3944,    13.8036       
# span 9 =     6.3617,    38.6555       
# span 10 =     4.2172,    29.0900      
# span 11 =     3.1411,     4.8479      
# span 12 =    136.318,    210.419      
# span 13 = 0.0000e+00, 0.0000e+00      
# interval = seconds: 1                 
# start_time = Mar 03 2021 11:41:04 [NMEA time, header]
# bad_flag = -9.990e-29
*END*
      1.799      0.479    13.5920   4.508920     3.0023     0.8311  1.5214692  13.594048    13.5917    38.3665    28.8794     4.7626    206.728 0.0000e+00
      2.047      1.479    13.5686   4.506304     3.0031     0.8389  1.5217745  13.575581    13.5683    38.3649    28.8831     4.7663    206.889 0.0000e+00
      1.993      2.479    13.5732   4.507210     3.0019     0.8594  1.5219780  13.567373    13.5729    38.3689    28.8853     4.7588    206.559 0.0000e+00
      1.724      3.479    13.6029   4.510316     3.0004     0.8426  1.5212657  13.585157    13.6026    38.3689    28.8789     4.7582    206.537 0.0000e+00
      1.753      4.479    13.5935   4.509024     3.0023     0.8035  1.5214184  13.589261    13.5932    38.3660    28.8787     4.7650    206.831 0.0000e+00
      1.931      5.479    13.5811   4.507541     3.0016     0.8044  1.5219271  13.579001    13.5808    38.3642    28.8799     4.7591    206.575 0.0000e+00
      1.930      6.479    13.5748   4.507223     3.0002     0.8337  1.5215201  13.572845    13.5745    38.3675    28.8838     4.7538    206.346 0.0000e+00
      1.836      7.479    13.5707   4.506777     2.9979     0.8255  1.5215201  13.583789    13.5704    38.3675    28.8847     4.7531    206.313 0.0000e+00
      1.853      8.479    13.5695   4.506636     2.9987     0.8544  1.5217236  13.588577    13.5692    38.3673    28.8848     4.7622    206.711 0.0000e+00
      1.853      9.479    13.5756   4.507435     3.0007     0.8418  1.5216728  13.585157    13.5753    38.3687    28.8846     4.7673    206.932 0.0000e+00
      1.873     10.479    13.5807   4.507801     3.0028     0.8318  1.5217745  13.587893    13.5804    38.3671    28.8823     4.7697    207.034 0.0000e+00
      1.889     11.479    13.5863   4.508547     3.0037     0.8192  1.5216219  13.591312    13.5860    38.3686    28.8822     4.7667    206.905 0.0000e+00
      1.869     12.479    13.5815   4.507859     3.0036     0.8150  1.5212657  13.597468    13.5812    38.3669    28.8819     4.7670    206.916 0.0000e+00
      1.845     13.479    13.5829   4.508241     3.0040     0.7909  1.5217236  13.598152    13.5826    38.3692    28.8834     4.7696    207.032 0.0000e+00
      1.856     14.479    13.5794   4.507635     3.0054     0.8016  1.5215710  13.598836    13.5791    38.3669    28.8824     4.7754    207.281 0.0000e+00
      1.858     15.479    13.5708   4.506933     3.0072     0.7872  1.5216219  13.597468    13.5705    38.3688    28.8857     4.7771    207.357 0.0000e+00
      1.763     16.479    13.5869   4.508488     3.0068     0.7773  1.5212149  13.598836    13.5866    38.3675    28.8812     4.7696    207.030 0.0000e+00
      1.866     17.479    13.5738   4.507060     3.0058     0.7686  1.5217236  13.598836    13.5735    38.3670    28.8836     4.7713    207.104 0.0000e+00
      1.989     18.479    13.5588   4.505434     3.0068     0.8110  1.5211131  13.606359    13.5585    38.3665    28.8864     4.7799    207.477 0.0000e+00
      1.952     19.479    13.5672   4.506628     3.0082     0.8699  1.5209096  13.603623    13.5669    38.3695    28.8870     4.7766    207.335 0.0000e+00
      1.799     20.479    13.5892   4.508827     3.0067     0.8449  1.5210114  13.605675    13.5889    38.3684    28.8815     4.7666    206.901 0.0000e+00
      1.757     21.479    13.6070   4.510685     3.0053     0.8354  1.5213166  13.602255    13.6067    38.3683    28.8776     4.7676    206.944 0.0000e+00
      1.815     22.479    13.6057   4.510351     3.0066     0.8198  1.5213675  13.612514    13.6054    38.3663    28.8764     4.7711    207.095 0.0000e+00
      1.922     23.479    13.5998   4.509939     3.0059     0.8066  1.5212149  13.609778    13.5995    38.3683    28.8791     4.7687    206.992 0.0000e+00
      1.993     24.479    13.5881   4.508726     3.0066     0.7819  1.5214184  13.604991    13.5878    38.3684    28.8817     4.7747    207.252 0.0000e+00
      1.860     25.479    13.5823   4.508042     3.0079     0.8238  1.5215710  13.601572    13.5820    38.3678    28.8825     4.7789    207.433 0.0000e+00
      1.707     26.479    13.5955   4.509555     3.0086     0.8776  1.5211131  13.613881    13.5952    38.3691    28.8806     4.7746    207.250 0.0000e+00
      1.857     27.479    13.5720   4.506847     3.0078     0.8456  1.5211131  13.615249    13.5717    38.3668    28.8838     4.7729    207.171 0.0000e+00
      2.027     28.479    13.5664   4.506250     3.0069     0.8199  1.5215710  13.604307    13.5660    38.3667    28.8850     4.7707    207.078 0.0000e+00
      1.909     29.479    13.5706   4.506819     3.0052     0.8206  1.5215201  13.598836    13.5703    38.3679    28.8851     4.7671    206.923 0.0000e+00
      1.688     30.479    13.5902   4.509030     3.0045     0.8246  1.5215201  13.610462    13.5899    38.3694    28.8820     4.7656    206.857 0.0000e+00
      1.642     31.479    13.5940   4.509090     3.0044     0.8036  1.5209605  13.615249    13.5938    38.3661    28.8787     4.7674    206.938 0.0000e+00
      1.987     32.479    13.5626   4.505802     3.0052     0.7910  1.5216219  13.602255    13.5623    38.3662    28.8854     4.7756    207.290 0.0000e+00
      2.152     33.479    13.5480   4.504464     3.0064     0.8332  1.5217236  13.599520    13.5477    38.3680    28.8900     4.7759    207.302 0.0000e+00
      1.804     34.479    13.5887   4.509120     3.0055     0.8553  1.5210622  13.607043    13.5884    38.3717    28.8841     4.7646    206.811 0.0000e+00
      1.636     35.479    13.5979   4.509498     3.0039     0.8095  1.5211131  13.615249    13.5977    38.3661    28.8778     4.7637    206.775 0.0000e+00
      1.891     36.479    13.5671   4.506224     3.0041     0.8146  1.5215710  13.603623    13.5668    38.3657    28.8841     4.7711    207.095 0.0000e+00
      2.306     37.479    13.5342   4.502939     3.0055     0.8089  1.5217745  13.578317    13.5339    38.3673    28.8923     4.7784    207.413 0.0000e+00
      2.404     38.479    13.5404   4.503664     3.0058     0.7818  1.5219780  13.569425    13.5400    38.3680    28.8915     4.7719    207.127 0.0000e+00
      2.411     39.479    13.5470   4.504271     3.0037     0.7791  1.5214692  13.593364    13.5466    38.3671    28.8895     4.7672    206.924 0.0000e+00
      2.816     40.479    13.5270   4.501842     3.0041     0.7943  1.5218762  13.582421    13.5266    38.3639    28.8912     4.7754    207.281 0.0000e+00
      3.503     41.479    13.4904   4.498256     3.0042     0.8171  1.5229955  13.549588    13.4899    38.3661    28.9007     4.7759    207.301 0.0000e+00
      4.070     42.479    13.4679   4.495880     3.0034     0.8695  1.5229955  13.532486    13.4673    38.3658    28.9053     4.7765    207.325 0.0000e+00
      4.537     43.479    13.4559   4.494711     3.0025     0.9072  1.5231990  13.532486    13.4553    38.3664    28.9083     4.7760    207.302 0.0000e+00
      5.149     44.479    13.4438   4.493483     3.0019     0.9397  1.5237077  13.506488    13.4431    38.3666    28.9110     4.7767    207.335 0.0000e+00
      5.845     45.479    13.4379   4.492915     3.0012     1.0194  1.5240639  13.465433    13.4371    38.3668    28.9125     4.7760    207.302 0.0000e+00
      6.484     46.479    13.4347   4.492624     3.0002     1.0827  1.5238604  13.449009    13.4337    38.3670    28.9133     4.7724    207.148 0.0000e+00
      7.067     47.479    13.4299   4.492141     2.9984     1.1093  1.5236569  13.449009    13.4289    38.3669    28.9143     4.7663    206.882 0.0000e+00
      7.621     48.479    13.4256   4.491779     2.9952     1.2047  1.5238095  13.451746    13.4245    38.3675    28.9157     4.7636    206.765 0.0000e+00
      8.319     49.479    13.4237   4.491667     2.9960     1.1951  1.5240130  13.433952    13.4225    38.3681    28.9165     4.7739    207.209 0.0000e+00
      9.035     50.479    13.4202   4.491391     2.9971     1.2478  1.5237586  13.419579    13.4189    38.3686    28.9177     4.7763    207.313 0.0000e+00
      9.578     51.479    13.4184   4.491217     2.9977     1.2734  1.5236569  13.419579    13.4170    38.3685    28.9181     4.7751    207.263 0.0000e+00
     10.200     52.479    13.4150   4.491011     2.9972     1.3185  1.5239113  13.423686    13.4135    38.3697    28.9197     4.7744    207.232 0.0000e+00
     10.950     53.479    13.4116   4.490718     2.9975     1.5079  1.5238604  13.413419    13.4100    38.3700    28.9207     4.7777    207.376 0.0000e+00
     11.673     54.479    13.4091   4.490547     2.9975     1.6449  1.5240130  13.408628    13.4074    38.3705    28.9216     4.7738    207.204 0.0000e+00
     12.202     55.479    13.4076   4.490475     2.9963     1.6954  1.5237586  13.410681    13.4059    38.3711    28.9224     4.7756    207.281 0.0000e+00
     12.621     56.479    13.4072   4.490508     2.9972     1.7219  1.5238604  13.404521    13.4054    38.3716    28.9229     4.7754    207.276 0.0000e+00
     13.152     57.479    13.4068   4.490572     2.9954     1.7878  1.5237586  13.407943    13.4049    38.3724    28.9236     4.7691    206.999 0.0000e+00
     13.727     58.479    13.4063   4.490609     2.9946     1.9361  1.5236569  13.403152    13.4043    38.3730    28.9242     4.7717    207.112 0.0000e+00
     14.237     59.479    13.4043   4.490512     2.9948     2.0108  1.5238095  13.403152    13.4022    38.3738    28.9253     4.7769    207.340 0.0000e+00
     14.720     60.479    13.4027   4.490451     2.9967     2.0173  1.5237586  13.402467    13.4006    38.3746    28.9262     4.7794    207.449 0.0000e+00
     15.331     61.479    13.4032   4.490718     2.9955     2.0447  1.5239621  13.403152    13.4009    38.3765    28.9276     4.7693    207.007 0.0000e+00
     15.987     62.479    13.4037   4.490959     2.9931     2.2338  1.5237586  13.401783    13.4014    38.3780    28.9287     4.7612    206.659 0.0000e+00
     16.444     63.479    13.4052   4.491220     2.9893     2.3180  1.5229955  13.398360    13.4028    38.3788    28.9290     4.7523    206.272 0.0000e+00
     16.909     64.479    13.4051   4.491257     2.9869     2.3113  1.5230973  13.402467    13.4026    38.3790    28.9292     4.7567    206.464 0.0000e+00
     17.556     65.479    13.4043   4.491339     2.9877     2.2742  1.5227411  13.401098    13.4018    38.3803    28.9304     4.7627    206.723 0.0000e+00
     18.136     66.479    13.4046   4.491652     2.9884     2.2850  1.5227920  13.401098    13.4020    38.3827    28.9322     4.7657    206.853 0.0000e+00
     18.592     67.479    13.4050   4.491876     2.9899     2.2906  1.5226903  13.396991    13.4024    38.3842    28.9333     4.7685    206.972 0.0000e+00
     19.264     68.479    13.4054   4.492167     2.9903     2.3929  1.5227920  13.394253    13.4026    38.3863    28.9349     4.7657    206.850 0.0000e+00
     20.019     69.479    13.4055   4.492378     2.9896     2.3251  1.5229955  13.396991    13.4027    38.3878    28.9361     4.7653    206.832 0.0000e+00
     20.530     70.479    13.4055   4.492469     2.9904     2.3737  1.5233007  13.396307    13.4026    38.3885    28.9366     4.7705    207.061 0.0000e+00
     20.925     71.479    13.4055   4.492555     2.9906     2.3907  1.5233516  13.399045    13.4025    38.3892    28.9371     4.7618    206.682 0.0000e+00
     21.494     72.479    13.4047   4.492586     2.9870     2.3040  1.5234534  13.401783    13.4016    38.3901    28.9380     4.7509    206.208 0.0000e+00
     22.122     73.479    13.4033   4.492545     2.9843     2.3331  1.5233516  13.396991    13.4002    38.3907    28.9388     4.7459    205.992 0.0000e+00
     22.710     74.479    13.4026   4.492600     2.9804     2.2738  1.5237077  13.400414    13.3993    38.3917    28.9397     4.7371    205.609 0.0000e+00
     23.375     75.479    13.4023   4.492665     2.9774     2.2045  1.5238604  13.399729    13.3989    38.3923    28.9403     4.7361    205.563 0.0000e+00
     23.957     76.479    13.4013   4.492700     2.9759     2.2160  1.5238604  13.397676    13.3978    38.3935    28.9414     4.7344    205.493 0.0000e+00
     24.352     77.479    13.4003   4.492695     2.9736     2.2214  1.5241147  13.399045    13.3968    38.3942    28.9422     4.7261    205.132 0.0000e+00
     24.850     78.479    13.3996   4.492756     2.9707     2.2003  1.5241656  13.398360    13.3960    38.3953    28.9432     4.7257    205.111 0.0000e+00
     25.542     79.479    13.3988   4.492879     2.9708     2.1444  1.5246235  13.389461    13.3951    38.3969    28.9447     4.7318    205.380 0.0000e+00
     26.220     80.479    13.3986   4.492936     2.9709     2.1440  1.5252340  13.388092    13.3948    38.3974    28.9451     4.7268    205.159 0.0000e+00
     26.821     81.479    13.3984   4.493001     2.9683     2.0982  1.5255901  13.388092    13.3945    38.3979    28.9456     4.7169    204.731 0.0000e+00
     27.284     82.479    13.3983   4.493045     2.9651     2.0965  1.5253866  13.386723    13.3944    38.3982    28.9459     4.7045    204.191 0.0000e+00
     27.640     83.479    13.3984   4.493088     2.9587     2.1380  1.5258445  13.388777    13.3944    38.3984    28.9460     4.6901    203.567 0.0000e+00
     28.193     84.479    13.4039   4.493977     2.9549     2.1209  1.5257936  13.388092    13.3998    38.4011    28.9470     4.6896    203.546 0.0000e+00
     28.956     85.479    13.4052   4.494164     2.9524     2.0621  1.5265568  13.385354    13.4010    38.4012    28.9468     4.6845    203.326 0.0000e+00
     29.677     86.479    13.4049   4.494190     2.9491     1.9188  1.5277269  13.387408    13.4006    38.4015    28.9470     4.6790    203.084 0.0000e+00
     30.194     87.479    13.4069   4.494517     2.9470     1.9192  1.5285409  13.391515    13.4025    38.4023    28.9473     4.6756    202.937 0.0000e+00
     30.582     88.479    13.4082   4.494765     2.9439     1.8901  1.5298636  13.392199    13.4038    38.4032    28.9477     4.6663    202.536 0.0000e+00
     31.069     89.479    13.4083   4.494761     2.9407     1.8255  1.5303724  13.391515    13.4039    38.4028    28.9474     4.6613    202.318 0.0000e+00
     31.682     90.479    13.4098   4.495022     2.9381     1.7884  1.5303215  13.390146    13.4053    38.4035    28.9476     4.6582    202.181 0.0000e+00
     32.300     91.479    13.4103   4.495111     2.9357     1.7837  1.5310338  13.394938    13.4056    38.4036    28.9477     4.6506    201.854 0.0000e+00
     32.874     92.479    13.4102   4.495110     2.9326     1.7778  1.5326109  13.397676    13.4055    38.4034    28.9475     4.6516    201.897 0.0000e+00
     33.507     93.479    13.4100   4.495123     2.9336     1.7068  1.5333231  13.400414    13.4052    38.4035    28.9477     4.6615    202.327 0.0000e+00
     34.057     94.479    13.4098   4.495112     2.9347     1.6175  1.5348494  13.401098    13.4049    38.4033    28.9476     4.6594    202.236 0.0000e+00
     34.494     95.479    13.4101   4.495134     2.9339     1.6212  1.5353581  13.400414    13.4051    38.4030    28.9473     4.6574    202.147 0.0000e+00
     35.081     96.479    13.4096   4.495110     2.9341     1.6607  1.5357651  13.400414    13.4046    38.4030    28.9474     4.6610    202.304 0.0000e+00
     35.794     97.479    13.4096   4.495135     2.9349     1.5801  1.5362739  13.396991    13.4044    38.4030    28.9474     4.6596    202.244 0.0000e+00
     36.290     98.479    13.4097   4.495189     2.9332     1.6099  1.5369861  13.397676    13.4045    38.4031    28.9475     4.6535    201.978 0.0000e+00
     36.616     99.479    13.4100   4.495239     2.9322     1.7694  1.5373423  13.399045    13.4047    38.4031    28.9474     4.6520    201.914 0.0000e+00
     37.259    100.479    13.4109   4.495395     2.9303     1.9126  1.5373423  13.397676    13.4056    38.4034    28.9475     4.6435    201.546 0.0000e+00
     38.132    101.479    13.4109   4.495422     2.9269     1.9526  1.5375457  13.399045    13.4054    38.4033    28.9475     4.6391    201.352 0.0000e+00
     38.716    102.479    13.4112   4.495510     2.9262     1.7131  1.5377493  13.396307    13.4056    38.4036    28.9476     4.6460    201.653 0.0000e+00
