Boussole/Data/SBEMOOSE/Work/cnv/bous232_01.cnv
* Sea-Bird SBE 9 Data File:
* FileName = C:\boussole\202107\bous232_01.hdr
* Software Version Seasave V 7.23.2
* Temperature SN = 2473
* Conductivity SN = 2929
* Number of Bytes Per Scan = 24
* Number of Voltage Words = 4
* Number of Scans Averaged by the Deck Unit = 1
* NMEA baud rate = 4800
** Campagne = BOUSSOLE 232
** Navire = Tethys II
** Station = BOUS232_01
** Date = 12/07/2021
** Heure debut [TU] = 11:01
** Heure fin [TU] = 11:22
** Heure locale / TU = +2
** Latitude = 43 21.957 N
** Longitude = 007 53.921 E
** Heure meteo [TU] = 11:09
** T air sec [deg C] = 23.4
** T mer [deg C] = 23.50
** Vent [noeuds, degres] = 12.5, 71
** Pression atm [hpa] = 1012.1
** Humidite [%] = 82.3
** Nebulosite [octas] = 6-7
** Etat de la mer [code S] = 3
# nquan = 14
# nvalues = 1256                        
# units = specified
# name 0 = prDM: Pressure, Digiquartz [db]
# name 1 = timeS: Time, Elapsed [seconds]
# name 2 = t090C: Temperature [ITS-90, deg C]
# name 3 = c0S/m: Conductivity [S/m]
# name 4 = sbeox0V: Oxygen raw, SBE 43 [V]
# name 5 = flC: Fluorescence, Chelsea Aqua 3 Chl Con [ug/l]
# name 6 = upoly0: Upoly 0, RINKOIII_DO
# name 7 = upoly1: Upoly 1, RINKOIII_Temp
# name 8 = potemp090C: Potential Temperature [ITS-90, deg C]
# name 9 = sal00: Salinity, Practical [PSU]
# name 10 = sigma-é00: Density [sigma-theta, kg/m^3]
# name 11 = sbeox0ML/L: Oxygen, SBE 43 [ml/l], WS = 2
# name 12 = sbox0Mm/Kg: Oxygen, SBE 43 [umol/kg], WS = 2
# name 13 = flag: flag
# span 0 =      0.055,    301.755       
# span 1 =      0.479,   1255.042       
# span 2 =    13.5820,    23.2054       
# span 3 =   4.524931,   5.547696       
# span 4 =     2.4715,     3.9879       
# span 5 =    -0.2341,     2.4195       
# span 6 =  1.3346561,  1.8145095       
# span 7 =  13.583105,  23.159161       
# span 8 =    13.5685,    23.2051       
# span 9 =    38.2073,    38.6675       
# span 10 =    26.3832,    29.0720      
# span 11 =     3.7479,     6.2575      
# span 12 =    162.651,    271.846      
# span 13 = 0.0000e+00, 0.0000e+00      
# interval = seconds: 1                 
# start_time = Jul 12 2021 11:01:32 [System UTC, header]
# bad_flag = -9.990e-29
*END*
[from data line 1033]
     42.165   1033.479    13.7593   4.534593     3.1830     2.0997  1.5907611  13.749936    13.7531    38.4245    28.8898     5.0617    219.707 0.0000e+00
     42.499   1034.479    13.7568   4.534367     3.1848     2.1067  1.5903541  13.749253    13.7506    38.4247    28.8905     5.0712    220.121 0.0000e+00
     42.230   1035.479    13.7589   4.534558     3.1864     2.1053  1.5905067  13.748569    13.7526    38.4246    28.8900     5.0705    220.090 0.0000e+00
     41.913   1036.479    13.7606   4.534693     3.1867     2.1144  1.5902015  13.750620    13.7545    38.4242    28.8893     5.0662    219.905 0.0000e+00
     42.202   1037.479    13.7582   4.534470     3.1855     2.1110  1.5896418  13.748570    13.7519    38.4244    28.8900     5.0624    219.740 0.0000e+00
     42.401   1038.479    13.7568   4.534387     3.1846     2.1101  1.5900488  13.749253    13.7506    38.4249    28.8906     5.0619    219.718 0.0000e+00
     42.256   1039.479    13.7582   4.534503     3.1846     2.1016  1.5899980  13.749936    13.7520    38.4247    28.8902     5.0692    220.035 0.0000e+00
     42.003   1040.479    13.7592   4.534572     3.1869     2.1172  1.5901506  13.751987    13.7530    38.4244    28.8898     5.0698    220.059 0.0000e+00
     42.066   1041.479    13.7596   4.534616     3.1859     2.1332  1.5901506  13.749253    13.7534    38.4244    28.8897     5.0649    219.849 0.0000e+00
     42.439   1042.479    13.7572   4.534396     3.1864     2.1263  1.5902015  13.747886    13.7510    38.4246    28.8904     5.0724    220.173 0.0000e+00
     42.418   1043.479    13.7577   4.534456     3.1883     2.1226  1.5904050  13.748569    13.7515    38.4247    28.8903     5.0750    220.284 0.0000e+00
     41.977   1044.479    13.7603   4.534666     3.1886     2.1214  1.5902015  13.747886    13.7541    38.4243    28.8894     5.0690    220.024 0.0000e+00
     41.971   1045.479    13.7601   4.534650     3.1865     2.1206  1.5898962  13.748569    13.7540    38.4243    28.8894     5.0635    219.786 0.0000e+00
     42.381   1046.479    13.7579   4.534459     3.1869     2.1226  1.5900997  13.748569    13.7517    38.4245    28.8901     5.0718    220.144 0.0000e+00
     42.361   1047.479    13.7582   4.534490     3.1876     2.1272  1.5900997  13.749253    13.7520    38.4245    28.8900     5.0712    220.123 0.0000e+00
     41.996   1048.479    13.7594   4.534594     3.1878     2.1277  1.5898453  13.749253    13.7532    38.4245    28.8898     5.0697    220.056 0.0000e+00
     42.028   1049.479    13.7596   4.534610     3.1869     2.1203  1.5896927  13.749936    13.7534    38.4244    28.8897     5.0636    219.790 0.0000e+00
     42.351   1050.479    13.7581   4.534492     3.1858     2.1155  1.5898962  13.749253    13.7519    38.4246    28.8901     5.0674    219.955 0.0000e+00
     42.360   1051.479    13.7578   4.534455     3.1871     2.1158  1.5894383  13.749936    13.7516    38.4245    28.8902     5.0713    220.123 0.0000e+00
     42.133   1052.479    13.7584   4.534515     3.1872     2.1274  1.5900997  13.747886    13.7522    38.4246    28.8901     5.0692    220.032 0.0000e+00
     42.080   1053.479    13.7590   4.534554     3.1870     2.1297  1.5896418  13.749253    13.7528    38.4244    28.8898     5.0667    219.925 0.0000e+00
     42.187   1054.479    13.7588   4.534528     3.1861     2.1414  1.5900488  13.752670    13.7526    38.4244    28.8898     5.0677    219.967 0.0000e+00
     42.264   1055.479    13.7579   4.534453     3.1879     2.1374  1.5897945  13.748569    13.7517    38.4245    28.8902     5.0768    220.364 0.0000e+00
     42.203   1056.479    13.7575   4.534426     3.1891     2.1446  1.5895910  13.751303    13.7513    38.4246    28.8903     5.0751    220.289 0.0000e+00
     42.087   1057.479    13.7581   4.534459     3.1899     2.1619  1.5895910  13.749936    13.7519    38.4244    28.8900     5.0780    220.414 0.0000e+00
     42.156   1058.479    13.7580   4.534450     3.1903     2.1472  1.5895910  13.751987    13.7518    38.4244    28.8900     5.0730    220.199 0.0000e+00
     42.429   1059.479    13.7561   4.534291     3.1895     2.1363  1.5892857  13.747202    13.7499    38.4247    28.8906     5.0798    220.494 0.0000e+00
     42.272   1060.479    13.7570   4.534352     3.1935     2.1380  1.5895401  13.749936    13.7508    38.4245    28.8903     5.0931    221.072 0.0000e+00
     41.843   1061.479    13.7581   4.534430     3.1952     2.1417  1.5891840  13.747203    13.7520    38.4242    28.8898     5.0852    220.729 0.0000e+00
     42.216   1062.479    13.7571   4.534362     3.1948     2.1400  1.5889296  13.746519    13.7509    38.4245    28.8903     5.0848    220.711 0.0000e+00
     42.441   1063.479    13.7560   4.534269     3.1950     2.1329  1.5890314  13.747203    13.7498    38.4246    28.8906     5.0843    220.691 0.0000e+00
     41.937   1064.479    13.7576   4.534391     3.1940     2.1240  1.5892857  13.747202    13.7514    38.4244    28.8901     5.0749    220.279 0.0000e+00
     42.064   1065.479    13.7572   4.534352     3.1904     2.1229  1.5891331  13.747886    13.7510    38.4244    28.8902     5.0667    219.925 0.0000e+00
     42.432   1066.479    13.7558   4.534248     3.1894     2.1309  1.5889805  13.747202    13.7496    38.4246    28.8906     5.0771    220.378 0.0000e+00
     42.308   1067.479    13.7562   4.534275     3.1921     2.1455  1.5890314  13.748569    13.7500    38.4245    28.8905     5.0884    220.868 0.0000e+00
     41.899   1068.479    13.7575   4.534376     3.1944     2.1538  1.5892857  13.747202    13.7514    38.4243    28.8900     5.0910    220.981 0.0000e+00
     41.490   1069.479    13.7593   4.534540     3.1975     2.1636  1.5886752  13.751987    13.7532    38.4243    28.8896     5.1041    221.549 0.0000e+00
     41.114   1070.479    13.7622   4.534805     3.2033     2.1639  1.5883191  13.753354    13.7562    38.4240    28.8888     5.1316    222.742 0.0000e+00
     40.618   1071.479    13.7657   4.535098     3.2183     2.1718  1.5877086  13.758822    13.7597    38.4236    28.8877     5.2104    226.165 0.0000e+00
     39.866   1072.479    13.7708   4.535533     3.2546     2.1756  1.5875560  13.758139    13.7650    38.4229    28.8860     5.3608    232.693 0.0000e+00
     38.677   1073.479    13.7894   4.537092     3.3138     2.1963  1.5857245  13.763606    13.7837    38.4196    28.8794     5.5042    238.918 0.0000e+00
     37.684   1074.479    13.8125   4.538420     3.3678     2.2007  1.5796703  13.789577    13.8070    38.4094    28.8666     5.5875    242.536 0.0000e+00
     37.072   1075.479    13.8160   4.538557     3.4169     2.2039  1.5639500  13.799827    13.8106    38.4075    28.8643     5.6725    246.228 0.0000e+00
     36.111   1076.479    13.8305   4.539714     3.4625     2.3216  1.5513329  13.795044    13.8252    38.4043    28.8587     5.7585    249.960 0.0000e+00
     34.885   1077.479    13.8547   4.541997     3.5093     2.4195  1.5453805  13.805294    13.8495    38.4023    28.8519     5.8290    253.021 0.0000e+00
     33.919   1078.479    13.8786   4.544123     3.5432     2.2935  1.5372405  13.835360    13.8736    38.3989    28.8441     5.8537    254.096 0.0000e+00
     32.921   1079.479    13.8986   4.546149     3.5660     1.9445  1.5273708  13.849709    13.8937    38.3986    28.8395     5.8543    254.123 0.0000e+00
     31.856   1080.479    13.9470   4.551264     3.5750     1.6033  1.5171957  13.872938    13.9423    38.3990    28.8293     5.8449    253.717 0.0000e+00
     30.976   1081.479    13.9930   4.555647     3.5867     1.4341  1.5093101  13.900263    13.9884    38.3949    28.8161     5.8807    255.274 0.0000e+00
     30.051   1082.479    14.0103   4.557299     3.6038     1.2528  1.5042226  13.922122    14.0058    38.3936    28.8114     5.9137    256.710 0.0000e+00
     29.120   1083.479    14.0270   4.559004     3.6174     1.1120  1.4985755  13.970613    14.0227    38.3934    28.8075     5.9216    257.053 0.0000e+00
     27.978   1084.479    14.1045   4.567479     3.6247     1.1463  1.4956247  13.916656    14.1003    38.3965    28.7931     5.9125    256.661 0.0000e+00
     26.685   1085.479    14.1998   4.577233     3.6311     1.2605  1.4950651  13.956944    14.1958    38.3939    28.7702     5.9196    256.974 0.0000e+00
     26.041   1086.479    14.2181   4.578556     3.6430     1.2756  1.4901811  14.111941    14.2142    38.3883    28.7619     5.9722    259.263 0.0000e+00
     25.414   1087.479    14.2055   4.578047     3.6681     1.1659  1.4869251  14.106480    14.2017    38.3964    28.7708     6.0453    262.432 0.0000e+00
     23.911   1088.479    14.3504   4.592897     3.6937     0.9670  1.4835165  14.137194    14.3468    38.3922    28.7358     6.0742    263.695 0.0000e+00
     22.682   1089.479    14.5357   4.612099     3.7188     0.8184  1.4725275  14.385507    14.5322    38.3885    28.6920     6.0995    264.804 0.0000e+00
     21.912   1090.479    14.5219   4.610509     3.7437     0.7483  1.4617929  14.499382    14.5186    38.3876    28.6943     6.1468    266.860 0.0000e+00
     21.140   1091.479    14.6845   4.628114     3.7691     0.6923  1.4536529  14.562768    14.6813    38.3910    28.6608     6.1853    268.539 0.0000e+00
     20.364   1092.479    14.7867   4.637528     3.7983     0.6469  1.4464794  14.656129    14.7836    38.3779    28.6277     6.2136    269.777 0.0000e+00
     19.115   1093.479    14.8731   4.647551     3.8130     0.5896  1.4459707  14.541643    14.8701    38.3861    28.6147     6.1849    268.535 0.0000e+00
     17.819   1094.479    15.0961   4.670816     3.8159     0.5807  1.4405270  14.735815    15.0934    38.3822    28.5613     6.1521    267.122 0.0000e+00
     17.024   1095.479    15.2000   4.681740     3.8229     0.5150  1.4318274  15.020461    15.1974    38.3811    28.5368     6.1572    267.351 0.0000e+00
     16.241   1096.479    15.3182   4.693568     3.8287     0.5016  1.4266382  15.127311    15.3156    38.3743    28.5046     6.1591    267.442 0.0000e+00
     15.196   1097.479    15.4251   4.704582     3.8394     0.4454  1.4256715  15.131394    15.4227    38.3710    28.4775     6.1700    267.923 0.0000e+00
     14.041   1098.479    15.5122   4.713866     3.8477     0.4172  1.4288258  14.984377    15.5100    38.3713    28.4576     6.1674    267.813 0.0000e+00
     13.151   1099.479    15.6216   4.724066     3.8563     0.4170  1.4225173  15.225939    15.6195    38.3580    28.4222     6.1960    269.065 0.0000e+00
     12.462   1100.479    15.7232   4.735165     3.8803     0.4132  1.4171754  15.426616    15.7212    38.3604    28.4004     6.2355    270.788 0.0000e+00
     11.556   1101.479    15.9015   4.753102     3.8913     0.3762  1.4184473  15.368132    15.8997    38.3503    28.3510     6.2040    269.434 0.0000e+00
     10.743   1102.479    16.3137   4.797574     3.9016     0.3496  1.4121897  15.626465    16.3120    38.3529    28.2557     6.1883    268.775 0.0000e+00
     10.465   1103.479    16.5441   4.820143     3.9146     0.3404  1.4068478  15.877266    16.5424    38.3334    28.1859     6.1519    267.213 0.0000e+00
      9.915   1104.479    16.7271   4.840762     3.9091     0.3346  1.3985551  16.145574    16.7254    38.3419    28.1484     6.1180    265.750 0.0000e+00
      9.193   1105.479    17.1712   4.886230     3.9201     0.3359  1.3974359  16.317405    17.1697    38.3207    28.0243     6.1338    266.467 0.0000e+00
      8.818   1106.479    17.2883   4.899773     3.9561     0.3369  1.3918905  16.709820    17.2868    38.3288    28.0017     6.2575    271.846 0.0000e+00
      8.602   1107.479    17.8105   4.958182     3.9879     0.3218  1.3925519  16.705748    17.8090    38.3451    27.8845     6.0063    260.962 0.0000e+00
      8.335   1108.479    18.8185   5.077867     3.8656     0.3065  1.3657916  17.130007    18.8170    38.4276    27.6889     5.4734    237.857 0.0000e+00
      7.701   1109.479    21.3409   5.347715     3.7225     0.3059  1.3583639  19.204599    21.3394    38.3649    26.9632     5.0984    221.718 0.0000e+00
      6.910   1110.479    21.7059   5.383374     3.6903     0.2845  1.4087302  17.328149    21.7045    38.3262    26.8313     5.2568    228.635 0.0000e+00
      6.397   1111.479    20.9280   5.291556     3.7622     0.2865  1.3873118  18.142019    20.9268    38.2796    27.0122     5.4445    236.757 0.0000e+00
      5.984   1112.479    20.3197   5.226657     3.7275     0.2755  1.3983517  17.719763    20.3186    38.2978    27.1928     5.2740    229.303 0.0000e+00
      5.447   1113.479    22.0797   5.434543     3.6639     0.2628  1.3879223  17.787741    22.0786    38.4031    26.7827     5.0194    218.321 0.0000e+00
      4.679   1114.479    22.9254   5.519861     3.6231     0.2492  1.3346561  20.749661    22.9244    38.3323    26.4856     4.9272    214.372 0.0000e+00
      4.122   1115.479    22.9991   5.528267     3.6167     0.2541  1.3439153  21.765754    22.9983    38.3338    26.4651     4.9547    215.573 0.0000e+00
      4.224   1116.479    22.8409   5.507773     3.6134     0.2598  1.3639602  22.010922    22.8400    38.3115    26.4942     4.9459    215.184 0.0000e+00
      4.138   1117.479    22.8427   5.513243     3.5993     0.2584  1.3727615  22.235871    22.8418    38.3531    26.5252     4.9198    214.040 0.0000e+00
      4.055   1118.479    23.1065   5.538382     3.5930     0.2492  1.3792226  22.529251    23.1057    38.3190    26.4223     4.9026    213.313 0.0000e+00
      4.247   1119.479    23.0960   5.536870     3.5928     0.2260  1.3874135  22.714810    23.0951    38.3163    26.4233     4.9083    213.560 0.0000e+00
      4.353   1120.479    23.0930   5.536174     3.5933     0.2232  1.3917379  22.582337    23.0921    38.3134    26.4221     4.9097    213.625 0.0000e+00
      4.069   1121.479    23.0920   5.535862     3.5935     0.2127  1.3918397  22.784516    23.0911    38.3120    26.4213     4.9064    213.478 0.0000e+00
      4.047   1122.479    23.1038   5.536835     3.5898     0.2129  1.3931115  22.788656    23.1030    38.3093    26.4157     4.8957    213.013 0.0000e+00
      4.244   1123.479    23.1038   5.536619     3.5872     0.2112  1.3942816  22.819042    23.1029    38.3076    26.4144     4.8969    213.069 0.0000e+00
      4.169   1124.479    23.1043   5.536420     3.5880     0.2047  1.3940273  22.772085    23.1034    38.3056    26.4128     4.9015    213.267 0.0000e+00
      4.199   1125.479    23.0763   5.533074     3.5894     0.2074  1.3929080  22.794872    23.0754    38.3039    26.4197     4.9056    213.446 0.0000e+00
      4.259   1126.479    23.0789   5.533240     3.5897     0.1980  1.3936203  22.825256    23.0780    38.3029    26.4182     4.9021    213.294 0.0000e+00
      4.165   1127.479    23.0819   5.532649     3.5878     0.1952  1.3939764  22.819730    23.0810    38.2956    26.4118     4.8980    213.116 0.0000e+00
      4.136   1128.479    23.0917   5.534434     3.5845     0.1952  1.3934676  22.777612    23.0908    38.3010    26.4130     4.8884    212.699 0.0000e+00
      4.145   1129.479    23.0990   5.535231     3.5827     0.1995  1.3928572  22.735498    23.0981    38.3009    26.4108     4.8917    212.842 0.0000e+00
      4.299   1130.479    23.0960   5.534915     3.5850     0.1948  1.3922467  22.862550    23.0951    38.3010    26.4117     4.9031    213.339 0.0000e+00
      4.366   1131.479    23.0803   5.533062     3.5911     0.2088  1.3927045  22.827324    23.0794    38.3002    26.4157     4.9114    213.697 0.0000e+00
      4.157   1132.479    23.0740   5.532400     3.5906     0.2158  1.3927554  22.876377    23.0731    38.3006    26.4179     4.9109    213.674 0.0000e+00
      3.985   1133.479    23.0979   5.535010     3.5958     0.2010  1.3950448  22.819741    23.0971    38.3002    26.4106     4.9173    213.954 0.0000e+00
      4.233   1134.479    23.0865   5.533685     3.5953     0.1917  1.3920431  22.923351    23.0856    38.2998    26.4136     4.9093    213.609 0.0000e+00
