Boussole/Data/SBEMOOSE/Work/cnv/bous229_03.cnv
* Sea-Bird SBE 9 Data File:
* FileName = C:\boussole\202104\bous229_03.hdr
* Software Version Seasave V 7.23.2
* Temperature SN = 2473
* Conductivity SN = 2929
* Number of Bytes Per Scan = 37
* Number of Voltage Words = 4
* Number of Scans Averaged by the Deck Unit = 1
* NMEA Latitude = 43 22.01 N
* NMEA Longitude = 007 54.15 E
* NMEA UTC (Time) = Apr 09 2021  13:26:50
* NMEA baud rate = 4800
** Campagne = BOUSSOLE 229
** Navire = Tethys II
** Station = BOUS229_03
** Date = 09/04/2021
** Heure debut [TU] = 13:29
** Heure fin [TU] = 13:56
** Heure locale / TU = +0
** Latitude = 43 22.009 N
** Longitude = 007 54.154 E
** Heure meteo [TU] = 13:30
** T air sec [deg C] = 13.7
** T mer [deg C] = 14.45
** Vent [noeuds, degres] = 0.7, 90
** Pression atm [hpa] = 1025.2
** Humidite [%] = 48.7
** Nebulosite [octas] = 2
** Etat de la mer [code S] = 1
# nquan = 14
# nvalues = 1755                        
# units = specified
# name 0 = prDM: Pressure, Digiquartz [db]
# name 1 = timeS: Time, Elapsed [seconds]
# name 2 = t090C: Temperature [ITS-90, deg C]
# name 3 = c0S/m: Conductivity [S/m]
# name 4 = sbeox0V: Oxygen raw, SBE 43 [V]
# name 5 = flC: Fluorescence, Chelsea Aqua 3 Chl Con [ug/l]
# name 6 = upoly0: Upoly 0, RINKOIII_DO
# name 7 = upoly1: Upoly 1, RINKOIII_Temp
# name 8 = potemp090C: Potential Temperature [ITS-90, deg C]
# name 9 = sal00: Salinity, Practical [PSU]
# name 10 = sigma-é00: Density [sigma-theta, kg/m^3]
# name 11 = sbeox0ML/L: Oxygen, SBE 43 [ml/l], WS = 2
# name 12 = sbox0Mm/Kg: Oxygen, SBE 43 [umol/kg], WS = 2
# name 13 = flag: flag
# span 0 =      0.214,    401.070       
# span 1 =      0.479,   1754.417       
# span 2 =    13.4707,    14.6616       
# span 3 =   4.502495,   4.622867       
# span 4 =     2.1873,     3.0493       
# span 5 =     0.1503,     3.0511       
# span 6 =  1.5170431,  1.8378103       
# span 7 =  13.467486,  14.450297       
# span 8 =    13.4632,    14.6613       
# span 9 =    38.3630,    38.6890       
# span 10 =    28.6515,    29.0887      
# span 11 =     3.2042,     4.7779      
# span 12 =    139.056,    207.424      
# span 13 = 0.0000e+00, 0.0000e+00      
# interval = seconds: 1                 
# start_time = Apr 09 2021 13:26:50 [NMEA time, header]
# bad_flag = -9.990e-29
*END*
[from data line 413]
    255.967    413.479    13.8317   4.578219     2.2092     0.1996  1.8351648  13.792310    13.7937    38.6695    29.0709     3.2174    139.629 0.0000e+00
    256.595    414.479    13.8385   4.579256     2.2094     0.2055  1.8353174  13.790260    13.8004    38.6722    29.0716     3.2178    139.649 0.0000e+00
    257.491    415.479    13.8400   4.579477     2.2095     0.1923  1.8345034  13.812128    13.8018    38.6724    29.0714     3.2169    139.607 0.0000e+00
    258.086    416.479    13.8404   4.579548     2.2093     0.1808  1.8353174  13.816911    13.8021    38.6724    29.0714     3.2161    139.575 0.0000e+00
    258.478    417.479    13.8404   4.579597     2.2087     0.1882  1.8354701  13.812128    13.8020    38.6726    29.0716     3.2140    139.484 0.0000e+00
    259.326    418.479    13.8460   4.580443     2.2083     0.1858  1.8354192  13.816911    13.8075    38.6746    29.0719     3.2151    139.530 0.0000e+00
    260.344    419.479    13.8481   4.580744     2.2084     0.1960  1.8354700  13.827844    13.8094    38.6750    29.0718     3.2156    139.551 0.0000e+00
    260.813    420.479    13.8470   4.580561     2.2083     0.1880  1.8356735  13.826477    13.8082    38.6742    29.0714     3.2165    139.593 0.0000e+00
    260.958    421.479    13.8432   4.580091     2.2087     0.1893  1.8358770  13.825794    13.8044    38.6735    29.0717     3.2157    139.555 0.0000e+00
    261.540    422.479    13.8472   4.580668     2.2077     0.1837  1.8357753  13.825794    13.8084    38.6746    29.0717     3.2109    139.347 0.0000e+00
    262.533    423.479    13.8485   4.580907     2.2063     0.1750  1.8358770  13.828527    13.8095    38.6751    29.0718     3.2079    139.219 0.0000e+00
    263.432    424.479    13.8489   4.581033     2.2054     0.1880  1.8359279  13.829210    13.8098    38.6755    29.0721     3.2099    139.303 0.0000e+00
    263.934    425.479    13.8489   4.581042     2.2058     0.1882  1.8360297  13.828527    13.8097    38.6754    29.0721     3.2140    139.482 0.0000e+00
    264.237    426.479    13.8489   4.581056     2.2067     0.1924  1.8360297  13.828527    13.8096    38.6754    29.0720     3.2167    139.600 0.0000e+00
    264.903    427.479    13.8497   4.581241     2.2077     0.1883  1.8359788  13.829210    13.8104    38.6760    29.0723     3.2169    139.610 0.0000e+00
    265.852    428.479    13.8503   4.581370     2.2071     0.1736  1.8360805  13.828527    13.8108    38.6762    29.0724     3.2132    139.448 0.0000e+00
    266.513    429.479    13.8505   4.581428     2.2070     0.1838  1.8360805  13.829210    13.8109    38.6762    29.0724     3.2166    139.595 0.0000e+00
    266.961    430.479    13.8509   4.581494     2.2077     0.1822  1.8357753  13.828527    13.8112    38.6763    29.0724     3.2195    139.721 0.0000e+00
    267.685    431.479    13.8511   4.581569     2.2086     0.1837  1.8360805  13.829210    13.8113    38.6765    29.0725     3.2177    139.644 0.0000e+00
    268.438    432.479    13.8509   4.581585     2.2072     0.1802  1.8360297  13.829210    13.8110    38.6764    29.0726     3.2135    139.460 0.0000e+00
    268.964    433.479    13.8510   4.581628     2.2074     0.1795  1.8356736  13.831260    13.8111    38.6765    29.0726     3.2204    139.759 0.0000e+00
    269.498    434.479    13.8516   4.581789     2.2085     0.1883  1.8356735  13.832627    13.8116    38.6772    29.0731     3.2200    139.743 0.0000e+00
    270.261    435.479    13.8525   4.581975     2.2082     0.1895  1.8359279  13.830577    13.8123    38.6778    29.0733     3.2178    139.649 0.0000e+00
    271.139    436.479    13.8524   4.582011     2.2076     0.1871  1.8360806  13.829894    13.8121    38.6778    29.0734     3.2146    139.511 0.0000e+00
    271.755    437.479    13.8522   4.582022     2.2064     0.1821  1.8361823  13.832627    13.8118    38.6778    29.0735     3.2133    139.451 0.0000e+00
    272.269    438.479    13.8521   4.582020     2.2062     0.1809  1.8359788  13.831943    13.8116    38.6777    29.0734     3.2153    139.537 0.0000e+00
    273.013    439.479    13.8506   4.581865     2.2061     0.1954  1.8360806  13.833310    13.8100    38.6774    29.0735     3.2149    139.521 0.0000e+00
    273.758    440.479    13.8501   4.581843     2.2055     0.1956  1.8359279  13.828527    13.8094    38.6774    29.0737     3.2127    139.427 0.0000e+00
    274.316    441.479    13.8498   4.581838     2.2050     0.1826  1.8364876  13.829210    13.8091    38.6773    29.0737     3.2126    139.421 0.0000e+00
    274.927    442.479    13.8487   4.581730     2.2045     0.1804  1.8361823  13.828527    13.8079    38.6771    29.0738     3.2123    139.408 0.0000e+00
    275.723    443.479    13.8467   4.581515     2.2043     0.1737  1.8362332  13.828527    13.8057    38.6768    29.0740     3.2137    139.469 0.0000e+00
    276.463    444.479    13.8466   4.581541     2.2047     0.1756  1.8363858  13.828527    13.8055    38.6768    29.0740     3.2158    139.560 0.0000e+00
    277.077    445.479    13.8462   4.581501     2.2051     0.1817  1.8362332  13.828527    13.8050    38.6766    29.0740     3.2156    139.550 0.0000e+00
    277.604    446.479    13.8451   4.581381     2.2044     0.1883  1.8362840  13.828527    13.8038    38.6763    29.0740     3.2116    139.377 0.0000e+00
    278.233    447.479    13.8393   4.580612     2.2035     0.1916  1.8362841  13.827844    13.7980    38.6746    29.0739     3.2115    139.375 0.0000e+00
    279.140    448.479    13.8339   4.579984     2.2035     0.1955  1.8364367  13.817594    13.7925    38.6736    29.0744     3.2156    139.551 0.0000e+00
    280.051    449.479    13.8323   4.579829     2.2042     0.1866  1.8370981  13.812811    13.7907    38.6734    29.0746     3.2145    139.502 0.0000e+00
    280.512    450.479    13.8323   4.579866     2.2027     0.1801  1.8367928  13.813495    13.7906    38.6735    29.0747     3.2092    139.275 0.0000e+00
    280.677    451.479    13.8374   4.580560     2.2022     0.1747  1.8368437  13.825111    13.7957    38.6749    29.0747     3.2121    139.399 0.0000e+00
    281.194    452.479    13.8318   4.579777     2.2026     0.1847  1.8363349  13.825111    13.7901    38.6728    29.0743     3.2138    139.474 0.0000e+00
    282.181    453.479    13.8256   4.579055     2.2029     0.1969  1.8367419  13.812128    13.7837    38.6718    29.0749     3.2150    139.523 0.0000e+00
    283.173    454.479    13.8240   4.578906     2.2027     0.1914  1.8370981  13.810761    13.7820    38.6715    29.0750     3.2136    139.465 0.0000e+00
    283.822    455.479    13.8240   4.578918     2.2021     0.1834  1.8367419  13.812128    13.7818    38.6714    29.0750     3.2101    139.314 0.0000e+00
    284.068    456.479    13.8276   4.579419     2.2008     0.1858  1.8369454  13.812811    13.7854    38.6724    29.0749     3.2077    139.209 0.0000e+00
    284.559    457.479    13.8259   4.579209     2.2003     0.1906  1.8367419  13.812128    13.7836    38.6719    29.0750     3.2098    139.298 0.0000e+00
    285.496    458.479    13.8259   4.579301     2.2007     0.1924  1.8368437  13.811445    13.7835    38.6723    29.0753     3.2134    139.456 0.0000e+00
    286.328    459.479    13.8247   4.579210     2.2014     0.1900  1.8369454  13.809394    13.7822    38.6723    29.0756     3.2136    139.463 0.0000e+00
    286.867    460.479    13.8242   4.579131     2.2009     0.1925  1.8370472  13.810078    13.7816    38.6718    29.0753     3.2112    139.359 0.0000e+00
    287.343    461.479    13.8218   4.578742     2.2014     0.1954  1.8367419  13.811445    13.7791    38.6704    29.0747     3.2191    139.704 0.0000e+00
    287.902    462.479    13.8023   4.576370     2.2035     0.1903  1.8370472  13.810078    13.7595    38.6673    29.0766     3.2254    139.975 0.0000e+00
    288.654    463.479    13.7954   4.575499     2.2050     0.1896  1.8376068  13.786843    13.7526    38.6656    29.0767     3.2280    140.090 0.0000e+00
    289.511    464.479    13.7895   4.574800     2.2059     0.1805  1.8366402  13.779326    13.7465    38.6645    29.0772     3.2284    140.108 0.0000e+00
    290.236    465.479    13.7888   4.574749     2.2065     0.1675  1.8359788  13.773175    13.7457    38.6645    29.0774     3.2299    140.173 0.0000e+00
    290.833    466.479    13.7877   4.574641     2.2068     0.1688  1.8351648  13.776592    13.7446    38.6642    29.0774     3.2272    140.054 0.0000e+00
    291.383    467.479    13.7870   4.574563     2.2055     0.1861  1.8351139  13.773858    13.7438    38.6640    29.0774     3.2252    139.967 0.0000e+00
    291.927    468.479    13.7864   4.574527     2.2061     0.1896  1.8346052  13.774542    13.7431    38.6640    29.0776     3.2289    140.128 0.0000e+00
    292.607    469.479    13.7861   4.574535     2.2058     0.1900  1.8349104  13.772491    13.7428    38.6640    29.0777     3.2266    140.028 0.0000e+00
    293.404    470.479    13.7859   4.574543     2.2056     0.1840  1.8349104  13.769758    13.7424    38.6640    29.0777     3.2293    140.145 0.0000e+00
    294.136    471.479    13.7856   4.574544     2.2066     0.1898  1.8348596  13.764973    13.7420    38.6640    29.0778     3.2312    140.230 0.0000e+00
    294.694    472.479    13.7850   4.574503     2.2065     0.1916  1.8346561  13.769758    13.7413    38.6640    29.0779     3.2296    140.157 0.0000e+00
    295.173    473.479    13.7844   4.574458     2.2062     0.1948  1.8343508  13.773858    13.7407    38.6639    29.0780     3.2267    140.032 0.0000e+00
    295.830    474.479    13.7835   4.574388     2.2046     0.1879  1.8349613  13.764973    13.7396    38.6638    29.0782     3.2230    139.872 0.0000e+00
    296.757    475.479    13.7833   4.574425     2.2044     0.1716  1.8351139  13.765657    13.7393    38.6640    29.0783     3.2284    140.106 0.0000e+00
    297.575    476.479    13.7834   4.574465     2.2050     0.1819  1.8351139  13.764290    13.7393    38.6639    29.0783     3.2269    140.043 0.0000e+00
    298.084    477.479    13.7836   4.574509     2.2039     0.1812  1.8349613  13.768391    13.7394    38.6638    29.0782     3.2252    139.968 0.0000e+00
    298.535    478.479    13.7837   4.574542     2.2046     0.1788  1.8353174  13.774542    13.7394    38.6639    29.0783     3.2304    140.194 0.0000e+00
    299.113    479.479    13.7836   4.574574     2.2052     0.1815  1.8351648  13.769074    13.7393    38.6640    29.0784     3.2297    140.163 0.0000e+00
    299.840    480.479    13.7841   4.574694     2.2050     0.1838  1.8351139  13.765657    13.7396    38.6644    29.0786     3.2287    140.119 0.0000e+00
    300.678    481.479    13.7845   4.574795     2.2049     0.1915  1.8354701  13.765657    13.7399    38.6646    29.0787     3.2263    140.016 0.0000e+00
    301.534    482.479    13.7841   4.574817     2.2032     0.2001  1.8359788  13.765657    13.7394    38.6648    29.0789     3.2211    139.790 0.0000e+00
    302.117    483.479    13.7842   4.574849     2.2024     0.1944  1.8356735  13.764290    13.7394    38.6647    29.0789     3.2235    139.895 0.0000e+00
    302.494    484.479    13.7844   4.574904     2.2025     0.1938  1.8360297  13.767707    13.7395    38.6649    29.0790     3.2266    140.029 0.0000e+00
    303.192    485.479    13.7800   4.574355     2.2035     0.1867  1.8362332  13.768391    13.7351    38.6637    29.0791     3.2289    140.127 0.0000e+00
    304.060    486.479    13.7749   4.573764     2.2033     0.1702  1.8361823  13.762923    13.7298    38.6629    29.0796     3.2270    140.045 0.0000e+00
    304.577    487.479    13.7752   4.573835     2.2028     0.1790  1.8360297  13.762923    13.7300    38.6631    29.0797     3.2242    139.926 0.0000e+00
    305.010    488.479    13.7744   4.573725     2.2021     0.1862  1.8358262  13.765657    13.7291    38.6627    29.0795     3.2263    140.013 0.0000e+00
    305.864    489.479    13.7716   4.573427     2.2030     0.1933  1.8362332  13.761556    13.7263    38.6622    29.0797     3.2309    140.215 0.0000e+00
    306.744    490.479    13.7712   4.573421     2.2036     0.1995  1.8361823  13.754721    13.7258    38.6621    29.0798     3.2298    140.166 0.0000e+00
    307.048    491.479    13.7728   4.573640     2.2028     0.1925  1.8361823  13.761556    13.7273    38.6625    29.0798     3.2264    140.019 0.0000e+00
    307.459    492.479    13.7733   4.573695     2.2028     0.1843  1.8359279  13.760873    13.7277    38.6623    29.0796     3.2294    140.149 0.0000e+00
    308.543    493.479    13.7708   4.573467     2.2031     0.1828  1.8361823  13.754037    13.7251    38.6622    29.0800     3.2301    140.179 0.0000e+00
    309.485    494.479    13.7713   4.573564     2.2032     0.1818  1.8359279  13.753354    13.7254    38.6622    29.0800     3.2296    140.157 0.0000e+00
    309.525    495.479    13.7721   4.573657     2.2027     0.1772  1.8361314  13.759506    13.7262    38.6623    29.0799     3.2269    140.042 0.0000e+00
    309.777    496.479    13.7718   4.573635     2.2020     0.1797  1.8359788  13.760873    13.7258    38.6623    29.0799     3.2250    139.959 0.0000e+00
    310.844    497.479    13.7730   4.573871     2.2013     0.1719  1.8364367  13.754037    13.7269    38.6628    29.0801     3.2240    139.915 0.0000e+00
    311.893    498.479    13.7728   4.573898     2.2004     0.1892  1.8362840  13.758138    13.7265    38.6628    29.0802     3.2223    139.842 0.0000e+00
    312.326    499.479    13.7735   4.574000     2.1998     0.1875  1.8365384  13.761556    13.7272    38.6629    29.0801     3.2236    139.899 0.0000e+00
    312.778    500.479    13.7734   4.573992     2.2003     0.1762  1.8364367  13.762240    13.7270    38.6627    29.0800     3.2272    140.052 0.0000e+00
    313.496    501.479    13.7697   4.573543     2.2008     0.1738  1.8366402  13.757455    13.7232    38.6618    29.0801     3.2275    140.068 0.0000e+00
    314.043    502.479    13.7689   4.573478     2.2008     0.1743  1.8364367  13.756771    13.7223    38.6618    29.0803     3.2269    140.040 0.0000e+00
    314.599    503.479    13.7680   4.573374     2.2003     0.1883  1.8361314  13.757455    13.7214    38.6614    29.0802     3.2233    139.883 0.0000e+00
    315.537    504.479    13.7655   4.573110     2.1995     0.1990  1.8362332  13.751987    13.7187    38.6610    29.0805     3.2245    139.938 0.0000e+00
    316.414    505.479    13.7654   4.573117     2.1998     0.1999  1.8365893  13.749253    13.7185    38.6608    29.0804     3.2280    140.088 0.0000e+00
    316.679    506.479    13.7667   4.573311     2.2004     0.2018  1.8361823  13.749253    13.7198    38.6612    29.0804     3.2302    140.184 0.0000e+00
    317.050    507.479    13.7671   4.573355     2.2016     0.2015  1.8365893  13.752670    13.7201    38.6611    29.0803     3.2324    140.278 0.0000e+00
    317.903    508.479    13.7654   4.573190     2.2013     0.1921  1.8363858  13.746519    13.7182    38.6609    29.0805     3.2283    140.100 0.0000e+00
    318.672    509.479    13.7654   4.573235     2.2011     0.1840  1.8365384  13.747203    13.7181    38.6609    29.0805     3.2297    140.163 0.0000e+00
    319.250    510.479    13.7653   4.573244     2.2007     0.1910  1.8364367  13.749253    13.7180    38.6608    29.0805     3.2264    140.019 0.0000e+00
    319.919    511.479    13.7647   4.573203     2.1998     0.1880  1.8361823  13.747886    13.7173    38.6607    29.0805     3.2263    140.013 0.0000e+00
    320.650    512.479    13.7646   4.573217     2.1999     0.1699  1.8363349  13.747886    13.7171    38.6606    29.0805     3.2275    140.066 0.0000e+00
    321.253    513.479    13.7640   4.573162     2.1994     0.1708  1.8364367  13.746519    13.7164    38.6605    29.0806     3.2256    139.984 0.0000e+00
    321.821    514.479    13.7611   4.572780     2.1988     0.1760  1.8365384  13.746519    13.7134    38.6596    29.0805     3.2251    139.964 0.0000e+00
    322.577    515.479    13.7553   4.572076     2.1989     0.1749  1.8363858  13.746519    13.7075    38.6583    29.0808     3.2291    140.137 0.0000e+00
