Boussole/Data/SBEMOOSE/Work/cnv/bous234_03.cnv
* Sea-Bird SBE 9 Data File:
* FileName = C:\boussole\202109\bous234_03.hdr
* Software Version Seasave V 7.23.2
* Temperature SN = 1378
* Conductivity SN = 2929
* Number of Bytes Per Scan = 34
* Number of Voltage Words = 3
* Number of Scans Averaged by the Deck Unit = 1
* NMEA Latitude = 43 22.09 N
* NMEA Longitude = 007 54.02 E
* NMEA UTC (Time) = Sep 14 2021  09:06:31
* NMEA baud rate = 4800
** Campagne = BOUSSOLE 234
** Navire = Tethys II
** Station = BOUS234_03
** Date = 14/09/2021
** Heure debut [TU] = 09:06
** Heure fin [TU] = 10:30
** Heure locale / TU = +2
** Latitude = 43 22.097 N
** Longitude = 007 54.030 E
** Heure meteo [TU] = 09:04
** T air sec [deg C] = 23.7
** T mer [deg C] =
** Vent [noeuds, degres] = 3.3, 222
** Pression atm [hpa] = 1017.9
** Humidite [%] = 87.5
** Nebulosite [octas] = 7
** Etat de la mer [code S] = 2
# nquan = 14
# nvalues = 5043                        
# units = specified
# name 0 = prDM: Pressure, Digiquartz [db]
# name 1 = timeS: Time, Elapsed [seconds]
# name 2 = t090C: Temperature [ITS-90, deg C]
# name 3 = c0S/m: Conductivity [S/m]
# name 4 = sbeox0V: Oxygen raw, SBE 43 [V]
# name 5 = flC: Fluorescence, Chelsea Aqua 3 Chl Con [ug/l]
# name 6 = upoly0: Upoly 0, RINKOIII_DO
# name 7 = upoly1: Upoly 1, RINKOIII_Temp
# name 8 = potemp090C: Potential Temperature [ITS-90, deg C]
# name 9 = sal00: Salinity, Practical [PSU]
# name 10 = sigma-é00: Density [sigma-theta, kg/m^3]
# name 11 = sbeox0ML/L: Oxygen, SBE 43 [ml/l], WS = 2
# name 12 = sbox0Mm/Kg: Oxygen, SBE 43 [umol/kg], WS = 2
# name 13 = flag: flag
# span 0 =      0.238,    404.206       
# span 1 =      0.479,   5042.250       
# span 2 =    13.6102,    23.7858       
# span 3 =   0.760677,   5.633536       
# span 4 =     2.4229,     4.1219       
# span 5 =     0.1386,     0.9503       
# span 6 =  1.2691291,  1.8155270       
# span 7 =  13.597468,  23.777758       
# span 8 =    13.5507,    23.7855       
# span 9 =     4.3087,    38.6595       
# span 10 =     0.6039,    29.0886      
# span 11 =     3.4779,     6.3624      
# span 12 =    151.340,    276.484      
# span 13 = 0.0000e+00, 0.0000e+00      
# interval = seconds: 1                 
# start_time = Sep 14 2021 09:06:31 [NMEA time, header]
# bad_flag = -9.990e-29
*END*
[from data line 1755]
     80.740   1755.479    13.7311   4.545797     2.7349     0.2549  1.7187118  13.713708    13.7193    38.5419    28.9881     4.1799    181.418 0.0000e+00
     80.721   1756.479    13.7312   4.545795     2.7343     0.2671  1.7184066  13.713708    13.7194    38.5419    28.9880     4.1839    181.588 0.0000e+00
     80.638   1757.479    13.7311   4.545782     2.7347     0.2664  1.7188136  13.715075    13.7193    38.5419    28.9881     4.1815    181.486 0.0000e+00
     80.641   1758.479    13.7310   4.545780     2.7340     0.2778  1.7185083  13.713708    13.7192    38.5419    28.9881     4.1831    181.553 0.0000e+00
     80.598   1759.479    13.7309   4.545756     2.7347     0.2661  1.7186610  13.714392    13.7191    38.5419    28.9881     4.1844    181.611 0.0000e+00
     80.699   1760.479    13.7312   4.545803     2.7347     0.2661  1.7186610  13.714392    13.7194    38.5420    28.9881     4.1819    181.502 0.0000e+00
     80.781   1761.479    13.7312   4.545819     2.7339     0.2727  1.7187118  13.714392    13.7193    38.5421    28.9882     4.1797    181.406 0.0000e+00
     80.636   1762.479    13.7311   4.545796     2.7339     0.2655  1.7186101  13.714392    13.7193    38.5420    28.9881     4.1867    181.709 0.0000e+00
     80.564   1763.479    13.7309   4.545746     2.7357     0.2686  1.7187118  13.715075    13.7191    38.5418    28.9880     4.1872    181.731 0.0000e+00
     80.634   1764.479    13.7311   4.545796     2.7353     0.2682  1.7189662  13.713708    13.7193    38.5420    28.9881     4.1813    181.476 0.0000e+00
     80.710   1765.479    13.7311   4.545803     2.7342     0.2506  1.7187627  13.714392    13.7193    38.5420    28.9881     4.1829    181.546 0.0000e+00
     80.749   1766.479    13.7311   4.545798     2.7348     0.2498  1.7187118  13.716442    13.7193    38.5420    28.9881     4.1808    181.456 0.0000e+00
     80.671   1767.479    13.7310   4.545777     2.7328     0.2620  1.7186101  13.714392    13.7192    38.5419    28.9881     4.1767    181.277 0.0000e+00
     80.593   1768.479    13.7310   4.545774     2.7331     0.2721  1.7186610  13.713708    13.7192    38.5419    28.9881     4.1829    181.546 0.0000e+00
     80.606   1769.479    13.7310   4.545786     2.7343     0.2647  1.7182540  13.713708    13.7192    38.5420    28.9882     4.1864    181.699 0.0000e+00
     80.675   1770.479    13.7310   4.545778     2.7353     0.2651  1.7183048  13.715075    13.7192    38.5419    28.9881     4.1856    181.661 0.0000e+00
     80.794   1771.479    13.7311   4.545786     2.7348     0.2661  1.7186610  13.714392    13.7192    38.5419    28.9880     4.1848    181.630 0.0000e+00
     80.663   1772.479    13.7310   4.545768     2.7353     0.2537  1.7186610  13.713708    13.7192    38.5418    28.9880     4.1783    181.348 0.0000e+00
     80.495   1773.479    13.7304   4.545680     2.7312     0.2443  1.7188645  13.713708    13.7186    38.5417    28.9880     4.1666    180.837 0.0000e+00
     80.652   1774.479    13.7311   4.545780     2.7306     0.2412  1.7186610  13.715075    13.7193    38.5419    28.9881     4.1821    181.510 0.0000e+00
     80.815   1775.479    13.7311   4.545791     2.7342     0.2528  1.7187118  13.713708    13.7192    38.5419    28.9880     4.1908    181.887 0.0000e+00
     80.662   1776.479    13.7310   4.545782     2.7349     0.2572  1.7186610  13.713708    13.7192    38.5419    28.9881     4.1806    181.444 0.0000e+00
     80.563   1777.479    13.7307   4.545724     2.7326     0.2622  1.7184066  13.714392    13.7189    38.5418    28.9881     4.1753    181.215 0.0000e+00
     80.671   1778.479    13.7311   4.545783     2.7328     0.2613  1.7187118  13.713708    13.7193    38.5419    28.9880     4.1783    181.345 0.0000e+00
     80.708   1779.479    13.7310   4.545791     2.7311     0.2468  1.7188645  13.714392    13.7192    38.5420    28.9881     4.1715    181.049 0.0000e+00
     80.673   1780.479    13.7310   4.545769     2.7308     0.2379  1.7182031  13.715075    13.7192    38.5419    28.9881     4.1803    181.431 0.0000e+00
     80.663   1781.479    13.7309   4.545773     2.7333     0.2506  1.7187627  13.715075    13.7191    38.5419    28.9881     4.1880    181.768 0.0000e+00
     80.600   1782.479    13.7309   4.545769     2.7350     0.2535  1.7188136  13.717810    13.7191    38.5419    28.9881     4.1819    181.500 0.0000e+00
     80.603   1783.479    13.7310   4.545781     2.7317     0.2490  1.7185592  13.715075    13.7192    38.5420    28.9881     4.1731    181.121 0.0000e+00
     80.745   1784.479    13.7311   4.545791     2.7336     0.2613  1.7185592  13.713708    13.7193    38.5419    28.9881     4.1899    181.848 0.0000e+00
     80.534   1785.479    13.7308   4.545716     2.7357     0.2539  1.7188136  13.714392    13.7190    38.5416    28.9879     4.1897    181.841 0.0000e+00
     80.191   1786.479    13.7289   4.545377     2.7366     0.2459  1.7186610  13.713024    13.7171    38.5404    28.9874     4.1931    181.988 0.0000e+00
     80.059   1787.479    13.7259   4.544899     2.7388     0.2560  1.7182031  13.713024    13.7142    38.5390    28.9869     4.1930    181.983 0.0000e+00
     79.881   1788.479    13.7237   4.544448     2.7371     0.2686  1.7179996  13.707555    13.7120    38.5370    28.9858     4.1867    181.709 0.0000e+00
     79.536   1789.479    13.7221   4.544180     2.7390     0.2666  1.7179996  13.705504    13.7105    38.5362    28.9855     4.2100    182.724 0.0000e+00
     78.796   1790.479    13.7158   4.543129     2.7468     0.2515  1.7176943  13.706872    13.7043    38.5328    28.9842     4.2317    183.664 0.0000e+00
     77.760   1791.479    13.7086   4.541982     2.7528     0.2589  1.7176943  13.697301    13.6972    38.5297    28.9833     4.2377    183.927 0.0000e+00
     76.846   1792.479    13.7024   4.540959     2.7572     0.2586  1.7159137  13.693883    13.6912    38.5266    28.9822     4.2447    184.229 0.0000e+00
     75.982   1793.479    13.6948   4.539651     2.7618     0.2678  1.7145909  13.684311    13.6837    38.5222    28.9804     4.2534    184.606 0.0000e+00
     75.004   1794.479    13.6910   4.538976     2.7658     0.2666  1.7130647  13.683628    13.6800    38.5201    28.9796     4.2616    184.961 0.0000e+00
     73.989   1795.479    13.6851   4.537998     2.7707     0.2740  1.7112841  13.680893    13.6742    38.5172    28.9785     4.2707    185.357 0.0000e+00
     72.997   1796.479    13.6785   4.536934     2.7736     0.2745  1.7100122  13.669270    13.6678    38.5142    28.9776     4.2730    185.459 0.0000e+00
     72.072   1797.479    13.6765   4.536581     2.7776     0.2843  1.7089947  13.665168    13.6659    38.5132    28.9773     4.2835    185.912 0.0000e+00
     71.111   1798.479    13.6735   4.536050     2.7806     0.3087  1.7073158  13.664484    13.6631    38.5116    28.9766     4.2844    185.954 0.0000e+00
     70.091   1799.479    13.6738   4.536070     2.7824     0.3153  1.7060439  13.665168    13.6636    38.5119    28.9768     4.2819    185.843 0.0000e+00
     69.095   1800.479    13.6669   4.534856     2.7817     0.3197  1.7054334  13.665168    13.6568    38.5077    28.9750     4.2712    185.380 0.0000e+00
     68.163   1801.479    13.6637   4.534246     2.7779     0.3263  1.7051282  13.659697    13.6538    38.5056    28.9739     4.2514    184.520 0.0000e+00
     67.243   1802.479    13.6651   4.534400     2.7701     0.3292  1.7045177  13.652860    13.6553    38.5061    28.9740     4.2250    183.374 0.0000e+00
     66.142   1803.479    13.6743   4.535368     2.7604     0.3333  1.7035511  13.661065    13.6646    38.5065    28.9724     4.2018    182.369 0.0000e+00
     65.112   1804.479    13.6782   4.535627     2.7522     0.3322  1.7049247  13.663800    13.6687    38.5055    28.9707     4.2021    182.382 0.0000e+00
     64.308   1805.479    13.6775   4.535239     2.7513     0.3437  1.7077737  13.664484    13.6681    38.5030    28.9689     4.2084    182.654 0.0000e+00
     63.330   1806.479    13.6793   4.535310     2.7482     0.4059  1.7100631  13.664484    13.6701    38.5022    28.9678     4.1983    182.218 0.0000e+00
     62.246   1807.479    13.6827   4.535557     2.7471     0.4438  1.7119454  13.665168    13.6736    38.5016    28.9666     4.2060    182.550 0.0000e+00
     61.701   1808.479    13.6819   4.535503     2.7490     0.4307  1.7134717  13.665168    13.6729    38.5022    28.9672     4.2170    183.028 0.0000e+00
     61.427   1809.479    13.6797   4.535473     2.7523     0.4231  1.7149979  13.664484    13.6707    38.5042    28.9692     4.2211    183.208 0.0000e+00
     61.215   1810.479    13.6788   4.535572     2.7531     0.4000  1.7158628  13.667219    13.6699    38.5062    28.9709     4.2164    183.004 0.0000e+00
     61.030   1811.479    13.6790   4.535604     2.7525     0.3796  1.7163207  13.665168    13.6701    38.5064    28.9711     4.2078    182.630 0.0000e+00
     60.815   1812.479    13.6812   4.535633     2.7492     0.3767  1.7156084  13.664484    13.6723    38.5045    28.9692     4.1969    182.158 0.0000e+00
     60.669   1813.479    13.6836   4.535477     2.7467     0.3882  1.7149979  13.665168    13.6747    38.5007    28.9656     4.1932    181.998 0.0000e+00
     60.783   1814.479    13.6831   4.535485     2.7426     0.4064  1.7141331  13.665851    13.6742    38.5012    28.9662     4.1769    181.289 0.0000e+00
     60.680   1815.479    13.6836   4.535432     2.7373     0.4228  1.7138278  13.664484    13.6747    38.5003    28.9654     4.1740    181.164 0.0000e+00
     60.587   1816.479    13.6843   4.535282     2.7368     0.4403  1.7132682  13.665168    13.6754    38.4982    28.9635     4.1834    181.571 0.0000e+00
     60.724   1817.479    13.6843   4.535317     2.7374     0.4759  1.7135226  13.665168    13.6754    38.4984    28.9637     4.1859    181.682 0.0000e+00
     60.877   1818.479    13.6843   4.535330     2.7383     0.4849  1.7147436  13.665851    13.6754    38.4985    28.9638     4.1894    181.832 0.0000e+00
     60.721   1819.479    13.6843   4.535320     2.7393     0.5061  1.7154049  13.664484    13.6754    38.4985    28.9638     4.1893    181.830 0.0000e+00
     60.605   1820.479    13.6845   4.535289     2.7395     0.5105  1.7164733  13.665168    13.6756    38.4981    28.9634     4.1845    181.618 0.0000e+00
     60.725   1821.479    13.6844   4.535302     2.7373     0.5086  1.7166768  13.664484    13.6755    38.4982    28.9636     4.1788    181.372 0.0000e+00
     60.766   1822.479    13.6845   4.535300     2.7371     0.5050  1.7171347  13.669270    13.6756    38.4981    28.9635     4.1857    181.670 0.0000e+00
     60.714   1823.479    13.6848   4.535339     2.7386     0.4907  1.7173891  13.671321    13.6759    38.4981    28.9634     4.1906    181.886 0.0000e+00
     60.721   1824.479    13.6847   4.535311     2.7397     0.4937  1.7179487  13.671321    13.6758    38.4980    28.9634     4.1921    181.949 0.0000e+00
     60.738   1825.479    13.6849   4.535337     2.7408     0.4975  1.7188136  13.675423    13.6760    38.4980    28.9634     4.1899    181.856 0.0000e+00
     60.781   1826.479    13.6845   4.535298     2.7397     0.5043  1.7190171  13.672689    13.6756    38.4980    28.9634     4.1855    181.662 0.0000e+00
     60.741   1827.479    13.6849   4.535348     2.7390     0.5100  1.7194749  13.671321    13.6760    38.4982    28.9634     4.1856    181.667 0.0000e+00
     60.644   1828.479    13.6856   4.535422     2.7391     0.5109  1.7196785  13.672005    13.6767    38.4981    28.9633     4.1883    181.786 0.0000e+00
     60.720   1829.479    13.6849   4.535341     2.7393     0.5243  1.7201363  13.668586    13.6760    38.4980    28.9633     4.1848    181.633 0.0000e+00
     60.852   1830.479    13.6848   4.535332     2.7379     0.5547  1.7201872  13.669270    13.6759    38.4980    28.9633     4.1838    181.590 0.0000e+00
     60.712   1831.479    13.6851   4.535356     2.7389     0.5753  1.7204416  13.669270    13.6762    38.4980    28.9633     4.1879    181.768 0.0000e+00
     60.565   1832.479    13.6864   4.535490     2.7382     0.5712  1.7201872  13.669270    13.6775    38.4981    28.9630     4.1856    181.669 0.0000e+00
     60.780   1833.479    13.6850   4.535348     2.7397     0.5703  1.7208486  13.668586    13.6761    38.4980    28.9633     4.1930    181.990 0.0000e+00
     60.937   1834.479    13.6849   4.535356     2.7403     0.5884  1.7206451  13.668586    13.6760    38.4981    28.9634     4.1850    181.640 0.0000e+00
     60.686   1835.479    13.6857   4.535417     2.7372     0.6032  1.7207468  13.666535    13.6768    38.4980    28.9631     4.1734    181.137 0.0000e+00
     60.526   1836.479    13.6864   4.535497     2.7349     0.6101  1.7206960  13.666535    13.6776    38.4981    28.9630     4.1711    181.037 0.0000e+00
     60.759   1837.479    13.6852   4.535380     2.7327     0.6056  1.7212556  13.667219    13.6763    38.4981    28.9633     4.1729    181.118 0.0000e+00
     60.921   1838.479    13.6851   4.535370     2.7340     0.6004  1.7210012  13.667219    13.6762    38.4980    28.9633     4.1782    181.347 0.0000e+00
     60.728   1839.479    13.6855   4.535387     2.7334     0.6194  1.7208995  13.667903    13.6766    38.4979    28.9631     4.1765    181.271 0.0000e+00
     60.559   1840.479    13.6860   4.535451     2.7347     0.6181  1.7211030  13.666535    13.6771    38.4981    28.9631     4.1828    181.544 0.0000e+00
     60.744   1841.479    13.6854   4.535401     2.7356     0.6219  1.7211538  13.667903    13.6765    38.4982    28.9633     4.1787    181.366 0.0000e+00
     60.909   1842.479    13.6851   4.535375     2.7346     0.6112  1.7208486  13.668586    13.6762    38.4981    28.9633     4.1774    181.311 0.0000e+00
     60.724   1843.479    13.6856   4.535408     2.7350     0.5934  1.7207977  13.667219    13.6767    38.4980    28.9631     4.1807    181.455 0.0000e+00
     60.579   1844.479    13.6861   4.535470     2.7357     0.5860  1.7208486  13.666535    13.6772    38.4982    28.9632     4.1827    181.540 0.0000e+00
     60.728   1845.479    13.6855   4.535414     2.7365     0.6187  1.7210012  13.667903    13.6767    38.4981    28.9632     4.1840    181.596 0.0000e+00
     60.863   1846.479    13.6854   4.535406     2.7372     0.6298  1.7208486  13.667219    13.6765    38.4981    28.9633     4.1860    181.685 0.0000e+00
     60.772   1847.479    13.6852   4.535373     2.7380     0.6264  1.7210521  13.667219    13.6763    38.4980    28.9632     4.1862    181.693 0.0000e+00
     60.678   1848.479    13.6851   4.535369     2.7381     0.6151  1.7210521  13.665851    13.6762    38.4981    28.9634     4.1835    181.576 0.0000e+00
     60.698   1849.479    13.6848   4.535327     2.7369     0.6073  1.7206960  13.667219    13.6759    38.4980    28.9634     4.1780    181.337 0.0000e+00
     60.742   1850.479    13.6848   4.535327     2.7357     0.5935  1.7207468  13.671321    13.6759    38.4980    28.9633     4.1794    181.398 0.0000e+00
     60.789   1851.479    13.6848   4.535321     2.7362     0.5890  1.7206960  13.675423    13.6759    38.4980    28.9633     4.1837    181.585 0.0000e+00
     60.767   1852.479    13.6847   4.535305     2.7365     0.5995  1.7203907  13.674056    13.6758    38.4979    28.9633     4.1799    181.419 0.0000e+00
     60.700   1853.479    13.6848   4.535329     2.7361     0.6114  1.7204925  13.678842    13.6759    38.4980    28.9634     4.1843    181.613 0.0000e+00
     60.749   1854.479    13.6846   4.535304     2.7380     0.6204  1.7208486  13.674740    13.6757    38.4980    28.9633     4.1888    181.804 0.0000e+00
     60.772   1855.479    13.6846   4.535304     2.7385     0.6256  1.7205433  13.674740    13.6757    38.4979    28.9633     4.1882    181.782 0.0000e+00
     60.679   1856.479    13.6848   4.535313     2.7390     0.6326  1.7206451  13.669954    13.6759    38.4979    28.9633     4.1850    181.641 0.0000e+00
     60.726   1857.479    13.6846   4.535319     2.7374     0.6127  1.7205942  13.667219    13.6757    38.4982    28.9635     4.1775    181.315 0.0000e+00
