Boussole/Data/SBEMOOSE/Work/cnv/bous227_02.cnv
* Sea-Bird SBE 9 Data File:
* FileName = C:\boussole\202102\bous227_02.hdr
* Software Version Seasave V 7.23.2
* Temperature SN = 2473
* Conductivity SN = 2929
* Number of Bytes Per Scan = 37
* Number of Voltage Words = 4
* Number of Scans Averaged by the Deck Unit = 1
* NMEA Latitude = 43 22.07 N
* NMEA Longitude = 007 54.06 E
* NMEA UTC (Time) = Feb 18 2021  09:46:25
* NMEA baud rate = 4800
** Campagne = BOUSSOLE 227
** Navire = Tethys II
** Station = BOUS227_02
** Date = 18/02/2021
** Heure debut [TU] = 09:47
** Heure fin [TU] = 11:21
** Heure locale / TU = +0
** Latitude = 43 22.085 N
** Longitude = 007 54.062 E
** Heure meteo [TU] = 09:48
** T air sec [deg C] = 13.3
** T mer [deg C] = 13.512
** Vent [noeuds, degres] = 13, 210
** Pression atm [hpa] = 1022.8
** Humidite [%] = 78
** Nebulosite [octas] = 6
** Etat de la mer [code S] = 3
# nquan = 14
# nvalues = 5706                        
# units = specified
# name 0 = prDM: Pressure, Digiquartz [db]
# name 1 = timeS: Time, Elapsed [seconds]
# name 2 = t090C: Temperature [ITS-90, deg C]
# name 3 = c0S/m: Conductivity [S/m]
# name 4 = sbeox0V: Oxygen raw, SBE 43 [V]
# name 5 = flC: Fluorescence, Chelsea Aqua 3 Chl Con [ug/l]
# name 6 = upoly0: Upoly 0, RINKOIII_DO
# name 7 = upoly1: Upoly 1, RINKOIII_Temp
# name 8 = potemp090C: Potential Temperature [ITS-90, deg C]
# name 9 = sal00: Salinity, Practical [PSU]
# name 10 = sigma-é00: Density [sigma-theta, kg/m^3]
# name 11 = sbeox0ML/L: Oxygen, SBE 43 [ml/l], WS = 2
# name 12 = sbox0Mm/Kg: Oxygen, SBE 43 [umol/kg], WS = 2
# name 13 = flag: flag
# span 0 =      0.137,    405.342       
# span 1 =      0.479,   5705.333       
# span 2 =    13.2795,    13.8354       
# span 3 =   0.785266,   4.573900       
# span 4 =     2.2035,     3.0029       
# span 5 =    -0.0832,     1.3509       
# span 6 =  1.5509259,  1.8422873       
# span 7 =  13.108604,  13.812811       
# span 8 =    13.2795,    13.7991       
# span 9 =     5.7435,    38.6389       
# span 10 =     3.7854,    29.0831      
# span 11 =     3.2708,     5.5584      
# span 12 =    141.945,    247.301      
# span 13 = 0.0000e+00, 0.0000e+00      
# interval = seconds: 1                 
# start_time = Feb 18 2021 09:46:25 [NMEA time, header]
# bad_flag = -9.990e-29
*END*
[from data line 104]
     45.552    104.479    13.6670   4.521956     2.6487     0.3797  1.6503867  13.656279    13.6604    38.3954    28.8871     4.0559    176.050 0.0000e+00
     46.045    105.479    13.6600   4.521170     2.6491     0.3747  1.6527778  13.652860    13.6533    38.3947    28.8882     4.0537    175.955 0.0000e+00
     46.344    106.479    13.6611   4.521334     2.6481     0.3656  1.6528287  13.648757    13.6543    38.3951    28.8882     4.0470    175.664 0.0000e+00
     46.921    107.479    13.6631   4.521686     2.6452     0.3691  1.6536427  13.646022    13.6562    38.3962    28.8886     4.0385    175.296 0.0000e+00
     47.636    108.479    13.6676   4.522467     2.6426     0.3599  1.6536936  13.643970    13.6607    38.3987    28.8896     4.0331    175.059 0.0000e+00
     48.377    109.479    13.6713   4.523075     2.6400     0.3549  1.6536427  13.646705    13.6643    38.4004    28.8902     4.0323    175.024 0.0000e+00
     49.111    110.479    13.6734   4.523447     2.6401     0.3504  1.6542532  13.648073    13.6662    38.4015    28.8906     4.0384    175.291 0.0000e+00
     49.305    111.479    13.6687   4.522895     2.6409     0.3559  1.6550163  13.650124    13.6615    38.4009    28.8912     4.0438    175.526 0.0000e+00
     49.532    112.479    13.6636   4.522243     2.6437     0.3655  1.6547619  13.646022    13.6564    38.3997    28.8913     4.0551    176.016 0.0000e+00
     50.474    113.479    13.6345   4.518653     2.6469     0.3680  1.6553216  13.645338    13.6271    38.3944    28.8934     4.0620    176.314 0.0000e+00
     51.482    114.479    13.6221   4.517243     2.6484     0.3684  1.6556268  13.617301    13.6146    38.3929    28.8950     4.0642    176.408 0.0000e+00
     51.879    115.479    13.6239   4.517493     2.6499     0.3637  1.6543550  13.615249    13.6163    38.3933    28.8949     4.0653    176.458 0.0000e+00
     52.053    116.479    13.6244   4.517566     2.6503     0.3574  1.6534392  13.617301    13.6168    38.3934    28.8949     4.0609    176.266 0.0000e+00
     52.662    117.479    13.6240   4.517613     2.6479     0.3604  1.6534901  13.610462    13.6163    38.3940    28.8955     4.0462    175.629 0.0000e+00
     53.508    118.479    13.6334   4.519216     2.6428     0.3571  1.6522691  13.605675    13.6257    38.3994    28.8977     4.0353    175.154 0.0000e+00
     54.120    119.479    13.6348   4.519539     2.6403     0.3621  1.6516586  13.609778    13.6269    38.4009    28.8986     4.0413    175.416 0.0000e+00
     54.538    120.479    13.6298   4.518909     2.6418     0.3533  1.6518621  13.611146    13.6219    38.3997    28.8987     4.0570    176.098 0.0000e+00
     55.165    121.479    13.6054   4.516025     2.6467     0.3543  1.6520147  13.607043    13.5974    38.3964    28.9013     4.0757    176.910 0.0000e+00
     55.879    122.479    13.5861   4.513785     2.6520     0.3468  1.6530322  13.586525    13.5780    38.3942    28.9038     4.0872    177.407 0.0000e+00
     56.283    123.479    13.5860   4.513950     2.6564     0.3533  1.6523708  13.589261    13.5778    38.3956    28.9049     4.0963    177.803 0.0000e+00
     56.868    124.479    13.5789   4.513063     2.6614     0.3654  1.6520656  13.579001    13.5706    38.3941    28.9053     4.1066    178.250 0.0000e+00
     57.677    125.479    13.5692   4.512152     2.6652     0.3784  1.6513024  13.564637    13.5608    38.3948    28.9078     4.1130    178.527 0.0000e+00
     58.241    126.479    13.5681   4.512092     2.6689     0.3933  1.6486060  13.553692    13.5596    38.3950    28.9083     4.1202    178.839 0.0000e+00
     58.790    127.479    13.5674   4.512037     2.6717     0.3929  1.6464183  13.555744    13.5589    38.3949    28.9084     4.1238    178.993 0.0000e+00
     59.512    128.479    13.5624   4.511606     2.6738     0.3784  1.6449430  13.550956    13.5537    38.3956    28.9100     4.1248    179.037 0.0000e+00
     60.088    129.479    13.5614   4.511565     2.6744     0.3843  1.6439255  13.549588    13.5527    38.3959    28.9105     4.1268    179.124 0.0000e+00
     60.475    130.479    13.5605   4.511499     2.6761     0.3921  1.6428062  13.549588    13.5517    38.3960    28.9108     4.1277    179.165 0.0000e+00
     61.241    131.479    13.5574   4.511206     2.6750     0.3997  1.6419413  13.548220    13.5485    38.3960    28.9114     4.1213    178.885 0.0000e+00
     62.130    132.479    13.5565   4.511151     2.6744     0.4055  1.6415343  13.542747    13.5475    38.3959    28.9116     4.1235    178.983 0.0000e+00
     62.511    133.479    13.5557   4.511079     2.6741     0.4054  1.6404660  13.539327    13.5466    38.3959    28.9118     4.1236    178.985 0.0000e+00
     62.791    134.479    13.5555   4.511050     2.6747     0.4160  1.6408221  13.545483    13.5464    38.3957    28.9117     4.1301    179.269 0.0000e+00
     63.507    135.479    13.5541   4.510933     2.6769     0.4053  1.6403134  13.540695    13.5448    38.3957    28.9120     4.1364    179.540 0.0000e+00
     64.392    136.479    13.5516   4.510674     2.6784     0.3944  1.6400590  13.535906    13.5423    38.3953    28.9122     4.1386    179.636 0.0000e+00
     65.026    137.479    13.5506   4.510606     2.6800     0.3865  1.6400590  13.534538    13.5412    38.3954    28.9125     4.1424    179.803 0.0000e+00
     65.200    138.479    13.5486   4.510337     2.6817     0.3890  1.6389397  13.535222    13.5391    38.3948    28.9125     4.1502    180.141 0.0000e+00
     65.651    139.479    13.5421   4.509610     2.6854     0.3907  1.6391941  13.535906    13.5325    38.3942    28.9134     4.1616    180.633 0.0000e+00
     66.674    140.479    13.5163   4.506954     2.6891     0.3898  1.6392450  13.527697    13.5067    38.3942    28.9190     4.1718    181.075 0.0000e+00
     67.387    141.479    13.4991   4.505285     2.6925     0.4035  1.6383292  13.515382    13.4894    38.3953    28.9235     4.1807    181.462 0.0000e+00
     67.628    142.479    13.5003   4.505342     2.6964     0.4043  1.6372609  13.517435    13.4905    38.3946    28.9227     4.1868    181.726 0.0000e+00
     68.057    143.479    13.4922   4.504716     2.6983     0.4013  1.6358872  13.515382    13.4823    38.3965    28.9259     4.1849    181.645 0.0000e+00
     68.858    144.479    13.4977   4.506056     2.6980     0.4031  1.6364977  13.488013    13.4877    38.4035    28.9302     4.1772    181.310 0.0000e+00
     69.750    145.479    13.4979   4.506407     2.6959     0.3881  1.6344627  13.485276    13.4878    38.4062    28.9323     4.1741    181.175 0.0000e+00
     70.317    146.479    13.4874   4.505320     2.6958     0.3960  1.6335470  13.483908    13.4772    38.4062    28.9345     4.1821    181.522 0.0000e+00
     70.488    147.479    13.4760   4.504073     2.6985     0.4031  1.6325803  13.483908    13.4658    38.4057    28.9365     4.1944    182.052 0.0000e+00
     70.981    148.479    13.4609   4.502189     2.7015     0.3999  1.6320716  13.482539    13.4506    38.4026    28.9374     4.2054    182.531 0.0000e+00
     71.990    149.479    13.4371   4.499615     2.7059     0.4276  1.6323769  13.464748    13.4267    38.4015    28.9416     4.2170    183.032 0.0000e+00
     72.871    150.479    13.4262   4.498531     2.7092     0.4173  1.6324277  13.434637    13.4156    38.4018    28.9441     4.2204    183.183 0.0000e+00
     73.339    151.479    13.4242   4.498423     2.7106     0.4169  1.6312576  13.432584    13.4136    38.4025    28.9451     4.2194    183.138 0.0000e+00
     73.596    152.479    13.4242   4.498517     2.7107     0.4210  1.6299857  13.444903    13.4136    38.4033    28.9457     4.2135    182.883 0.0000e+00
     74.004    153.479    13.4274   4.499048     2.7092     0.4205  1.6293752  13.440112    13.4167    38.4049    28.9463     4.2102    182.738 0.0000e+00
     74.786    154.479    13.4268   4.499181     2.7084     0.4132  1.6302401  13.420948    13.4160    38.4064    28.9476     4.2120    182.817 0.0000e+00
     75.844    155.479    13.4218   4.498651     2.7091     0.4154  1.6290191  13.414103    13.4108    38.4060    28.9484     4.2176    183.061 0.0000e+00
     76.543    156.479    13.4201   4.498517     2.7102     0.4220  1.6291717  13.414788    13.4090    38.4061    28.9489     4.2207    183.192 0.0000e+00
     76.677    157.479    13.4203   4.498546     2.7109     0.4233  1.6291209  13.417526    13.4092    38.4060    28.9488     4.2202    183.171 0.0000e+00
     76.999    158.479    13.4201   4.498535     2.7108     0.4230  1.6295787  13.414788    13.4090    38.4060    28.9488     4.2184    183.092 0.0000e+00
     77.742    159.479    13.4178   4.498290     2.7105     0.4133  1.6287138  13.412734    13.4066    38.4056    28.9490     4.2195    183.142 0.0000e+00
     78.574    160.479    13.4143   4.497868     2.7114     0.4084  1.6286630  13.403836    13.4029    38.4048    28.9491     4.2241    183.340 0.0000e+00
     79.321    161.479    13.4112   4.497545     2.7120     0.4056  1.6288665  13.402467    13.3997    38.4045    28.9496     4.2281    183.516 0.0000e+00
     79.752    162.479    13.4108   4.497519     2.7136     0.4110  1.6279507  13.402467    13.3993    38.4045    28.9497     4.2306    183.622 0.0000e+00
     80.009    163.479    13.4110   4.497553     2.7143     0.4150  1.6282560  13.403836    13.3995    38.4044    28.9496     4.2301    183.601 0.0000e+00
     80.734    164.479    13.4081   4.497221     2.7147     0.4126  1.6272894  13.403152    13.3965    38.4038    28.9498     4.2316    183.668 0.0000e+00
     81.738    165.479    13.4060   4.497055     2.7151     0.4181  1.6277981  13.396307    13.3943    38.4039    28.9503     4.2337    183.758 0.0000e+00
     82.119    166.479    13.4053   4.496972     2.7157     0.4116  1.6270350  13.396307    13.3934    38.4037    28.9503     4.2365    183.878 0.0000e+00
     82.296    167.479    13.4051   4.496977     2.7170     0.4061  1.6267297  13.401098    13.3932    38.4038    28.9504     4.2380    183.945 0.0000e+00
     83.066    168.479    13.4050   4.496979     2.7165     0.4135  1.6266280  13.394253    13.3930    38.4036    28.9503     4.2315    183.664 0.0000e+00
     84.072    169.479    13.4026   4.496760     2.7150     0.4205  1.6265262  13.389461    13.3905    38.4035    28.9507     4.2297    183.585 0.0000e+00
     84.542    170.479    13.4015   4.496659     2.7146     0.3933  1.6255596  13.388777    13.3893    38.4034    28.9509     4.2350    183.813 0.0000e+00
     84.826    171.479    13.4012   4.496613     2.7159     0.4103  1.6258649  13.396307    13.3889    38.4032    28.9508     4.2368    183.893 0.0000e+00
     85.416    172.479    13.3999   4.496488     2.7155     0.4162  1.6257631  13.388092    13.3876    38.4030    28.9510     4.2364    183.875 0.0000e+00
     86.117    173.479    13.3951   4.495977     2.7168     0.4040  1.6257631  13.386723    13.3826    38.4026    28.9517     4.2434    184.177 0.0000e+00
     86.799    174.479    13.3921   4.495702     2.7180     0.3887  1.6257631  13.382616    13.3796    38.4027    28.9524     4.2445    184.227 0.0000e+00
     87.476    175.479    13.3876   4.495211     2.7189     0.3939  1.6255596  13.379878    13.3750    38.4022    28.9530     4.2474    184.353 0.0000e+00
     87.926    176.479    13.3867   4.495117     2.7194     0.3871  1.6250509  13.375086    13.3740    38.4020    28.9531     4.2459    184.287 0.0000e+00
     88.329    177.479    13.3863   4.495095     2.7192     0.3852  1.6254579  13.383300    13.3736    38.4020    28.9531     4.2461    184.296 0.0000e+00
     88.915    178.479    13.3840   4.494855     2.7196     0.3923  1.6253052  13.383985    13.3712    38.4017    28.9535     4.2473    184.347 0.0000e+00
     89.763    179.479    13.3822   4.494717     2.7192     0.3992  1.6250509  13.369609    13.3693    38.4019    28.9540     4.2482    184.385 0.0000e+00
     90.488    180.479    13.3821   4.494745     2.7206     0.3821  1.6248982  13.368925    13.3690    38.4019    28.9541     4.2537    184.623 0.0000e+00
     90.662    181.479    13.3821   4.494743     2.7209     0.3817  1.6244403  13.368925    13.3690    38.4018    28.9540     4.2490    184.419 0.0000e+00
     90.934    182.479    13.3823   4.494790     2.7201     0.3863  1.6240333  13.370294    13.3692    38.4019    28.9540     4.2487    184.408 0.0000e+00
     91.802    183.479    13.3823   4.494835     2.7203     0.3756  1.6242877  13.367556    13.3691    38.4020    28.9541     4.2510    184.509 0.0000e+00
     92.773    184.479    13.3822   4.494882     2.7205     0.3770  1.6240842  13.366871    13.3689    38.4020    28.9542     4.2518    184.541 0.0000e+00
     93.177    185.479    13.3823   4.494895     2.7209     0.3822  1.6244403  13.368240    13.3689    38.4019    28.9541     4.2535    184.617 0.0000e+00
     93.336    186.479    13.3823   4.494901     2.7210     0.3803  1.6241860  13.369610    13.3688    38.4019    28.9541     4.2509    184.501 0.0000e+00
     93.919    187.479    13.3825   4.494959     2.7201     0.3819  1.6242877  13.368240    13.3690    38.4020    28.9541     4.2493    184.432 0.0000e+00
     94.793    188.479    13.3825   4.495001     2.7196     0.3803  1.6239316  13.366871    13.3688    38.4020    28.9542     4.2467    184.319 0.0000e+00
     95.419    189.479    13.3824   4.495024     2.7182     0.3866  1.6241860  13.368240    13.3686    38.4021    28.9543     4.2451    184.252 0.0000e+00
     95.854    190.479    13.3826   4.495079     2.7181     0.3853  1.6240333  13.368925    13.3688    38.4021    28.9543     4.2478    184.367 0.0000e+00
     96.294    191.479    13.3826   4.495091     2.7181     0.3760  1.6238807  13.368240    13.3687    38.4021    28.9543     4.2485    184.400 0.0000e+00
     96.839    192.479    13.3826   4.495123     2.7181     0.3739  1.6243386  13.368925    13.3686    38.4021    28.9543     4.2472    184.341 0.0000e+00
     97.715    193.479    13.3825   4.495176     2.7179     0.3897  1.6246438  13.365502    13.3684    38.4023    28.9545     4.2473    184.345 0.0000e+00
     98.399    194.479    13.3826   4.495225     2.7171     0.3954  1.6244912  13.368925    13.3684    38.4024    28.9546     4.2445    184.227 0.0000e+00
     98.469    195.479    13.3826   4.495230     2.7164     0.3854  1.6242877  13.367556    13.3684    38.4024    28.9546     4.2436    184.185 0.0000e+00
     98.809    196.479    13.3828   4.495296     2.7160     0.3766  1.6246438  13.365502    13.3686    38.4027    28.9547     4.2462    184.299 0.0000e+00
     99.789    197.479    13.3829   4.495378     2.7168     0.3922  1.6248982  13.364817    13.3686    38.4029    28.9549     4.2471    184.340 0.0000e+00
    100.695    198.479    13.3808   4.495224     2.7162     0.3660  1.6244912  13.368240    13.3663    38.4032    28.9556     4.2448    184.238 0.0000e+00
    100.998    199.479    13.3791   4.495047     2.7158     0.3485  1.6251017  13.365502    13.3645    38.4031    28.9559     4.2452    184.257 0.0000e+00
    101.290    200.479    13.3783   4.494937     2.7156     0.3601  1.6250000  13.366186    13.3637    38.4027    28.9558     4.2456    184.271 0.0000e+00
    101.930    201.479    13.3757   4.494720     2.7156     0.3728  1.6254070  13.361394    13.3610    38.4029    28.9565     4.2482    184.385 0.0000e+00
    102.559    202.479    13.3759   4.494772     2.7171     0.4166  1.6257631  13.364817    13.3611    38.4029    28.9565     4.2550    184.682 0.0000e+00
    103.188    203.479    13.3747   4.494708     2.7184     0.3837  1.6256614  13.357286    13.3598    38.4032    28.9570     4.2567    184.754 0.0000e+00
    103.948    204.479    13.3732   4.494577     2.7193     0.3847  1.6256613  13.353863    13.3582    38.4032    28.9573     4.2548    184.673 0.0000e+00
    104.393    205.479    13.3735   4.494657     2.7182     0.3856  1.6253561  13.353863    13.3584    38.4034    28.9575     4.2476    184.359 0.0000e+00
