Boussole/Data/SBEMOOSE/Work/cnv/bous229_01.cnv
* Sea-Bird SBE 9 Data File:
* FileName = C:\boussole\202104\bous229_01.hdr
* Software Version Seasave V 7.23.2
* Temperature SN = 2473
* Conductivity SN = 2929
* Number of Bytes Per Scan = 37
* Number of Voltage Words = 4
* Number of Scans Averaged by the Deck Unit = 1
* NMEA Latitude = 43 22.06 N
* NMEA Longitude = 007 54.18 E
* NMEA UTC (Time) = Apr 09 2021  08:58:24
* NMEA baud rate = 4800
** Campagne = BOUSSOLE 229
** Navire = Tethys II
** Station = BOUS229_01
** Date = 09/04/2021
** Heure debut [TU] = 08:59
** Heure fin [TU] = 09:12
** Heure locale / TU = +0
** Latitude = 43 22.067 N
** Longitude = 007 54.196 E
** Heure meteo [TU] = 09:02
** T air sec [deg C] = 13.5
** T mer [deg C] = 14.09
** Vent [noeuds, degres] = 4.8, 185
** Pression atm [hpa] = 1027
** Humidite [%] = 51
** Nebulosite [octas] = 2
** Etat de la mer [code S] = 2
# nquan = 14
# nvalues = 839                         
# units = specified
# name 0 = prDM: Pressure, Digiquartz [db]
# name 1 = timeS: Time, Elapsed [seconds]
# name 2 = t090C: Temperature [ITS-90, deg C]
# name 3 = c0S/m: Conductivity [S/m]
# name 4 = sbeox0V: Oxygen raw, SBE 43 [V]
# name 5 = flC: Fluorescence, Chelsea Aqua 3 Chl Con [ug/l]
# name 6 = upoly0: Upoly 0, RINKOIII_DO
# name 7 = upoly1: Upoly 1, RINKOIII_Temp
# name 8 = potemp090C: Potential Temperature [ITS-90, deg C]
# name 9 = sal00: Salinity, Practical [PSU]
# name 10 = sigma-é00: Density [sigma-theta, kg/m^3]
# name 11 = sbeox0ML/L: Oxygen, SBE 43 [ml/l], WS = 2
# name 12 = sbox0Mm/Kg: Oxygen, SBE 43 [umol/kg], WS = 2
# name 13 = flag: flag
# span 0 =      0.264,    201.432       
# span 1 =      0.479,    838.333       
# span 2 =    13.4715,    14.2190       
# span 3 =   4.502681,   4.589295       
# span 4 =     2.2527,     2.9974       
# span 5 =    -0.0727,     3.8862       
# span 6 =  1.5339336,  1.8153235       
# span 7 =  13.468170,  14.015683       
# span 8 =    13.4639,    14.2189       
# span 9 =    38.3752,    38.6763       
# span 10 =    28.7598,    29.0483      
# span 11 =     3.2753,     4.7112      
# span 12 =    142.148,    204.506      
# span 13 = 0.0000e+00, 0.0000e+00      
# interval = seconds: 1                 
# start_time = Apr 09 2021 08:58:24 [NMEA time, header]
# bad_flag = -9.990e-29
*END*
[from data line 207]
    136.073    207.479    13.8598   4.569330     2.3599     0.1832  1.7677046  13.836726    13.8397    38.6108    29.0156     3.4794    151.010 0.0000e+00
    136.674    208.479    13.8599   4.569382     2.3598     0.1902  1.7680098  13.836726    13.8397    38.6109    29.0156     3.4780    150.948 0.0000e+00
    137.428    209.479    13.8598   4.569398     2.3583     0.1836  1.7681116  13.837410    13.8394    38.6109    29.0157     3.4725    150.710 0.0000e+00
    138.043    210.479    13.8597   4.569398     2.3575     0.1834  1.7685186  13.839460    13.8393    38.6107    29.0156     3.4752    150.827 0.0000e+00
    138.136    211.479    13.8593   4.569377     2.3573     0.1894  1.7696887  13.835360    13.8389    38.6108    29.0157     3.4740    150.772 0.0000e+00
    138.387    212.479    13.8593   4.569389     2.3568     0.1919  1.7698413  13.838776    13.8388    38.6108    29.0157     3.4725    150.711 0.0000e+00
    139.227    213.479    13.8581   4.569279     2.3561     0.1869  1.7698413  13.838093    13.8375    38.6107    29.0159     3.4740    150.773 0.0000e+00
    140.116    214.479    13.8569   4.569187     2.3569     0.1978  1.7701974  13.837410    13.8362    38.6106    29.0161     3.4787    150.979 0.0000e+00
    140.535    215.479    13.8551   4.569030     2.3579     0.1971  1.7706553  13.838776    13.8343    38.6107    29.0166     3.4792    151.000 0.0000e+00
    140.886    216.479    13.8548   4.569016     2.3576     0.2033  1.7707571  13.837410    13.8340    38.6107    29.0167     3.4756    150.842 0.0000e+00
    141.501    217.479    13.8536   4.568920     2.3569     0.2019  1.7704009  13.838093    13.8326    38.6108    29.0170     3.4738    150.765 0.0000e+00
    142.152    218.479    13.8525   4.568853     2.3557     0.1907  1.7706553  13.831943    13.8314    38.6109    29.0174     3.4710    150.643 0.0000e+00
    142.694    219.479    13.8517   4.568812     2.3551     0.1887  1.7711132  13.831943    13.8306    38.6111    29.0178     3.4722    150.694 0.0000e+00
    143.208    220.479    13.8522   4.568908     2.3544     0.1978  1.7709605  13.829894    13.8310    38.6113    29.0178     3.4687    150.544 0.0000e+00
    143.612    221.479    13.8653   4.570833     2.3530     0.1954  1.7712149  13.831260    13.8440    38.6162    29.0188     3.4625    150.273 0.0000e+00
    144.119    222.479    13.8788   4.572861     2.3503     0.1870  1.7711132  13.831260    13.8574    38.6216    29.0200     3.4519    149.817 0.0000e+00
    144.946    223.479    13.8972   4.575514     2.3470     0.1873  1.7710114  13.851758    13.8757    38.6279    29.0210     3.4455    149.537 0.0000e+00
    145.713    224.479    13.9006   4.576013     2.3450     0.1880  1.7714693  13.871572    13.8790    38.6288    29.0210     3.4437    149.459 0.0000e+00
    146.088    225.479    13.9049   4.576580     2.3428     0.1898  1.7729447  13.870888    13.8832    38.6296    29.0207     3.4375    149.191 0.0000e+00
    146.408    226.479    13.9059   4.576770     2.3405     0.1865  1.7737078  13.862690    13.8842    38.6303    29.0210     3.4355    149.104 0.0000e+00
    146.981    227.479    13.9073   4.576997     2.3395     0.1898  1.7740639  13.873621    13.8855    38.6308    29.0211     3.4342    149.046 0.0000e+00
    147.751    228.479    13.9051   4.576781     2.3377     0.1973  1.7752341  13.880453    13.8831    38.6306    29.0215     3.4292    148.829 0.0000e+00
    148.396    229.479    13.9017   4.576419     2.3357     0.2047  1.7761498  13.880453    13.8797    38.6303    29.0220     3.4267    148.722 0.0000e+00
    148.704    230.479    13.9008   4.576343     2.3344     0.1885  1.7776252  13.877720    13.8787    38.6303    29.0222     3.4235    148.583 0.0000e+00
    149.111    231.479    13.9019   4.576664     2.3319     0.1921  1.7781848  13.877720    13.8797    38.6322    29.0234     3.4173    148.311 0.0000e+00
    149.920    232.479    13.9061   4.577364     2.3304     0.1984  1.7782357  13.881819    13.8838    38.6342    29.0241     3.4158    148.248 0.0000e+00
    150.617    233.479    13.9063   4.577413     2.3284     0.1954  1.7793040  13.882502    13.8840    38.6341    29.0240     3.4111    148.043 0.0000e+00
    150.912    234.479    13.9041   4.577174     2.3267     0.2001  1.7809320  13.879769    13.8817    38.6340    29.0244     3.4109    148.033 0.0000e+00
    151.456    235.479    13.9014   4.576802     2.3265     0.1847  1.7815934  13.881136    13.8789    38.6329    29.0241     3.4145    148.193 0.0000e+00
    152.228    236.479    13.8914   4.575555     2.3271     0.1995  1.7823057  13.879769    13.8688    38.6308    29.0247     3.4187    148.371 0.0000e+00
    152.697    237.479    13.8802   4.574167     2.3277     0.2021  1.7821530  13.873621    13.8576    38.6287    29.0256     3.4167    148.286 0.0000e+00
    153.032    238.479    13.8764   4.573657     2.3260     0.2035  1.7827635  13.877720    13.8537    38.6275    29.0255     3.4127    148.112 0.0000e+00
    153.656    239.479    13.8752   4.573522     2.3264     0.2021  1.7832214  13.874987    13.8525    38.6271    29.0254     3.4186    148.368 0.0000e+00
    154.357    240.479    13.8758   4.573700     2.3266     0.1946  1.7833232  13.861324    13.8529    38.6279    29.0259     3.4153    148.224 0.0000e+00
    154.831    241.479    13.8900   4.575701     2.3254     0.1898  1.7834249  13.860641    13.8671    38.6324    29.0263     3.4101    147.999 0.0000e+00
    155.310    242.479    13.8940   4.576301     2.3240     0.1892  1.7833741  13.861324    13.8709    38.6339    29.0266     3.4040    147.737 0.0000e+00
    156.058    243.479    13.9070   4.578290     2.3210     0.1933  1.7832214  13.866789    13.8838    38.6393    29.0281     3.3954    147.361 0.0000e+00
    156.776    244.479    13.9117   4.578965     2.3188     0.1918  1.7836793  13.887284    13.8884    38.6406    29.0281     3.3941    147.305 0.0000e+00
    157.172    245.479    13.9133   4.579229     2.3173     0.1879  1.7850021  13.887284    13.8900    38.6413    29.0283     3.3914    147.187 0.0000e+00
    157.496    246.479    13.9136   4.579301     2.3158     0.2020  1.7858669  13.881136    13.8902    38.6416    29.0285     3.3890    147.082 0.0000e+00
    158.054    247.479    13.9141   4.579409     2.3145     0.1994  1.7860196  13.881819    13.8906    38.6418    29.0285     3.3869    146.992 0.0000e+00
    158.856    248.479    13.9134   4.579359     2.3133     0.1900  1.7866300  13.892749    13.8898    38.6417    29.0286     3.3849    146.905 0.0000e+00
    159.425    249.479    13.9105   4.578995     2.3118     0.1843  1.7874440  13.894115    13.8868    38.6409    29.0287     3.3809    146.732 0.0000e+00
    159.658    250.479    13.9104   4.578996     2.3103     0.1797  1.7885633  13.893432    13.8867    38.6409    29.0287     3.3788    146.642 0.0000e+00
    160.143    251.479    13.9079   4.578697     2.3092     0.1774  1.7891229  13.894115    13.8842    38.6403    29.0288     3.3789    146.645 0.0000e+00
    160.887    252.479    13.9056   4.578464     2.3088     0.1778  1.7894282  13.887284    13.8817    38.6401    29.0292     3.3819    146.776 0.0000e+00
    161.543    253.479    13.9076   4.578800     2.3096     0.1880  1.7896317  13.887284    13.8836    38.6410    29.0294     3.3823    146.794 0.0000e+00
    162.128    254.479    13.9108   4.579302     2.3088     0.1938  1.7901913  13.887284    13.8867    38.6423    29.0298     3.3781    146.609 0.0000e+00
    162.689    255.479    13.9154   4.580028     2.3074     0.1773  1.7904457  13.887967    13.8913    38.6442    29.0303     3.3698    146.249 0.0000e+00
    163.095    256.479    13.9218   4.580962     2.3041     0.1849  1.7903439  13.890699    13.8975    38.6466    29.0307     3.3622    145.919 0.0000e+00
    163.550    257.479    13.9250   4.581486     2.3022     0.1955  1.7901913  13.888650    13.9007    38.6480    29.0311     3.3615    145.890 0.0000e+00
    164.136    258.479    13.9227   4.581236     2.3005     0.2081  1.7907509  13.893432    13.8983    38.6477    29.0315     3.3585    145.759 0.0000e+00
    164.732    259.479    13.9183   4.580754     2.2990     0.2051  1.7911070  13.900946    13.8939    38.6473    29.0321     3.3580    145.739 0.0000e+00
    165.357    260.479    13.9119   4.579979     2.2986     0.2134  1.7927351  13.903679    13.8873    38.6461    29.0326     3.3602    145.831 0.0000e+00
    165.996    261.479    13.9064   4.579319     2.2982     0.2109  1.7940069  13.895481    13.8818    38.6451    29.0330     3.3596    145.806 0.0000e+00
    166.534    262.479    13.8934   4.577673     2.2981     0.1994  1.7953805  13.894798    13.8687    38.6424    29.0338     3.3639    145.993 0.0000e+00
    167.112    263.479    13.8839   4.576456     2.2994     0.2001  1.7967033  13.892066    13.8592    38.6401    29.0340     3.3699    146.255 0.0000e+00
    167.663    264.479    13.8813   4.576178     2.3009     0.1866  1.7971103  13.882502    13.8564    38.6399    29.0344     3.3719    146.338 0.0000e+00
    168.028    265.479    13.8844   4.576687     2.3008     0.1878  1.7978734  13.877720    13.8595    38.6414    29.0350     3.3665    146.105 0.0000e+00
    168.517    266.479    13.8971   4.578529     2.2997     0.1939  1.7970594  13.877037    13.8721    38.6458    29.0357     3.3608    145.858 0.0000e+00
    169.284    267.479    13.9094   4.580334     2.2976     0.1967  1.7976191  13.876354    13.8842    38.6503    29.0365     3.3555    145.628 0.0000e+00
    170.077    268.479    13.9119   4.580751     2.2969     0.1956  1.7968050  13.892749    13.8867    38.6513    29.0367     3.3589    145.775 0.0000e+00
    170.518    269.479    13.9134   4.580980     2.2968     0.1886  1.7971103  13.894115    13.8881    38.6518    29.0368     3.3569    145.687 0.0000e+00
    170.811    270.479    13.9134   4.580979     2.2955     0.1930  1.7973647  13.891383    13.8880    38.6516    29.0367     3.3545    145.586 0.0000e+00
    171.365    271.479    13.9134   4.581019     2.2955     0.1851  1.7973138  13.893432    13.8880    38.6518    29.0368     3.3573    145.706 0.0000e+00
    172.047    272.479    13.9140   4.581124     2.2957     0.1911  1.7971612  13.894115    13.8884    38.6519    29.0368     3.3571    145.698 0.0000e+00
    172.707    273.479    13.9139   4.581154     2.2951     0.1931  1.7972120  13.893432    13.8882    38.6520    29.0369     3.3556    145.634 0.0000e+00
    173.288    274.479    13.9137   4.581177     2.2953     0.1990  1.7974156  13.894798    13.8880    38.6521    29.0371     3.3585    145.760 0.0000e+00
    173.845    275.479    13.9137   4.581211     2.2956     0.1945  1.7972120  13.894115    13.8879    38.6522    29.0372     3.3571    145.697 0.0000e+00
    174.537    276.479    13.9136   4.581229     2.2948     0.1910  1.7971103  13.894115    13.8877    38.6521    29.0372     3.3548    145.597 0.0000e+00
    175.170    277.479    13.9137   4.581264     2.2944     0.1899  1.7973647  13.894115    13.8877    38.6521    29.0372     3.3560    145.651 0.0000e+00
    175.474    278.479    13.9137   4.581265     2.2948     0.2017  1.7975682  13.894115    13.8876    38.6520    29.0371     3.3582    145.744 0.0000e+00
    175.797    279.479    13.9136   4.581287     2.2947     0.2005  1.7974156  13.894115    13.8875    38.6521    29.0372     3.3560    145.652 0.0000e+00
    176.552    280.479    13.9139   4.581377     2.2944     0.1942  1.7973647  13.894115    13.8877    38.6523    29.0373     3.3564    145.665 0.0000e+00
    177.354    281.479    13.9141   4.581428     2.2943     0.2015  1.7972120  13.894115    13.8877    38.6522    29.0373     3.3562    145.659 0.0000e+00
    177.723    282.479    13.9139   4.581446     2.2940     0.1939  1.7973647  13.894115    13.8875    38.6524    29.0375     3.3547    145.592 0.0000e+00
    178.207    283.479    13.9141   4.581496     2.2933     0.1773  1.7977208  13.894115    13.8876    38.6525    29.0375     3.3524    145.492 0.0000e+00
    179.045    284.479    13.9122   4.581342     2.2920     0.1749  1.7974664  13.894115    13.8856    38.6525    29.0379     3.3477    145.287 0.0000e+00
    179.662    285.479    13.9087   4.580914     2.2906     0.1889  1.7978225  13.894115    13.8820    38.6517    29.0381     3.3506    145.417 0.0000e+00
    179.810    286.479    13.9094   4.581008     2.2915     0.1984  1.7976191  13.894798    13.8827    38.6519    29.0381     3.3526    145.504 0.0000e+00
    180.135    287.479    13.9085   4.580895     2.2909     0.1908  1.7979752  13.894115    13.8818    38.6516    29.0380     3.3518    145.465 0.0000e+00
    180.897    288.479    13.9049   4.580463     2.2916     0.1891  1.7976190  13.892749    13.8781    38.6507    29.0382     3.3541    145.566 0.0000e+00
    181.724    289.479    13.9036   4.580323     2.2912     0.2006  1.7974664  13.887967    13.8766    38.6504    29.0382     3.3511    145.436 0.0000e+00
    182.250    290.479    13.9021   4.580161     2.2907     0.2040  1.7975682  13.887967    13.8750    38.6501    29.0383     3.3529    145.512 0.0000e+00
    182.646    291.479    13.8987   4.579702     2.2914     0.2017  1.7978225  13.892066    13.8716    38.6490    29.0383     3.3571    145.699 0.0000e+00
    183.136    292.479    13.8952   4.579302     2.2923     0.1779  1.7975682  13.893432    13.8680    38.6485    29.0386     3.3584    145.755 0.0000e+00
    183.633    293.479    13.8930   4.579032     2.2928     0.1813  1.7979752  13.889333    13.8657    38.6480    29.0387     3.3589    145.777 0.0000e+00
    184.137    294.479    13.8865   4.578208     2.2928     0.1890  1.7979243  13.885234    13.8592    38.6465    29.0390     3.3592    145.788 0.0000e+00
    184.456    295.479    13.8825   4.577744     2.2934     0.1828  1.7977208  13.879086    13.8551    38.6460    29.0394     3.3626    145.935 0.0000e+00
    184.349    296.479    13.8875   4.578456     2.2938     0.1805  1.7971103  13.877720    13.8601    38.6477    29.0397     3.3605    145.845 0.0000e+00
    184.364    297.479    13.8909   4.578818     2.2938     0.1803  1.7972120  13.877720    13.8635    38.6477    29.0390     3.3607    145.853 0.0000e+00
    184.772    298.479    13.8820   4.577657     2.2937     0.1866  1.7973647  13.872938    13.8546    38.6455    29.0392     3.3619    145.908 0.0000e+00
    185.157    299.479    13.8791   4.577340     2.2944     0.1831  1.7968559  13.868156    13.8516    38.6452    29.0396     3.3669    146.122 0.0000e+00
    185.366    300.479    13.8782   4.577271     2.2959     0.1799  1.7967542  13.866789    13.8507    38.6454    29.0400     3.3691    146.217 0.0000e+00
    185.712    301.479    13.8774   4.577174     2.2963     0.1824  1.7967033  13.862007    13.8499    38.6451    29.0399     3.3695    146.236 0.0000e+00
    186.282    302.479    13.8662   4.575677     2.2974     0.1918  1.7966015  13.861324    13.8386    38.6420    29.0399     3.3750    146.476 0.0000e+00
    186.730    303.479    13.8540   4.574162     2.2990     0.1985  1.7964998  13.858591    13.8263    38.6397    29.0408     3.3782    146.612 0.0000e+00
    187.000    304.479    13.8496   4.573638     2.2992     0.1986  1.7963981  13.857224    13.8219    38.6390    29.0412     3.3757    146.506 0.0000e+00
    187.446    305.479    13.8458   4.573142     2.2990     0.1978  1.7961945  13.848342    13.8180    38.6379    29.0412     3.3755    146.495 0.0000e+00
    188.065    306.479    13.8444   4.572983     2.2989     0.1938  1.7958384  13.835360    13.8165    38.6376    29.0413     3.3757    146.504 0.0000e+00
    188.776    307.479    13.8427   4.572788     2.2985     0.1927  1.7955841  13.828527    13.8148    38.6371    29.0412     3.3739    146.426 0.0000e+00
    189.496    308.479    13.8414   4.572661     2.2980     0.1832  1.7951771  13.828527    13.8134    38.6369    29.0414     3.3734    146.404 0.0000e+00
