Boussole/Data/SBEMOOSE/Work/cnv/bous225_01.cnv
* Sea-Bird SBE 9 Data File:
* FileName = C:\boussole\202012\bous225_01.hdr
* Software Version Seasave V 7.23.2
* Temperature SN = 2473
* Conductivity SN = 2929
* Number of Bytes Per Scan = 37
* Number of Voltage Words = 4
* Number of Scans Averaged by the Deck Unit = 1
* NMEA Latitude = 43 22.09 N
* NMEA Longitude = 007 54.55 E
* NMEA UTC (Time) = Dec 09 2020  11:37:50
* NMEA baud rate = 4800
** Navire
** Station:
** Date
** Heure debut [TU]
** Heure fin [TU]
** Heure locale / TU = +0
** Latitude
** Longitude
** Heure meteo [TU]
** T air sec [deg C]
** T mer [deg C]
** Vent [noeuds, degres]
# nquan = 14
# nvalues = 2192                        
# units = specified
# name 0 = prDM: Pressure, Digiquartz [db]
# name 1 = timeS: Time, Elapsed [seconds]
# name 2 = t090C: Temperature [ITS-90, deg C]
# name 3 = c0S/m: Conductivity [S/m]
# name 4 = sbeox0V: Oxygen raw, SBE 43 [V]
# name 5 = flC: Fluorescence, Chelsea Aqua 3 Chl Con [ug/l]
# name 6 = upoly0: Upoly 0, RINKOIII_DO
# name 7 = upoly1: Upoly 1, RINKOIII_Temp
# name 8 = potemp090C: Potential Temperature [ITS-90, deg C]
# name 9 = sal00: Salinity, Practical [PSU]
# name 10 = sigma-é00: Density [sigma-theta, kg/m^3]
# name 11 = sbeox0ML/L: Oxygen, SBE 43 [ml/l], WS = 2
# name 12 = sbox0Mm/Kg: Oxygen, SBE 43 [umol/kg], WS = 2
# name 13 = flag: flag
# span 0 =      0.459,    405.652       
# span 1 =      0.479,   2191.188       
# span 2 =    13.7307,    15.0594       
# span 3 =   4.545614,   4.626453       
# span 4 =     1.4440,     2.6649       
# span 5 =     0.1111,     0.4788       
# span 6 =  1.5356125,  1.8368946       
# span 7 =  13.713708,  15.029992       
# span 8 =    13.6711,    15.0592       
# span 9 =    38.0152,    38.6454       
# span 10 =    28.2860,    29.0755      
# span 11 =     3.3069,     7.3061      
# span 12 =    143.514,    317.120      
# span 13 = 0.0000e+00, 0.0000e+00      
# interval = seconds: 1                 
# start_time = Dec 09 2020 11:37:50 [NMEA time, header]
# bad_flag = -9.990e-29
*END*
[from data line 413]
    244.588    413.479    13.7682   4.562533     1.5971     0.1363  1.7932947  13.749253    13.7321    38.5896    29.0223     3.7555    162.989 0.0000e+00
    245.029    414.479    13.7683   4.562567     1.5962     0.1365  1.7933456  13.751987    13.7321    38.5896    29.0223     3.7513    162.810 0.0000e+00
    244.897    415.479    13.7683   4.562562     1.5935     0.1403  1.7936508  13.747886    13.7321    38.5897    29.0223     3.7289    161.835 0.0000e+00
    244.855    416.479    13.7682   4.562565     1.5892     0.1485  1.7937017  13.751303    13.7320    38.5898    29.0225     3.7124    161.118 0.0000e+00
    245.155    417.479    13.7683   4.562580     1.5853     0.1455  1.7941087  13.749936    13.7321    38.5897    29.0224     3.7054    160.817 0.0000e+00
    245.798    418.479    13.7684   4.562641     1.5838     0.1429  1.7941596  13.748570    13.7321    38.5899    29.0225     3.7105    161.039 0.0000e+00
    246.637    419.479    13.7686   4.562781     1.5815     0.1367  1.7947192  13.749936    13.7321    38.5907    29.0231     3.6983    160.509 0.0000e+00
    247.484    420.479    13.7693   4.563025     1.5804     0.1422  1.7945157  13.749936    13.7327    38.5919    29.0239     3.7159    161.272 0.0000e+00
    248.245    421.479    13.7699   4.563175     1.5830     0.1481  1.7945666  13.749937    13.7332    38.5924    29.0242     3.7396    162.300 0.0000e+00
    249.024    422.479    13.7705   4.563331     1.5870     0.1493  1.7950244  13.754721    13.7337    38.5929    29.0244     3.7488    162.699 0.0000e+00
    249.557    423.479    13.7712   4.563474     1.5882     0.1395  1.7947192  13.752671    13.7343    38.5934    29.0247     3.7422    162.414 0.0000e+00
    249.687    424.479    13.7720   4.563635     1.5892     0.1449  1.7947192  13.754037    13.7351    38.5940    29.0251     3.7374    162.203 0.0000e+00
    249.897    425.479    13.7724   4.563708     1.5872     0.1452  1.7950244  13.753354    13.7354    38.5942    29.0251     3.7295    161.863 0.0000e+00
    250.540    426.479    13.7776   4.564705     1.5893     0.1352  1.7956858  13.754721    13.7406    38.5981    29.0270     3.7652    163.412 0.0000e+00
    251.531    427.479    13.7829   4.565656     1.5945     0.1434  1.7962454  13.762240    13.7457    38.6014    29.0285     3.7798    164.046 0.0000e+00
    252.349    428.479    13.7837   4.565826     1.5957     0.1380  1.7963980  13.762923    13.7463    38.6019    29.0287     3.7526    162.863 0.0000e+00
    252.292    429.479    13.7833   4.565747     1.5925     0.1382  1.7971612  13.762923    13.7459    38.6015    29.0285     3.7437    162.477 0.0000e+00
    252.132    430.479    13.7834   4.565778     1.5936     0.1326  1.7975173  13.761556    13.7461    38.6018    29.0287     3.7581    163.101 0.0000e+00
    252.750    431.479    13.7842   4.565967     1.5935     0.1256  1.7973138  13.762240    13.7468    38.6025    29.0291     3.7512    162.803 0.0000e+00
    253.669    432.479    13.7849   4.566183     1.5927     0.1281  1.7979752  13.764290    13.7474    38.6033    29.0296     3.7481    162.668 0.0000e+00
    254.404    433.479    13.7850   4.566254     1.5930     0.1348  1.7982295  13.764290    13.7473    38.6037    29.0299     3.7677    163.518 0.0000e+00
    255.191    434.479    13.7851   4.566330     1.5963     0.1497  1.7985348  13.766340    13.7473    38.6040    29.0301     3.7795    164.031 0.0000e+00
    255.933    435.479    13.7840   4.566313     1.5980     0.1545  1.7987383  13.764290    13.7461    38.6045    29.0308     3.7770    163.923 0.0000e+00
    256.223    436.479    13.7837   4.566285     1.5981     0.1517  1.7990944  13.767024    13.7458    38.6045    29.0308     3.7662    163.453 0.0000e+00
    256.357    437.479    13.7834   4.566258     1.5965     0.1378  1.7995014  13.764290    13.7455    38.6044    29.0309     3.7589    163.138 0.0000e+00
    256.787    438.479    13.7827   4.566192     1.5965     0.1303  1.7997558  13.764290    13.7447    38.6043    29.0309     3.7727    163.737 0.0000e+00
    257.494    439.479    13.7820   4.566177     1.5979     0.1326  1.8001628  13.764973    13.7439    38.6045    29.0313     3.7799    164.048 0.0000e+00
    258.268    440.479    13.7845   4.566597     1.5995     0.1496  1.8006207  13.764290    13.7463    38.6057    29.0317     3.7842    164.236 0.0000e+00
    258.829    441.479    13.7858   4.566835     1.5992     0.1543  1.8003663  13.764973    13.7475    38.6064    29.0320     3.7648    163.393 0.0000e+00
    259.224    442.479    13.7856   4.566869     1.5970     0.1530  1.8009259  13.763606    13.7472    38.6068    29.0323     3.7554    162.985 0.0000e+00
    259.686    443.479    13.7858   4.566948     1.5951     0.1427  1.8011294  13.764290    13.7474    38.6070    29.0325     3.7584    163.115 0.0000e+00
    260.475    444.479    13.7862   4.567058     1.5959     0.1493  1.8014347  13.765657    13.7477    38.6073    29.0327     3.7814    164.113 0.0000e+00
    261.432    445.479    13.7875   4.567334     1.5997     0.1489  1.8016382  13.766340    13.7488    38.6083    29.0331     3.7913    164.542 0.0000e+00
    261.983    446.479    13.7883   4.567484     1.5993     0.1389  1.8017908  13.767024    13.7494    38.6087    29.0333     3.7677    163.517 0.0000e+00
    261.773    447.479    13.7879   4.567438     1.5966     0.1328  1.8018417  13.768391    13.7492    38.6086    29.0333     3.7498    162.742 0.0000e+00
    261.750    448.479    13.7882   4.567468     1.5950     0.1450  1.8018926  13.766340    13.7495    38.6087    29.0333     3.7694    163.592 0.0000e+00
    262.671    449.479    13.7896   4.567780     1.5971     0.1527  1.8020452  13.766340    13.7507    38.6098    29.0339     3.7731    163.753 0.0000e+00
    263.892    450.479    13.7908   4.568024     1.5964     0.1567  1.8025031  13.773175    13.7517    38.6104    29.0341     3.7638    163.346 0.0000e+00
    264.497    451.479    13.7911   4.568107     1.5956     0.1454  1.8021978  13.771808    13.7519    38.6106    29.0343     3.7668    163.477 0.0000e+00
    265.118    452.479    13.7926   4.568396     1.5966     0.1446  1.8022996  13.773858    13.7533    38.6115    29.0347     3.7707    163.649 0.0000e+00
    265.904    453.479    13.7935   4.568589     1.5960     0.1393  1.8028083  13.775225    13.7541    38.6121    29.0350     3.7625    163.294 0.0000e+00
    266.281    454.479    13.7939   4.568648     1.5947     0.1332  1.8026557  13.777276    13.7544    38.6121    29.0349     3.7510    162.791 0.0000e+00
    266.529    455.479    13.7946   4.568782     1.5918     0.1262  1.8030627  13.776592    13.7551    38.6125    29.0351     3.7370    162.186 0.0000e+00
    266.997    456.479    13.7953   4.568925     1.5907     0.1420  1.8033679  13.779326    13.7557    38.6130    29.0353     3.7581    163.099 0.0000e+00
    267.665    457.479    13.7966   4.569192     1.5932     0.1406  1.8036223  13.778643    13.7569    38.6139    29.0358     3.7585    163.118 0.0000e+00
    268.346    458.479    13.7978   4.569421     1.5900     0.1257  1.8037749  13.778643    13.7580    38.6146    29.0361     3.7228    161.570 0.0000e+00
    268.635    459.479    13.7981   4.569485     1.5862     0.1297  1.8037749  13.779326    13.7583    38.6148    29.0361     3.7299    161.878 0.0000e+00
    269.103    460.479    13.7984   4.569586     1.5878     0.1330  1.8041310  13.779326    13.7585    38.6152    29.0364     3.7449    162.527 0.0000e+00
    270.153    461.479    13.7991   4.569766     1.5872     0.1382  1.8047924  13.780009    13.7591    38.6157    29.0367     3.7276    161.775 0.0000e+00
    271.083    462.479    13.7996   4.569897     1.5840     0.1489  1.8049959  13.780693    13.7594    38.6161    29.0369     3.7132    161.153 0.0000e+00
    271.443    463.479    13.7999   4.569959     1.5827     0.1565  1.8055047  13.782743    13.7597    38.6162    29.0370     3.7263    161.718 0.0000e+00
    272.017    464.479    13.8002   4.570056     1.5845     0.1468  1.8056064  13.780009    13.7599    38.6166    29.0372     3.7414    162.375 0.0000e+00
    272.781    465.479    13.8004   4.570131     1.5846     0.1333  1.8057082  13.780693    13.7600    38.6167    29.0372     3.7196    161.431 0.0000e+00
    272.842    466.479    13.8004   4.570135     1.5817     0.1383  1.8060643  13.781376    13.7599    38.6168    29.0373     3.7073    160.895 0.0000e+00
    272.604    467.479    13.8004   4.570111     1.5792     0.1323  1.8061152  13.779326    13.7600    38.6166    29.0372     3.7057    160.829 0.0000e+00
    273.143    468.479    13.8006   4.570176     1.5801     0.1275  1.8060134  13.780693    13.7601    38.6168    29.0373     3.7191    161.407 0.0000e+00
    274.334    469.479    13.8008   4.570301     1.5789     0.1378  1.8058608  13.780693    13.7602    38.6172    29.0376     3.7042    160.762 0.0000e+00
    275.469    470.479    13.8006   4.570317     1.5781     0.1311  1.8063187  13.782060    13.7597    38.6171    29.0376     3.7126    161.127 0.0000e+00
    276.182    471.479    13.8010   4.570465     1.5785     0.1335  1.8063187  13.782743    13.7601    38.6177    29.0380     3.7169    161.314 0.0000e+00
    276.830    472.479    13.8015   4.570636     1.5794     0.1358  1.8065730  13.782743    13.7605    38.6186    29.0386     3.7146    161.212 0.0000e+00
    277.228    473.479    13.8016   4.570743     1.5781     0.1439  1.8061660  13.784110    13.7605    38.6193    29.0391     3.7062    160.846 0.0000e+00
    277.447    474.479    13.8024   4.570880     1.5779     0.1371  1.8063187  13.781376    13.7613    38.6197    29.0393     3.7149    161.228 0.0000e+00
    277.898    475.479    13.8040   4.571173     1.5788     0.1362  1.8066748  13.786160    13.7628    38.6207    29.0398     3.7123    161.114 0.0000e+00
    278.404    476.479    13.8064   4.571587     1.5771     0.1314  1.8071327  13.783426    13.7651    38.6220    29.0403     3.6940    160.319 0.0000e+00
    278.680    477.479    13.8077   4.571806     1.5744     0.1460  1.8070818  13.786160    13.7664    38.6226    29.0404     3.6848    159.917 0.0000e+00
    279.112    478.479    13.8100   4.572184     1.5724     0.1446  1.8072344  13.790943    13.7686    38.6237    29.0408     3.6771    159.586 0.0000e+00
    279.971    479.479    13.8134   4.572740     1.5701     0.1425  1.8079975  13.793677    13.7719    38.6252    29.0413     3.6830    159.839 0.0000e+00
    281.022    480.479    13.8158   4.573144     1.5713     0.1344  1.8081502  13.795727    13.7741    38.6261    29.0416     3.6943    160.332 0.0000e+00
    282.096    481.479    13.8186   4.573652     1.5711     0.1315  1.8084554  13.795727    13.7768    38.6276    29.0421     3.6816    159.779 0.0000e+00
    282.669    482.479    13.8219   4.574154     1.5693     0.1399  1.8084554  13.795727    13.7800    38.6288    29.0423     3.6767    159.565 0.0000e+00
    282.722    483.479    13.8226   4.574250     1.5692     0.1275  1.8087098  13.797777    13.7806    38.6290    29.0424     3.6792    159.673 0.0000e+00
    283.115    484.479    13.8231   4.574356     1.5682     0.1421  1.8090151  13.803244    13.7811    38.6293    29.0425     3.6680    159.191 0.0000e+00
    283.651    485.479    13.8237   4.574453     1.5656     0.1496  1.8094729  13.800511    13.7816    38.6294    29.0424     3.6543    158.594 0.0000e+00
    284.026    486.479    13.8241   4.574527     1.5632     0.1440  1.8097782  13.803927    13.7819    38.6295    29.0425     3.6572    158.720 0.0000e+00
    284.634    487.479    13.8259   4.574858     1.5637     0.1392  1.8099817  13.808711    13.7837    38.6305    29.0429     3.6615    158.905 0.0000e+00
    285.444    488.479    13.8307   4.575669     1.5621     0.1345  1.8097782  13.807344    13.7883    38.6331    29.0439     3.6470    158.280 0.0000e+00
    285.965    489.479    13.8315   4.575817     1.5598     0.1414  1.8100326  13.808711    13.7890    38.6335    29.0440     3.6393    157.944 0.0000e+00
    286.378    490.479    13.8311   4.575771     1.5592     0.1546  1.8099308  13.812811    13.7886    38.6332    29.0439     3.6562    158.678 0.0000e+00
    287.062    491.479    13.8295   4.575608     1.5608     0.1451  1.8102361  13.811445    13.7869    38.6330    29.0441     3.6518    158.487 0.0000e+00
    287.742    492.479    13.8269   4.575311     1.5582     0.1388  1.8106939  13.812128    13.7842    38.6325    29.0443     3.6319    157.623 0.0000e+00
    287.989    493.479    13.8227   4.574765     1.5564     0.1485  1.8112027  13.812811    13.7799    38.6314    29.0444     3.6336    157.699 0.0000e+00
    288.388    494.479    13.8172   4.574098     1.5555     0.1451  1.8113553  13.810761    13.7744    38.6305    29.0448     3.6305    157.564 0.0000e+00
    289.119    495.479    13.8136   4.573694     1.5536     0.1325  1.8116606  13.808711    13.7707    38.6299    29.0452     3.6244    157.297 0.0000e+00
    289.819    496.479    13.8091   4.573149     1.5530     0.1274  1.8121693  13.796410    13.7661    38.6290    29.0455     3.6371    157.846 0.0000e+00
    290.498    497.479    13.8072   4.572953     1.5547     0.1320  1.8123219  13.795727    13.7641    38.6287    29.0457     3.6457    158.222 0.0000e+00
    291.119    498.479    13.8067   4.572915     1.5547     0.1369  1.8125763  13.796410    13.7635    38.6286    29.0457     3.6276    157.437 0.0000e+00
    291.340    499.479    13.8042   4.572604     1.5518     0.1486  1.8124237  13.795727    13.7610    38.6280    29.0458     3.6116    156.742 0.0000e+00
    291.329    500.479    13.8037   4.572581     1.5494     0.1515  1.8129324  13.795044    13.7605    38.6283    29.0462     3.6147    156.875 0.0000e+00
    291.844    501.479    13.8012   4.572355     1.5498     0.1445  1.8130850  13.791627    13.7580    38.6284    29.0468     3.6266    157.392 0.0000e+00
    292.896    502.479    13.8001   4.572307     1.5503     0.1318  1.8133903  13.784110    13.7567    38.6286    29.0472     3.6315    157.605 0.0000e+00
    293.798    503.479    13.7997   4.572291     1.5512     0.1371  1.8138482  13.786843    13.7561    38.6285    29.0473     3.6272    157.419 0.0000e+00
    294.240    504.479    13.7995   4.572311     1.5500     0.1495  1.8141534  13.788210    13.7559    38.6287    29.0474     3.6114    156.733 0.0000e+00
    294.373    505.479    13.7997   4.572330     1.5468     0.1529  1.8141534  13.784110    13.7560    38.6286    29.0474     3.5964    156.083 0.0000e+00
    294.724    506.479    13.7986   4.572232     1.5453     0.1404  1.8146113  13.783426    13.7549    38.6286    29.0476     3.6088    156.621 0.0000e+00
    295.543    507.479    13.7955   4.571878     1.5467     0.1304  1.8147639  13.781376    13.7517    38.6280    29.0479     3.6339    157.709 0.0000e+00
    296.391    508.479    13.7885   4.571112     1.5503     0.1331  1.8153744  13.779326    13.7445    38.6274    29.0489     3.6310    157.585 0.0000e+00
    296.664    509.479    13.7881   4.571089     1.5476     0.1398  1.8156797  13.781376    13.7441    38.6275    29.0490     3.5992    156.204 0.0000e+00
    296.422    510.479    13.7884   4.571106     1.5446     0.1445  1.8155779  13.777959    13.7445    38.6275    29.0490     3.5924    155.909 0.0000e+00
    296.625    511.479    13.7880   4.571086     1.5429     0.1409  1.8160358  13.779326    13.7440    38.6276    29.0491     3.5954    156.039 0.0000e+00
    297.512    512.479    13.7882   4.571176     1.5421     0.1420  1.8164428  13.775909    13.7441    38.6278    29.0493     3.5962    156.072 0.0000e+00
    298.555    513.479    13.7831   4.570602     1.5414     0.1354  1.8166972  13.772491    13.7389    38.6270    29.0498     3.6007    156.269 0.0000e+00
    299.425    514.479    13.7798   4.570259     1.5427     0.1261  1.8166972  13.776592    13.7354    38.6267    29.0503     3.6074    156.557 0.0000e+00
    300.111    515.479    13.7814   4.570583     1.5421     0.1249  1.8169007  13.774542    13.7369    38.6279    29.0509     3.5996    156.220 0.0000e+00
