Boussole/Data/SBEMOOSE/Work/cnv/bous226_02.cnv
* Sea-Bird SBE 9 Data File:
* FileName = C:\boussole\202101\bous226_02.hdr
* Software Version Seasave V 7.23.2
* Temperature SN = 2473
* Conductivity SN = 2929
* Number of Bytes Per Scan = 30
* Number of Voltage Words = 4
* Number of Scans Averaged by the Deck Unit = 1
* NMEA baud rate = 4800
** Navire
** Station:
** Date
** Heure debut [TU]
** Heure fin [TU]
** Heure locale / TU = +0
** Latitude
** Longitude
** Heure meteo [TU]
** T air sec [deg C]
** T mer [deg C]
** Vent [noeuds, degres]
# nquan = 14
# nvalues = 1958                        
# units = specified
# name 0 = prDM: Pressure, Digiquartz [db]
# name 1 = timeS: Time, Elapsed [seconds]
# name 2 = t090C: Temperature [ITS-90, deg C]
# name 3 = c0S/m: Conductivity [S/m]
# name 4 = sbeox0V: Oxygen raw, SBE 43 [V]
# name 5 = flC: Fluorescence, Chelsea Aqua 3 Chl Con [ug/l]
# name 6 = upoly0: Upoly 0, RINKOIII_DO
# name 7 = upoly1: Upoly 1, RINKOIII_Temp
# name 8 = potemp090C: Potential Temperature [ITS-90, deg C]
# name 9 = sal00: Salinity, Practical [PSU]
# name 10 = sigma-é00: Density [sigma-theta, kg/m^3]
# name 11 = sbeox0ML/L: Oxygen, SBE 43 [ml/l], WS = 2
# name 12 = sbox0Mm/Kg: Oxygen, SBE 43 [umol/kg], WS = 2
# name 13 = flag: flag
# span 0 =      0.073,    503.529       
# span 1 =      0.479,   1957.042       
# span 2 =    13.1736,    14.3357       
# span 3 =   0.967355,   4.611431       
# span 4 =     2.2129,     2.9711       
# span 5 =     0.1038,     0.7626       
# span 6 =  1.5331705,  1.8446784       
# span 7 =  12.854869,  14.312546       
# span 8 =    13.1736,    14.3230       
# span 9 =     7.2224,    38.6745       
# span 10 =     4.9304,    29.0888      
# span 11 =     3.3186,     5.9121      
# span 12 =    144.022,    262.307      
# span 13 = 0.0000e+00, 0.0000e+00      
# interval = seconds: 1                 
# start_time = Jan 18 2021 13:10:08 [System UTC, header]
# bad_flag = -9.990e-29
*END*
[from data line 620]
    382.777    620.479    13.7812   4.577523     2.2476     0.1464  1.8317053  13.780693    13.7243    38.6570    29.0762     3.3500    145.384 0.0000e+00
    383.235    621.479    13.7706   4.576207     2.2463     0.1564  1.8318071  13.777959    13.7137    38.6550    29.0769     3.3483    145.312 0.0000e+00
    383.857    622.479    13.7595   4.574815     2.2455     0.1440  1.8324175  13.768391    13.7025    38.6527    29.0775     3.3514    145.442 0.0000e+00
    384.848    623.479    13.7591   4.574828     2.2459     0.1490  1.8336385  13.747202    13.7019    38.6528    29.0778     3.3539    145.552 0.0000e+00
    385.331    624.479    13.7595   4.574899     2.2461     0.1474  1.8339438  13.746519    13.7023    38.6529    29.0777     3.3534    145.531 0.0000e+00
    385.616    625.479    13.7610   4.575066     2.2453     0.1437  1.8340455  13.747886    13.7037    38.6528    29.0774     3.3508    145.420 0.0000e+00
    386.339    626.479    13.7591   4.574891     2.2456     0.1365  1.8342491  13.746519    13.7017    38.6528    29.0778     3.3531    145.519 0.0000e+00
    386.626    627.479    13.7598   4.574980     2.2453     0.1392  1.8342999  13.747202    13.7024    38.6528    29.0776     3.3507    145.415 0.0000e+00
    387.545    628.479    13.7601   4.575074     2.2446     0.1444  1.8346560  13.746519    13.7025    38.6530    29.0777     3.3503    145.398 0.0000e+00
    388.677    629.479    13.7589   4.574982     2.2445     0.1423  1.8351648  13.745835    13.7012    38.6528    29.0779     3.3504    145.402 0.0000e+00
    388.832    630.479    13.7616   4.575326     2.2436     0.1495  1.8349104  13.746519    13.7038    38.6532    29.0776     3.3462    145.220 0.0000e+00
    389.077    631.479    13.7604   4.575174     2.2426     0.1473  1.8347578  13.747202    13.7026    38.6529    29.0776     3.3463    145.221 0.0000e+00
    389.878    632.479    13.7595   4.575122     2.2426     0.1425  1.8349104  13.746519    13.7016    38.6529    29.0779     3.3485    145.317 0.0000e+00
    390.619    633.479    13.7599   4.575200     2.2430     0.1423  1.8349104  13.746519    13.7019    38.6529    29.0778     3.3516    145.454 0.0000e+00
    391.334    634.479    13.7600   4.575249     2.2437     0.1385  1.8353174  13.746519    13.7019    38.6530    29.0779     3.3523    145.485 0.0000e+00
    392.180    635.479    13.7608   4.575390     2.2437     0.1441  1.8351139  13.746519    13.7026    38.6531    29.0778     3.3499    145.377 0.0000e+00
    392.835    636.479    13.7610   4.575450     2.2429     0.1430  1.8351139  13.746519    13.7027    38.6532    29.0778     3.3461    145.213 0.0000e+00
    392.978    637.479    13.7612   4.575467     2.2414     0.1488  1.8349104  13.747202    13.7028    38.6531    29.0778     3.3422    145.045 0.0000e+00
    393.405    638.479    13.7557   4.574769     2.2402     0.1500  1.8353174  13.747886    13.6973    38.6518    29.0780     3.3409    144.990 0.0000e+00
    393.982    639.479    13.7505   4.574135     2.2394     0.1459  1.8355209  13.741051    13.6920    38.6508    29.0783     3.3423    145.049 0.0000e+00
    394.903    640.479    13.7473   4.573762     2.2394     0.1454  1.8363349  13.732165    13.6886    38.6501    29.0785     3.3436    145.107 0.0000e+00
    395.785    641.479    13.7469   4.573754     2.2386     0.1522  1.8365384  13.732848    13.6881    38.6501    29.0786     3.3401    144.953 0.0000e+00
    396.219    642.479    13.7469   4.573778     2.2382     0.1584  1.8371998  13.731481    13.6881    38.6501    29.0786     3.3417    145.025 0.0000e+00
    396.834    643.479    13.7471   4.573811     2.2382     0.1544  1.8370981  13.730798    13.6881    38.6500    29.0785     3.3423    145.050 0.0000e+00
    397.833    644.479    13.7466   4.573812     2.2380     0.1397  1.8373524  13.730798    13.6876    38.6499    29.0786     3.3421    145.039 0.0000e+00
    397.829    645.479    13.7479   4.573988     2.2378     0.1375  1.8373016  13.730114    13.6889    38.6503    29.0786     3.3406    144.974 0.0000e+00
    397.847    646.479    13.7484   4.574034     2.2371     0.1413  1.8373524  13.732848    13.6893    38.6503    29.0785     3.3360    144.774 0.0000e+00
    398.798    647.479    13.7468   4.573875     2.2353     0.1412  1.8374033  13.730114    13.6875    38.6500    29.0786     3.3342    144.699 0.0000e+00
    399.997    648.479    13.7443   4.573595     2.2353     0.1383  1.8376068  13.728747    13.6850    38.6492    29.0786     3.3386    144.890 0.0000e+00
    400.534    649.479    13.7441   4.573600     2.2355     0.1444  1.8377594  13.730798    13.6846    38.6493    29.0787     3.3391    144.911 0.0000e+00
    400.806    650.479    13.7443   4.573621     2.2357     0.1313  1.8378103  13.730114    13.6847    38.6492    29.0786     3.3393    144.920 0.0000e+00
    401.474    651.479    13.7440   4.573616     2.2356     0.1085  1.8383191  13.730114    13.6844    38.6491    29.0786     3.3392    144.915 0.0000e+00
    402.627    652.479    13.7441   4.573692     2.2355     0.1038  1.8382173  13.729430    13.6843    38.6492    29.0787     3.3382    144.872 0.0000e+00
    403.090    653.479    13.7445   4.573757     2.2349     0.1177  1.8382173  13.730114    13.6846    38.6492    29.0787     3.3365    144.798 0.0000e+00
    403.204    654.479    13.7448   4.573784     2.2344     0.1301  1.8383699  13.730798    13.6849    38.6492    29.0786     3.3353    144.748 0.0000e+00
    404.030    655.479    13.7416   4.573429     2.2339     0.1430  1.8381156  13.729430    13.6817    38.6486    29.0788     3.3342    144.699 0.0000e+00
    404.688    656.479    13.7399   4.573228     2.2328     0.1387  1.8383699  13.728063    13.6798    38.6482    29.0789     3.3328    144.637 0.0000e+00
    405.290    657.479    13.7373   4.572938     2.2328     0.1430  1.8386243  13.728063    13.6771    38.6478    29.0791     3.3355    144.755 0.0000e+00
    405.945    658.479    13.7347   4.572657     2.2329     0.1525  1.8387769  13.725329    13.6745    38.6474    29.0794     3.3364    144.794 0.0000e+00
    406.704    659.479    13.7338   4.572572     2.2331     0.1485  1.8390313  13.719177    13.6734    38.6471    29.0794     3.3381    144.869 0.0000e+00
    407.270    660.479    13.7320   4.572393     2.2336     0.1409  1.8394892  13.717810    13.6715    38.6470    29.0798     3.3388    144.899 0.0000e+00
    407.865    661.479    13.7320   4.572413     2.2333     0.1359  1.8393365  13.716442    13.6714    38.6470    29.0797     3.3351    144.734 0.0000e+00
    408.576    662.479    13.7300   4.572179     2.2322     0.1355  1.8394892  13.713708    13.6694    38.6464    29.0797     3.3339    144.686 0.0000e+00
    409.076    663.479    13.7277   4.571928     2.2320     0.1427  1.8398453  13.715759    13.6670    38.6461    29.0800     3.3344    144.705 0.0000e+00
    409.427    664.479    13.7260   4.571706     2.2311     0.1407  1.8393874  13.715759    13.6652    38.6456    29.0800     3.3308    144.550 0.0000e+00
    410.108    665.479    13.7218   4.571222     2.2303     0.1587  1.8399979  13.714392    13.6610    38.6449    29.0804     3.3320    144.603 0.0000e+00
    410.835    666.479    13.7209   4.571153     2.2303     0.1554  1.8404049  13.708923    13.6599    38.6449    29.0805     3.3342    144.697 0.0000e+00
    411.704    667.479    13.7208   4.571160     2.2305     0.1333  1.8405067  13.707555    13.6597    38.6447    29.0805     3.3340    144.687 0.0000e+00
    412.546    668.479    13.7198   4.571082     2.2303     0.1444  1.8408628  13.706188    13.6586    38.6445    29.0806     3.3338    144.681 0.0000e+00
    412.676    669.479    13.7217   4.571322     2.2301     0.1508  1.8408628  13.708923    13.6604    38.6449    29.0805     3.3329    144.640 0.0000e+00
    412.989    670.479    13.7201   4.571128     2.2297     0.1510  1.8406084  13.708923    13.6588    38.6445    29.0805     3.3308    144.549 0.0000e+00
    413.438    671.479    13.7195   4.571083     2.2288     0.1486  1.8406084  13.706872    13.6582    38.6444    29.0806     3.3285    144.452 0.0000e+00
    414.283    672.479    13.7186   4.571017     2.2281     0.1514  1.8407610  13.704821    13.6571    38.6443    29.0808     3.3281    144.430 0.0000e+00
    415.391    673.479    13.7180   4.570997     2.2277     0.1555  1.8410154  13.702086    13.6564    38.6443    29.0809     3.3295    144.494 0.0000e+00
    416.192    674.479    13.7177   4.570990     2.2278     0.1469  1.8409137  13.702086    13.6560    38.6441    29.0808     3.3315    144.581 0.0000e+00
    416.468    675.479    13.7183   4.571061     2.2281     0.1397  1.8410154  13.702770    13.6565    38.6441    29.0807     3.3321    144.605 0.0000e+00
    417.162    676.479    13.7173   4.571003     2.2284     0.1299  1.8411172  13.702086    13.6554    38.6442    29.0810     3.3334    144.665 0.0000e+00
    417.420    677.479    13.7176   4.571028     2.2288     0.1397  1.8410154  13.702086    13.6557    38.6441    29.0809     3.3335    144.664 0.0000e+00
    417.742    678.479    13.7166   4.570921     2.2281     0.1376  1.8410154  13.706188    13.6547    38.6439    29.0809     3.3295    144.496 0.0000e+00
    418.583    679.479    13.7157   4.570844     2.2279     0.1403  1.8413207  13.701403    13.6536    38.6437    29.0810     3.3320    144.600 0.0000e+00
    419.620    680.479    13.7143   4.570708     2.2279     0.1385  1.8416768  13.698668    13.6520    38.6434    29.0811     3.3312    144.569 0.0000e+00
    419.841    681.479    13.7156   4.570877     2.2272     0.1224  1.8413207  13.699352    13.6533    38.6436    29.0810     3.3283    144.442 0.0000e+00
    420.370    682.479    13.7137   4.570642     2.2264     0.1271  1.8413207  13.698668    13.6514    38.6430    29.0809     3.3270    144.383 0.0000e+00
    421.548    683.479    13.7099   4.570243     2.2257     0.1412  1.8412189  13.696617    13.6473    38.6425    29.0815     3.3287    144.457 0.0000e+00
    422.037    684.479    13.7109   4.570380     2.2260     0.1365  1.8416259  13.696617    13.6482    38.6426    29.0814     3.3292    144.482 0.0000e+00
    422.288    685.479    13.7116   4.570463     2.2256     0.1345  1.8416768  13.697985    13.6489    38.6426    29.0812     3.3276    144.412 0.0000e+00
    422.834    686.479    13.7094   4.570218     2.2250     0.1411  1.8415242  13.696617    13.6467    38.6422    29.0813     3.3263    144.355 0.0000e+00
    423.688    687.479    13.7046   4.569656     2.2250     0.1589  1.8419312  13.693883    13.6418    38.6413    29.0817     3.3299    144.512 0.0000e+00
    424.372    688.479    13.7019   4.569367     2.2253     0.1640  1.8421347  13.695250    13.6390    38.6410    29.0820     3.3302    144.523 0.0000e+00
    425.019    689.479    13.7018   4.569360     2.2253     0.1405  1.8421855  13.686362    13.6388    38.6407    29.0819     3.3297    144.504 0.0000e+00
    425.787    690.479    13.7007   4.569279     2.2252     0.1394  1.8421855  13.684311    13.6376    38.6407    29.0821     3.3300    144.515 0.0000e+00
    426.190    691.479    13.7005   4.569260     2.2250     0.1416  1.8422364  13.684311    13.6373    38.6406    29.0821     3.3297    144.503 0.0000e+00
    426.403    692.479    13.7007   4.569292     2.2249     0.1524  1.8422364  13.687046    13.6374    38.6406    29.0821     3.3277    144.416 0.0000e+00
    427.370    693.479    13.6999   4.569237     2.2241     0.1426  1.8424399  13.682260    13.6365    38.6405    29.0822     3.3259    144.338 0.0000e+00
    428.222    694.479    13.6999   4.569272     2.2233     0.1351  1.8423382  13.683628    13.6364    38.6404    29.0822     3.3264    144.358 0.0000e+00
    428.574    695.479    13.7001   4.569315     2.2236     0.1448  1.8425926  13.684311    13.6365    38.6404    29.0822     3.3279    144.424 0.0000e+00
    429.268    696.479    13.6999   4.569326     2.2230     0.1599  1.8423382  13.682260    13.6363    38.6404    29.0822     3.3253    144.310 0.0000e+00
    429.722    697.479    13.7001   4.569368     2.2228     0.1591  1.8423891  13.682944    13.6363    38.6405    29.0822     3.3267    144.370 0.0000e+00
    430.578    698.479    13.6992   4.569297     2.2228     0.1598  1.8426943  13.680893    13.6354    38.6402    29.0823     3.3279    144.424 0.0000e+00
    431.343    699.479    13.6987   4.569264     2.2232     0.1424  1.8427452  13.682260    13.6347    38.6402    29.0823     3.3298    144.504 0.0000e+00
    431.338    700.479    13.7000   4.569422     2.2236     0.1422  1.8426434  13.682944    13.6360    38.6403    29.0822     3.3309    144.553 0.0000e+00
    432.018    701.479    13.6984   4.569260     2.2242     0.1422  1.8427961  13.682944    13.6344    38.6400    29.0823     3.3333    144.658 0.0000e+00
    433.031    702.479    13.6977   4.569220     2.2247     0.1502  1.8429487  13.680893    13.6334    38.6400    29.0825     3.3318    144.593 0.0000e+00
    433.470    703.479    13.6978   4.569231     2.2241     0.1520  1.8426943  13.681577    13.6335    38.6398    29.0823     3.3299    144.511 0.0000e+00
    434.153    704.479    13.6979   4.569297     2.2239     0.1446  1.8426434  13.680893    13.6335    38.6400    29.0824     3.3302    144.523 0.0000e+00
    435.187    705.479    13.6978   4.569335     2.2235     0.1411  1.8428978  13.680893    13.6333    38.6400    29.0825     3.3295    144.493 0.0000e+00
    435.635    706.479    13.6981   4.569378     2.2231     0.1454  1.8426943  13.681577    13.6335    38.6399    29.0824     3.3288    144.463 0.0000e+00
    435.477    707.479    13.6990   4.569489     2.2228     0.1389  1.8427961  13.680893    13.6344    38.6401    29.0824     3.3284    144.448 0.0000e+00
    436.048    708.479    13.6985   4.569444     2.2225     0.1476  1.8427452  13.681577    13.6338    38.6400    29.0824     3.3275    144.407 0.0000e+00
    437.187    709.479    13.6983   4.569471     2.2220     0.1405  1.8426943  13.680893    13.6335    38.6399    29.0824     3.3271    144.390 0.0000e+00
    437.863    710.479    13.6983   4.569506     2.2218     0.1392  1.8429487  13.680893    13.6334    38.6399    29.0824     3.3286    144.453 0.0000e+00
    438.664    711.479    13.6975   4.569420     2.2224     0.1381  1.8428978  13.681577    13.6324    38.6396    29.0824     3.3328    144.638 0.0000e+00
    439.479    712.479    13.6959   4.569284     2.2234     0.1548  1.8429996  13.680893    13.6307    38.6395    29.0827     3.3361    144.781 0.0000e+00
    439.220    713.479    13.6984   4.569565     2.2242     0.1532  1.8428978  13.680893    13.6333    38.6398    29.0823     3.3332    144.653 0.0000e+00
    439.436    714.479    13.6976   4.569475     2.2232     0.1415  1.8431013  13.681577    13.6324    38.6397    29.0824     3.3282    144.438 0.0000e+00
    440.410    715.479    13.6952   4.569249     2.2224     0.1472  1.8429487  13.680893    13.6299    38.6394    29.0828     3.3303    144.529 0.0000e+00
    441.678    716.479    13.6931   4.569021     2.2228     0.1560  1.8432031  13.678158    13.6276    38.6389    29.0829     3.3334    144.664 0.0000e+00
    442.207    717.479    13.6936   4.569114     2.2228     0.1480  1.8429996  13.680209    13.6280    38.6390    29.0829     3.3322    144.611 0.0000e+00
    442.284    718.479    13.6944   4.569207     2.2227     0.1494  1.8430504  13.680893    13.6288    38.6391    29.0828     3.3316    144.584 0.0000e+00
    442.655    719.479    13.6935   4.569096     2.2225     0.1286  1.8431013  13.680209    13.6279    38.6387    29.0827     3.3322    144.610 0.0000e+00
    443.735    720.479    13.6891   4.568633     2.2228     0.1250  1.8432031  13.675423    13.6233    38.6383    29.0833     3.3344    144.708 0.0000e+00
    444.890    721.479    13.6883   4.568576     2.2231     0.1307  1.8429487  13.671321    13.6223    38.6381    29.0834     3.3347    144.720 0.0000e+00
