Boussole/Data/SBEMOOSE/Work/cnv/bous232_02.cnv
* Sea-Bird SBE 9 Data File:
* FileName = C:\boussole\202107\bous232_02.hdr
* Software Version Seasave V 7.23.2
* Temperature SN = 2473
* Conductivity SN = 2929
* Number of Bytes Per Scan = 24
* Number of Voltage Words = 4
* Number of Scans Averaged by the Deck Unit = 1
* NMEA baud rate = 4800
** Campagne = BOUSSOLE 232
** Navire = Tethys II
** Station = BOUS232_02
** Date = 12/07/2021
** Heure debut [TU] = 12:46
** Heure fin [TU] = 13:23
** Heure locale / TU = +2
** Latitude = 43 22.068 N
** Longitude = 007 53.810 E
** Heure meteo [TU] = 12:49
** T air sec [deg C] = 23.8
** T mer [deg C] = 23.20
** Vent [noeuds, degres] = 15.0, 60
** Pression atm [hpa] = 1011.1
** Humidite [%] = 86.0
** Nebulosite [octas] = 7
** Etat de la mer [code S] = 3
# nquan = 14
# nvalues = 2200                        
# units = specified
# name 0 = prDM: Pressure, Digiquartz [db]
# name 1 = timeS: Time, Elapsed [seconds]
# name 2 = t090C: Temperature [ITS-90, deg C]
# name 3 = c0S/m: Conductivity [S/m]
# name 4 = sbeox0V: Oxygen raw, SBE 43 [V]
# name 5 = flC: Fluorescence, Chelsea Aqua 3 Chl Con [ug/l]
# name 6 = upoly0: Upoly 0, RINKOIII_DO
# name 7 = upoly1: Upoly 1, RINKOIII_Temp
# name 8 = potemp090C: Potential Temperature [ITS-90, deg C]
# name 9 = sal00: Salinity, Practical [PSU]
# name 10 = sigma-é00: Density [sigma-theta, kg/m^3]
# name 11 = sbeox0ML/L: Oxygen, SBE 43 [ml/l], WS = 2
# name 12 = sbox0Mm/Kg: Oxygen, SBE 43 [umol/kg], WS = 2
# name 13 = flag: flag
# span 0 =     -0.051,    400.988       
# span 1 =      0.479,   2199.125       
# span 2 =    13.5799,    23.2879       
# span 3 =   2.398107,   5.557196       
# span 4 =     2.4447,     3.9392       
# span 5 =    -0.2448,     2.4116       
# span 6 =  1.3567359,  1.8201567       
# span 7 =  13.574213,  23.225614       
# span 8 =    13.5675,    23.2876       
# span 9 =    15.7946,    38.6768       
# span 10 =     9.4106,    29.0861      
# span 11 =     3.7364,     6.2302      
# span 12 =    162.154,    270.541      
# span 13 = 0.0000e+00, 0.0000e+00      
# interval = seconds: 1                 
# start_time = Jul 12 2021 12:46:40 [System UTC, header]
# bad_flag = -9.990e-29
*END*
[from data line 1446]
     70.321   1446.479    13.6172   4.526796     2.8933     0.2463  1.6813696  13.608410    13.6070    38.4804    28.9645     4.5071    195.622 0.0000e+00
     70.537   1447.479    13.6168   4.526782     2.8931     0.2510  1.6814713  13.604307    13.6065    38.4807    28.9647     4.5075    195.638 0.0000e+00
     70.298   1448.479    13.6169   4.526776     2.8927     0.2590  1.6817766  13.603623    13.6066    38.4806    28.9647     4.5066    195.599 0.0000e+00
     70.167   1449.479    13.6173   4.526794     2.8926     0.2507  1.6813696  13.609778    13.6071    38.4804    28.9644     4.5072    195.624 0.0000e+00
     70.446   1450.479    13.6169   4.526796     2.8926     0.2513  1.6815731  13.609094    13.6066    38.4807    28.9647     4.5073    195.628 0.0000e+00
     70.471   1451.479    13.6167   4.526779     2.8923     0.2533  1.6815731  13.607726    13.6064    38.4807    28.9648     4.5085    195.682 0.0000e+00
     70.399   1452.479    13.6168   4.526784     2.8935     0.2505  1.6818783  13.609778    13.6065    38.4808    28.9648     4.5141    195.924 0.0000e+00
     70.397   1453.479    13.6167   4.526775     2.8954     0.2496  1.6815731  13.605675    13.6064    38.4807    28.9647     4.5190    196.138 0.0000e+00
     70.295   1454.479    13.6168   4.526793     2.8968     0.2559  1.6819801  13.610462    13.6066    38.4808    28.9648     4.5185    196.115 0.0000e+00
     70.327   1455.479    13.6167   4.526781     2.8966     0.2538  1.6815222  13.605675    13.6064    38.4808    28.9649     4.5116    195.814 0.0000e+00
     70.566   1456.479    13.6164   4.526774     2.8948     0.2494  1.6815731  13.606359    13.6061    38.4810    28.9651     4.5086    195.686 0.0000e+00
     70.489   1457.479    13.6164   4.526778     2.8945     0.2460  1.6819292  13.609778    13.6061    38.4810    28.9651     4.5085    195.681 0.0000e+00
     70.312   1458.479    13.6172   4.526805     2.8931     0.2517  1.6818783  13.607043    13.6069    38.4806    28.9646     4.5083    195.674 0.0000e+00
     70.373   1459.479    13.6176   4.526821     2.8944     0.2642  1.6817766  13.608410    13.6073    38.4803    28.9643     4.5139    195.915 0.0000e+00
     70.534   1460.479    13.6172   4.526808     2.8946     0.2691  1.6816239  13.611146    13.6069    38.4805    28.9645     4.5123    195.846 0.0000e+00
     70.519   1461.479    13.6168   4.526792     2.8950     0.2613  1.6816748  13.609778    13.6065    38.4807    28.9647     4.5138    195.911 0.0000e+00
     70.407   1462.479    13.6173   4.526805     2.8949     0.2512  1.6817257  13.607726    13.6070    38.4804    28.9644     4.5087    195.692 0.0000e+00
     70.492   1463.479    13.6170   4.526807     2.8936     0.2506  1.6819292  13.607726    13.6067    38.4807    28.9647     4.5088    195.696 0.0000e+00
     70.572   1464.479    13.6164   4.526780     2.8941     0.2592  1.6815731  13.611146    13.6061    38.4810    28.9650     4.5089    195.699 0.0000e+00
     70.546   1465.479    13.6165   4.526773     2.8927     0.2694  1.6816748  13.610462    13.6062    38.4809    28.9650     4.5056    195.554 0.0000e+00
     70.477   1466.479    13.6171   4.526808     2.8931     0.2566  1.6819292  13.611146    13.6068    38.4806    28.9646     4.5112    195.798 0.0000e+00
     70.575   1467.479    13.6171   4.526799     2.8937     0.2526  1.6819292  13.608410    13.6068    38.4805    28.9646     4.5077    195.646 0.0000e+00
     70.641   1468.479    13.6166   4.526787     2.8919     0.2437  1.6818274  13.613197    13.6063    38.4808    28.9649     4.5021    195.404 0.0000e+00
     70.586   1469.479    13.6167   4.526805     2.8918     0.2369  1.6816748  13.611146    13.6064    38.4809    28.9649     4.5062    195.581 0.0000e+00
     70.635   1470.479    13.6168   4.526796     2.8916     0.2403  1.6819292  13.609094    13.6065    38.4808    28.9648     4.5066    195.597 0.0000e+00
     70.633   1471.479    13.6167   4.526788     2.8927     0.2451  1.6816239  13.611830    13.6064    38.4807    28.9648     4.5122    195.840 0.0000e+00
     70.573   1472.479    13.6173   4.526827     2.8937     0.2539  1.6816239  13.610462    13.6070    38.4805    28.9645     4.5101    195.750 0.0000e+00
     70.738   1473.479    13.6172   4.526829     2.8934     0.2452  1.6819801  13.609094    13.6069    38.4806    28.9646     4.5095    195.726 0.0000e+00
     70.758   1474.479    13.6169   4.526828     2.8937     0.2325  1.6817766  13.609778    13.6066    38.4809    28.9649     4.5112    195.799 0.0000e+00
     70.509   1475.479    13.6174   4.526841     2.8942     0.2447  1.6818783  13.607043    13.6071    38.4806    28.9645     4.5134    195.893 0.0000e+00
     70.630   1476.479    13.6176   4.526847     2.8949     0.2614  1.6818274  13.613197    13.6073    38.4804    28.9643     4.5123    195.847 0.0000e+00
     70.924   1477.479    13.6171   4.526854     2.8949     0.2670  1.6810643  13.611146    13.6069    38.4808    28.9648     4.5146    195.947 0.0000e+00
     70.712   1478.479    13.6176   4.526830     2.8957     0.2747  1.6814204  13.609094    13.6073    38.4802    28.9642     4.5148    195.956 0.0000e+00
     70.589   1479.479    13.6182   4.526802     2.8954     0.2618  1.6810643  13.614565    13.6079    38.4794    28.9635     4.5111    195.793 0.0000e+00
     70.657   1480.479    13.6182   4.526808     2.8948     0.2620  1.6809117  13.611146    13.6079    38.4794    28.9634     4.5110    195.791 0.0000e+00
     70.808   1481.479    13.6176   4.526851     2.8946     0.2598  1.6809626  13.611830    13.6073    38.4804    28.9643     4.5113    195.803 0.0000e+00
     70.900   1482.479    13.6169   4.526835     2.8947     0.2528  1.6811661  13.610462    13.6066    38.4808    28.9648     4.5121    195.838 0.0000e+00
     70.734   1483.479    13.6176   4.526823     2.8941     0.2523  1.6809117  13.611146    13.6073    38.4801    28.9641     4.5081    195.664 0.0000e+00
     70.674   1484.479    13.6186   4.526813     2.8941     0.2446  1.6809626  13.611146    13.6083    38.4791    28.9631     4.5107    195.775 0.0000e+00
     70.758   1485.479    13.6183   4.526820     2.8933     0.2449  1.6807591  13.607726    13.6080    38.4794    28.9635     4.5045    195.508 0.0000e+00
     70.769   1486.479    13.6180   4.526858     2.8918     0.2409  1.6806573  13.611830    13.6077    38.4801    28.9640     4.5049    195.524 0.0000e+00
     70.968   1487.479    13.6171   4.526855     2.8926     0.2559  1.6807082  13.605675    13.6068    38.4808    28.9648     4.5114    195.807 0.0000e+00
     70.938   1488.479    13.6170   4.526845     2.8940     0.2608  1.6810643  13.611146    13.6066    38.4809    28.9649     4.5156    195.991 0.0000e+00
     70.669   1489.479    13.6176   4.526835     2.8955     0.2585  1.6813696  13.610462    13.6073    38.4802    28.9642     4.5178    196.084 0.0000e+00
     70.776   1490.479    13.6180   4.526850     2.8966     0.2572  1.6812678  13.609778    13.6077    38.4800    28.9640     4.5192    196.147 0.0000e+00
     70.905   1491.479    13.6177   4.526851     2.8974     0.2689  1.6813696  13.609094    13.6074    38.4802    28.9642     4.5162    196.015 0.0000e+00
     70.871   1492.479    13.6183   4.526828     2.8959     0.2658  1.6810134  13.612514    13.6080    38.4794    28.9634     4.5114    195.809 0.0000e+00
     70.867   1493.479    13.6184   4.526821     2.8959     0.2662  1.6809626  13.613881    13.6081    38.4793    28.9633     4.5135    195.901 0.0000e+00
     70.896   1494.479    13.6183   4.526822     2.8952     0.2571  1.6806573  13.614565    13.6080    38.4794    28.9634     4.5105    195.768 0.0000e+00
     70.922   1495.479    13.6182   4.526851     2.8947     0.2469  1.6808099  13.611146    13.6079    38.4798    28.9637     4.5116    195.814 0.0000e+00
     70.893   1496.479    13.6178   4.526864     2.8952     0.2541  1.6809626  13.610462    13.6075    38.4802    28.9642     4.5152    195.974 0.0000e+00
     70.895   1497.479    13.6182   4.526859     2.8957     0.2614  1.6809117  13.614565    13.6079    38.4798    28.9638     4.5160    196.006 0.0000e+00
     70.899   1498.479    13.6182   4.526850     2.8966     0.2583  1.6808099  13.611830    13.6079    38.4797    28.9637     4.5176    196.076 0.0000e+00
     70.864   1499.479    13.6183   4.526845     2.8962     0.2669  1.6809117  13.610462    13.6080    38.4796    28.9636     4.5113    195.805 0.0000e+00
     70.984   1500.479    13.6181   4.526882     2.8950     0.2497  1.6809626  13.611146    13.6078    38.4801    28.9640     4.5100    195.747 0.0000e+00
     71.033   1501.479    13.6178   4.526875     2.8943     0.2465  1.6807082  13.611830    13.6074    38.4803    28.9643     4.5077    195.646 0.0000e+00
     70.531   1502.479    13.6183   4.526845     2.8932     0.2489  1.6810643  13.609778    13.6080    38.4797    28.9637     4.5081    195.666 0.0000e+00
     69.757   1503.479    13.6199   4.526899     2.8941     0.2582  1.6807082  13.613881    13.6098    38.4790    28.9627     4.5165    196.028 0.0000e+00
     69.519   1504.479    13.6200   4.526895     2.8969     0.2565  1.6809117  13.612514    13.6099    38.4789    28.9627     4.5252    196.407 0.0000e+00
     69.304   1505.479    13.6209   4.526955     2.9003     0.2473  1.6811152  13.613197    13.6108    38.4787    28.9623     4.5345    196.809 0.0000e+00
     68.512   1506.479    13.6216   4.526891     2.9037     0.2367  1.6804538  13.611830    13.6116    38.4778    28.9614     4.5357    196.862 0.0000e+00
     67.640   1507.479    13.6197   4.526511     2.9050     0.2441  1.6805556  13.614565    13.6099    38.4764    28.9607     4.5360    196.877 0.0000e+00
     67.090   1508.479    13.6201   4.526467     2.9066     0.2497  1.6797416  13.614565    13.6103    38.4759    28.9602     4.5366    196.903 0.0000e+00
     66.708   1509.479    13.6221   4.526449     2.9069     0.2607  1.6796907  13.613881    13.6124    38.4739    28.9582     4.5342    196.799 0.0000e+00
     65.954   1510.479    13.6233   4.526467     2.9068     0.2614  1.6787241  13.614565    13.6137    38.4731    28.9573     4.5318    196.693 0.0000e+00
     65.018   1511.479    13.6246   4.526492     2.9062     0.2660  1.6784188  13.615249    13.6152    38.4725    28.9565     4.5339    196.785 0.0000e+00
     64.539   1512.479    13.6244   4.526398     2.9087     0.2736  1.6779101  13.615249    13.6150    38.4720    28.9562     4.5488    197.433 0.0000e+00
     64.112   1513.479    13.6216   4.525817     2.9134     0.2785  1.6780627  13.614565    13.6122    38.4696    28.9549     4.5604    197.937 0.0000e+00
     63.354   1514.479    13.6168   4.524939     2.9175     0.2733  1.6776557  13.613197    13.6075    38.4663    28.9534     4.5640    198.090 0.0000e+00
     62.650   1515.479    13.6175   4.524935     2.9192     0.2744  1.6771978  13.614565    13.6084    38.4659    28.9528     4.5586    197.856 0.0000e+00
     61.940   1516.479    13.6201   4.525016     2.9189     0.2705  1.6767908  13.612514    13.6111    38.4643    28.9511     4.5549    197.698 0.0000e+00
     61.278   1517.479    13.6205   4.524867     2.9186     0.2790  1.6760786  13.614565    13.6116    38.4629    28.9498     4.5539    197.655 0.0000e+00
     60.961   1518.479    13.6205   4.524779     2.9184     0.2847  1.6756716  13.612514    13.6116    38.4622    28.9493     4.5529    197.612 0.0000e+00
     61.209   1519.479    13.6206   4.524801     2.9181     0.2891  1.6749593  13.612514    13.6117    38.4621    28.9493     4.5558    197.737 0.0000e+00
     61.191   1520.479    13.6204   4.524716     2.9193     0.2935  1.6749593  13.613881    13.6115    38.4615    28.9488     4.5583    197.846 0.0000e+00
     60.564   1521.479    13.6201   4.524578     2.9192     0.2974  1.6745523  13.613881    13.6113    38.4608    28.9483     4.5558    197.739 0.0000e+00
     60.293   1522.479    13.6201   4.524534     2.9197     0.3110  1.6746032  13.611830    13.6113    38.4606    28.9481     4.5579    197.829 0.0000e+00
     60.845   1523.479    13.6202   4.524589     2.9196     0.3169  1.6745014  13.613881    13.6113    38.4607    28.9482     4.5516    197.557 0.0000e+00
     60.738   1524.479    13.6202   4.524543     2.9167     0.3237  1.6743488  13.613197    13.6113    38.4604    28.9480     4.5408    197.088 0.0000e+00
     60.034   1525.479    13.6215   4.524584     2.9145     0.3248  1.6746541  13.612514    13.6128    38.4597    28.9471     4.5456    197.297 0.0000e+00
     60.206   1526.479    13.6211   4.524549     2.9162     0.3242  1.6749593  13.612514    13.6123    38.4597    28.9473     4.5543    197.673 0.0000e+00
     60.830   1527.479    13.6202   4.524532     2.9171     0.3106  1.6749085  13.612514    13.6113    38.4602    28.9478     4.5519    197.567 0.0000e+00
     60.565   1528.479    13.6205   4.524511     2.9164     0.3092  1.6747558  13.613881    13.6117    38.4598    28.9474     4.5461    197.315 0.0000e+00
     60.180   1529.479    13.6220   4.524632     2.9152     0.3290  1.6748576  13.614565    13.6133    38.4595    28.9469     4.5467    197.343 0.0000e+00
     60.172   1530.479    13.6232   4.524687     2.9158     0.3319  1.6751120  13.615249    13.6144    38.4590    28.9462     4.5492    197.453 0.0000e+00
     60.449   1531.479    13.6220   4.524603     2.9156     0.3339  1.6752137  13.615249    13.6132    38.4592    28.9467     4.5444    197.242 0.0000e+00
     60.566   1532.479    13.6204   4.524465     2.9139     0.3392  1.6755698  13.614565    13.6116    38.4594    28.9472     4.5432    197.190 0.0000e+00
     60.314   1533.479    13.6220   4.524607     2.9146     0.3391  1.6756207  13.613197    13.6132    38.4593    28.9468     4.5509    197.526 0.0000e+00
     60.413   1534.479    13.6219   4.524583     2.9166     0.3519  1.6758751  13.613881    13.6131    38.4592    28.9467     4.5550    197.702 0.0000e+00
     60.484   1535.479    13.6203   4.524440     2.9171     0.3548  1.6757733  13.615249    13.6115    38.4593    28.9471     4.5497    197.474 0.0000e+00
     60.260   1536.479    13.6215   4.524559     2.9161     0.3546  1.6757225  13.615249    13.6127    38.4594    28.9469     4.5469    197.352 0.0000e+00
     60.253   1537.479    13.6223   4.524613     2.9155     0.3511  1.6758751  13.614565    13.6135    38.4591    28.9465     4.5478    197.392 0.0000e+00
     60.419   1538.479    13.6208   4.524495     2.9164     0.3480  1.6762312  13.613881    13.6120    38.4594    28.9470     4.5525    197.596 0.0000e+00
     60.442   1539.479    13.6198   4.524408     2.9163     0.3553  1.6760786  13.614565    13.6110    38.4595    28.9474     4.5462    197.320 0.0000e+00
     60.426   1540.479    13.6200   4.524424     2.9148     0.3599  1.6757733  13.615249    13.6112    38.4595    28.9473     4.5454    197.286 0.0000e+00
     60.429   1541.479    13.6198   4.524407     2.9154     0.3535  1.6758751  13.615249    13.6110    38.4596    28.9474     4.5481    197.405 0.0000e+00
     60.383   1542.479    13.6200   4.524411     2.9147     0.3509  1.6754172  13.615249    13.6112    38.4594    28.9473     4.5492    197.453 0.0000e+00
     60.523   1543.479    13.6197   4.524410     2.9176     0.3472  1.6753155  13.614565    13.6109    38.4596    28.9475     4.5607    197.952 0.0000e+00
     60.597   1544.479    13.6195   4.524409     2.9184     0.3599  1.6751628  13.613197    13.6107    38.4598    28.9477     4.5523    197.585 0.0000e+00
     60.257   1545.479    13.6210   4.524527     2.9173     0.3516  1.6749593  13.613197    13.6122    38.4595    28.9471     4.5516    197.557 0.0000e+00
     60.212   1546.479    13.6216   4.524555     2.9189     0.3440  1.6751120  13.615249    13.6128    38.4592    28.9468     4.5636    198.075 0.0000e+00
     60.599   1547.479    13.6202   4.524461     2.9218     0.3374  1.6754172  13.613881    13.6114    38.4596    28.9474     4.5659    198.176 0.0000e+00
