Boussole/Data/SBEMOOSE/Work/cnv/bous227_03.cnv
* Sea-Bird SBE 9 Data File:
* FileName = C:\boussole\202102\bous227_03.hdr
* Software Version Seasave V 7.23.2
* Temperature SN = 2473
* Conductivity SN = 2929
* Number of Bytes Per Scan = 37
* Number of Voltage Words = 4
* Number of Scans Averaged by the Deck Unit = 1
* NMEA Latitude = 43 22.04 N
* NMEA Longitude = 007 54.17 E
* NMEA UTC (Time) = Feb 18 2021  12:07:25
* NMEA baud rate = 4800
** Campagne = BOUSSOLE 227
** Navire = Tethys II
** Station = BOUS227_03
** Date = 18/02/2021
** Heure debut [TU] = 12:08
** Heure fin [TU] = 12:49
** Heure locale / TU = +0
** Latitude = 43 22.051 N
** Longitude = 007 54.181 E
** Heure meteo [TU] = 12:10
** T air sec [deg C] = 13.3
** T mer [deg C] = 13.64
** Vent [noeuds, degres] = 11.3, 220
** Pression atm [hpa] = 1022.5
** Humidite [%] = 77
** Nebulosite [octas] = 8
** Etat de la mer [code S] = 3
# nquan = 14
# nvalues = 2175                        
# units = specified
# name 0 = prDM: Pressure, Digiquartz [db]
# name 1 = timeS: Time, Elapsed [seconds]
# name 2 = t090C: Temperature [ITS-90, deg C]
# name 3 = c0S/m: Conductivity [S/m]
# name 4 = sbeox0V: Oxygen raw, SBE 43 [V]
# name 5 = flC: Fluorescence, Chelsea Aqua 3 Chl Con [ug/l]
# name 6 = upoly0: Upoly 0, RINKOIII_DO
# name 7 = upoly1: Upoly 1, RINKOIII_Temp
# name 8 = potemp090C: Potential Temperature [ITS-90, deg C]
# name 9 = sal00: Salinity, Practical [PSU]
# name 10 = sigma-é00: Density [sigma-theta, kg/m^3]
# name 11 = sbeox0ML/L: Oxygen, SBE 43 [ml/l], WS = 2
# name 12 = sbox0Mm/Kg: Oxygen, SBE 43 [umol/kg], WS = 2
# name 13 = flag: flag
# span 0 =      0.158,    404.750       
# span 1 =      0.479,   2174.229       
# span 2 =    13.1812,    13.9963       
# span 3 =   0.675502,   4.584242       
# span 4 =     2.2367,     3.0174       
# span 5 =    -0.2893,     0.8743       
# span 6 =  1.5549451,  1.8417277       
# span 7 =  13.324413,  13.961053       
# span 8 =    13.1812,    13.9737       
# span 9 =     4.8676,    38.6389       
# span 10 =     3.0882,    29.0846      
# span 11 =     3.3403,     4.8133      
# span 12 =    144.964,    208.941      
# span 13 = 0.0000e+00, 0.0000e+00      
# interval = seconds: 1                 
# start_time = Feb 18 2021 12:07:25 [NMEA time, header]
# bad_flag = -9.990e-29
*END*
[from data line 2065]
     19.621   2065.479    13.4126   4.481382     2.9343     0.6073  1.5814001  13.400414    13.4098    38.2754    28.8474     4.6588    202.227 0.0000e+00
     19.044   2066.479    13.4124   4.481299     2.9362     0.6001  1.5815527  13.400414    13.4096    38.2751    28.8472     4.6633    202.424 0.0000e+00
     18.333   2067.479    13.4114   4.481049     2.9382     0.5829  1.5817562  13.400414    13.4088    38.2740    28.8465     4.6673    202.595 0.0000e+00
     18.148   2068.479    13.4113   4.481014     2.9402     0.5975  1.5830281  13.399729    13.4087    38.2739    28.8465     4.6733    202.856 0.0000e+00
     17.935   2069.479    13.4096   4.480593     2.9436     0.6161  1.5884208  13.399729    13.4070    38.2716    28.8450     4.6891    203.543 0.0000e+00
     17.396   2070.479    13.4026   4.478726     2.9505     0.6167  1.5810440  13.399729    13.4001    38.2610    28.8383     4.7087    204.397 0.0000e+00
     16.715   2071.479    13.4032   4.478024     2.9568     0.6131  1.5812983  13.394938    13.4008    38.2540    28.8327     4.7194    204.863 0.0000e+00
     16.041   2072.479    13.4051   4.477866     2.9633     0.5990  1.5839947  13.401098    13.4028    38.2509    28.8299     4.7332    205.461 0.0000e+00
     15.806   2073.479    13.4059   4.477817     2.9693     0.6141  1.5783985  13.390830    13.4036    38.2498    28.8288     4.7441    205.936 0.0000e+00
     15.558   2074.479    13.4072   4.477832     2.9757     0.6356  1.5770249  13.388092    13.4050    38.2487    28.8276     4.7552    206.415 0.0000e+00
     14.896   2075.479    13.4138   4.478437     2.9800     0.6497  1.5747355  13.394253    13.4117    38.2481    28.8258     4.7578    206.529 0.0000e+00
     14.407   2076.479    13.4204   4.478950     2.9835     0.6568  1.5714286  13.394938    13.4183    38.2466    28.8232     4.7628    206.748 0.0000e+00
     14.018   2077.479    13.4234   4.479212     2.9869     0.6579  1.5691392  13.395622    13.4214    38.2464    28.8224     4.7673    206.943 0.0000e+00
     13.487   2078.479    13.4262   4.479431     2.9888     0.6454  1.5683252  13.397676    13.4242    38.2459    28.8214     4.7675    206.949 0.0000e+00
     13.066   2079.479    13.4265   4.479419     2.9905     0.6310  1.5667990  13.401783    13.4246    38.2456    28.8211     4.7719    207.142 0.0000e+00
     12.641   2080.479    13.4264   4.479435     2.9930     0.6263  1.5653745  13.403152    13.4246    38.2460    28.8214     4.7778    207.400 0.0000e+00
     12.127   2081.479    13.4301   4.479737     2.9952     0.6327  1.5641535  13.402467    13.4283    38.2455    28.8203     4.7786    207.432 0.0000e+00
     11.646   2082.479    13.4294   4.479619     2.9960     0.6326  1.5629833  13.407943    13.4277    38.2452    28.8202     4.7788    207.443 0.0000e+00
     11.294   2083.479    13.4293   4.479600     2.9974     0.6277  1.5626781  13.404521    13.4277    38.2454    28.8203     4.7812    207.546 0.0000e+00
     10.804   2084.479    13.4309   4.479741     2.9979     0.6211  1.5619150  13.406574    13.4294    38.2453    28.8199     4.7794    207.469 0.0000e+00
     10.288   2085.479    13.4310   4.479708     2.9978     0.6231  1.5610501  13.413419    13.4295    38.2452    28.8198     4.7798    207.485 0.0000e+00
     10.089   2086.479    13.4316   4.479766     2.9991     0.6141  1.5608466  13.410681    13.4302    38.2452    28.8196     4.7861    207.760 0.0000e+00
     10.260   2087.479    13.4294   4.479632     3.0012     0.6138  1.5601344  13.411365    13.4279    38.2460    28.8207     4.7925    208.038 0.0000e+00
     10.200   2088.479    13.4311   4.479715     3.0036     0.6092  1.5602870  13.412734    13.4296    38.2452    28.8197     4.7952    208.155 0.0000e+00
     10.082   2089.479    13.4312   4.479740     3.0043     0.6012  1.5599817  13.412734    13.4297    38.2453    28.8198     4.7906    207.953 0.0000e+00
     10.128   2090.479    13.4326   4.479859     3.0030     0.6051  1.5598800  13.414788    13.4311    38.2451    28.8193     4.7858    207.746 0.0000e+00
     10.320   2091.479    13.4311   4.479705     3.0030     0.6187  1.5598800  13.416157    13.4296    38.2450    28.8196     4.7916    208.000 0.0000e+00
     10.366   2092.479    13.4327   4.479883     3.0042     0.6233  1.5593712  13.416841    13.4312    38.2451    28.8193     4.7925    208.038 0.0000e+00
     10.144   2093.479    13.4329   4.479889     3.0037     0.6325  1.5592695  13.416841    13.4315    38.2450    28.8192     4.7884    207.859 0.0000e+00
     10.029   2094.479    13.4327   4.479733     3.0034     0.6268  1.5590151  13.416157    13.4313    38.2438    28.8183     4.7891    207.892 0.0000e+00
     10.325   2095.479    13.4328   4.479874     3.0032     0.6080  1.5592186  13.416841    13.4313    38.2449    28.8192     4.7886    207.869 0.0000e+00
     10.434   2096.479    13.4299   4.479600     3.0033     0.5868  1.5589642  13.416157    13.4284    38.2452    28.8200     4.7894    207.903 0.0000e+00
     10.197   2097.479    13.4333   4.479966     3.0025     0.5950  1.5588625  13.418210    13.4318    38.2453    28.8194     4.7847    207.701 0.0000e+00
     10.086   2098.479    13.4336   4.479937     3.0015     0.6023  1.5588625  13.418210    13.4321    38.2448    28.8190     4.7832    207.632 0.0000e+00
     10.297   2099.479    13.4323   4.479833     3.0013     0.6028  1.5589642  13.416841    13.4308    38.2451    28.8194     4.7859    207.752 0.0000e+00
     10.364   2100.479    13.4336   4.479960     3.0017     0.6077  1.5589134  13.417526    13.4321    38.2449    28.8190     4.7876    207.825 0.0000e+00
     10.163   2101.479    13.4324   4.479831     3.0021     0.6098  1.5590660  13.417526    13.4309    38.2449    28.8193     4.7865    207.777 0.0000e+00
     10.252   2102.479    13.4325   4.479843     3.0014     0.6036  1.5590660  13.418210    13.4310    38.2449    28.8192     4.7840    207.670 0.0000e+00
     10.436   2103.479    13.4326   4.479850     3.0014     0.6141  1.5587607  13.416841    13.4310    38.2449    28.8192     4.7845    207.689 0.0000e+00
     10.018   2104.479    13.4326   4.479829     3.0009     0.6217  1.5590151  13.418894    13.4311    38.2448    28.8191     4.7863    207.767 0.0000e+00
      9.535   2105.479    13.4334   4.479900     3.0025     0.6164  1.5585572  13.418210    13.4320    38.2449    28.8190     4.7916    208.000 0.0000e+00
      9.445   2106.479    13.4323   4.479769     3.0035     0.6169  1.5587099  13.416841    13.4309    38.2448    28.8192     4.7911    207.976 0.0000e+00
      9.346   2107.479    13.4331   4.479875     3.0037     0.6157  1.5589642  13.416841    13.4317    38.2451    28.8192     4.7884    207.861 0.0000e+00
      8.727   2108.479    13.4365   4.480202     3.0028     0.5951  1.5588116  13.418210    13.4352    38.2451    28.8185     4.7846    207.693 0.0000e+00
      8.151   2109.479    13.4375   4.480265     3.0022     0.5920  1.5589642  13.417526    13.4363    38.2449    28.8181     4.7846    207.695 0.0000e+00
      8.118   2110.479    13.4362   4.480121     3.0024     0.5960  1.5584555  13.418210    13.4350    38.2449    28.8183     4.7892    207.896 0.0000e+00
      7.764   2111.479    13.4373   4.480232     3.0045     0.5990  1.5585572  13.417526    13.4362    38.2450    28.8182     4.7971    208.238 0.0000e+00
      7.129   2112.479    13.4370   4.480148     3.0066     0.6137  1.5585064  13.417526    13.4360    38.2448    28.8180     4.7964    208.208 0.0000e+00
      6.891   2113.479    13.4355   4.479983     3.0059     0.5990  1.5587607  13.416841    13.4345    38.2448    28.8184     4.7912    207.983 0.0000e+00
      6.745   2114.479    13.4345   4.479871     3.0062     0.5891  1.5584046  13.418210    13.4335    38.2448    28.8186     4.7942    208.111 0.0000e+00
      6.578   2115.479    13.4333   4.479750     3.0065     0.5666  1.5586590  13.417526    13.4324    38.2449    28.8189     4.7950    208.147 0.0000e+00
      6.372   2116.479    13.4342   4.479819     3.0069     0.5782  1.5583029  13.416841    13.4333    38.2448    28.8187     4.7943    208.116 0.0000e+00
      6.118   2117.479    13.4337   4.479762     3.0065     0.5768  1.5585572  13.418210    13.4328    38.2448    28.8188     4.7912    207.984 0.0000e+00
      6.038   2118.479    13.4338   4.479760     3.0055     0.5570  1.5582011  13.418210    13.4329    38.2448    28.8187     4.7891    207.891 0.0000e+00
      5.949   2119.479    13.4339   4.479769     3.0054     0.5527  1.5579976  13.418210    13.4330    38.2448    28.8187     4.7904    207.945 0.0000e+00
      5.785   2120.479    13.4339   4.479773     3.0048     0.5677  1.5583537  13.418210    13.4331    38.2449    28.8188     4.7880    207.842 0.0000e+00
      5.840   2121.479    13.4345   4.479839     3.0048     0.5702  1.5585064  13.418210    13.4337    38.2449    28.8187     4.7917    208.003 0.0000e+00
      5.631   2122.479    13.4349   4.479869     3.0052     0.5564  1.5584046  13.417526    13.4341    38.2449    28.8186     4.7880    207.842 0.0000e+00
      5.437   2123.479    13.4350   4.479875     3.0044     0.5578  1.5589134  13.418210    13.4342    38.2449    28.8185     4.7892    207.895 0.0000e+00
      5.733   2124.479    13.4353   4.479927     3.0050     0.5663  1.5583537  13.417526    13.4345    38.2450    28.8186     4.7910    207.972 0.0000e+00
      6.001   2125.479    13.4358   4.479965     3.0052     0.5558  1.5583537  13.416841    13.4349    38.2448    28.8183     4.7904    207.945 0.0000e+00
      5.744   2126.479    13.4358   4.479968     3.0050     0.5432  1.5584046  13.418894    13.4349    38.2449    28.8184     4.7901    207.934 0.0000e+00
      5.475   2127.479    13.4375   4.480149     3.0052     0.5359  1.5585064  13.418210    13.4367    38.2450    28.8181     4.7895    207.907 0.0000e+00
      5.589   2128.479    13.4371   4.480089     3.0048     0.5336  1.5583537  13.418210    13.4363    38.2448    28.8180     4.7901    207.934 0.0000e+00
      5.783   2129.479    13.4364   4.480015     3.0056     0.5385  1.5587607  13.418210    13.4356    38.2447    28.8181     4.7908    207.964 0.0000e+00
      5.872   2130.479    13.4356   4.479936     3.0044     0.5598  1.5585064  13.418894    13.4348    38.2447    28.8183     4.7844    207.685 0.0000e+00
      5.714   2131.479    13.4350   4.479855     3.0039     0.5508  1.5583537  13.418894    13.4342    38.2446    28.8184     4.7901    207.933 0.0000e+00
      5.569   2132.479    13.4344   4.479800     3.0049     0.5439  1.5586081  13.418894    13.4336    38.2448    28.8186     4.7916    207.998 0.0000e+00
      5.687   2133.479    13.4341   4.479770     3.0055     0.5404  1.5583029  13.418210    13.4333    38.2447    28.8186     4.7927    208.047 0.0000e+00
      5.821   2134.479    13.4333   4.479679     3.0054     0.5449  1.5585064  13.418894    13.4325    38.2446    28.8187     4.7861    207.760 0.0000e+00
      5.762   2135.479    13.4327   4.479646     3.0029     0.5528  1.5580994  13.418894    13.4319    38.2449    28.8190     4.7830    207.623 0.0000e+00
      5.584   2136.479    13.4332   4.479689     3.0036     0.5433  1.5586081  13.418210    13.4324    38.2449    28.8189     4.7902    207.940 0.0000e+00
      5.661   2137.479    13.4323   4.479606     3.0046     0.5421  1.5585572  13.418210    13.4315    38.2449    28.8191     4.7915    207.995 0.0000e+00
      5.983   2138.479    13.4317   4.479568     3.0049     0.5444  1.5584046  13.415472    13.4308    38.2451    28.8194     4.7917    208.004 0.0000e+00
      5.742   2139.479    13.4312   4.479496     3.0057     0.5541  1.5585572  13.418210    13.4303    38.2450    28.8195     4.7929    208.054 0.0000e+00
      5.198   2140.479    13.4321   4.479577     3.0056     0.5498  1.5588116  13.418210    13.4313    38.2451    28.8193     4.7921    208.022 0.0000e+00
      5.291   2141.479    13.4322   4.479596     3.0064     0.5570  1.5586590  13.416841    13.4314    38.2452    28.8193     4.7931    208.064 0.0000e+00
      5.354   2142.479    13.4328   4.479648     3.0061     0.5620  1.5585064  13.417526    13.4320    38.2450    28.8191     4.7931    208.062 0.0000e+00
      4.717   2143.479    13.4339   4.479723     3.0069     0.5567  1.5587099  13.417526    13.4332    38.2450    28.8188     4.7960    208.188 0.0000e+00
      4.127   2144.479    13.4351   4.479815     3.0074     0.5580  1.5585572  13.418210    13.4345    38.2448    28.8184     4.7941    208.106 0.0000e+00
      4.028   2145.479    13.4351   4.479817     3.0076     0.5428  1.5583029  13.417526    13.4345    38.2449    28.8185     4.7960    208.187 0.0000e+00
      3.994   2146.479    13.4349   4.479800     3.0081     0.5456  1.5586590  13.417526    13.4343    38.2450    28.8186     4.7967    208.221 0.0000e+00
      3.384   2147.479    13.4362   4.479899     3.0085     0.5640  1.5582011  13.418210    13.4357    38.2449    28.8182     4.7943    208.115 0.0000e+00
      2.889   2148.479    13.4367   4.479909     3.0075     0.5483  1.5583029  13.417526    13.4363    38.2447    28.8180     4.7909    207.969 0.0000e+00
      2.803   2149.479    13.4368   4.479908     3.0065     0.5453  1.5580485  13.418210    13.4364    38.2446    28.8179     4.7872    207.809 0.0000e+00
      2.492   2150.479    13.4369   4.479918     3.0060     0.5440  1.5580994  13.418210    13.4365    38.2448    28.8180     4.7922    208.025 0.0000e+00
      2.025   2151.479    13.4379   4.480011     3.0073     0.5709  1.5586081  13.418210    13.4376    38.2449    28.8178     4.7956    208.172 0.0000e+00
      1.787   2152.479    13.4388   4.480082     3.0083     0.5642  1.5580485  13.418894    13.4385    38.2448    28.8176     4.7957    208.175 0.0000e+00
      1.840   2153.479    13.4393   4.480141     3.0084     0.5814  1.5580994  13.418210    13.4390    38.2448    28.8174     4.7948    208.138 0.0000e+00
      1.896   2154.479    13.4393   4.480138     3.0085     0.5610  1.5581502  13.419579    13.4390    38.2447    28.8174     4.7918    208.009 0.0000e+00
      1.953   2155.479    13.4390   4.480116     3.0072     0.5042  1.5583029  13.418210    13.4387    38.2448    28.8175     4.7877    207.830 0.0000e+00
      1.759   2156.479    13.4392   4.480127     3.0052     0.5184  1.5582520  13.419579    13.4389    38.2448    28.8175     4.7797    207.482 0.0000e+00
      1.756   2157.479    13.4396   4.480168     3.0029     0.5140  1.5583537  13.419579    13.4393    38.2448    28.8174     4.7816    207.565 0.0000e+00
      2.073   2158.479    13.4389   4.480107     3.0038     0.4645  1.5579976  13.420263    13.4386    38.2448    28.8176     4.7859    207.751 0.0000e+00
      1.985   2159.479    13.4388   4.480090     3.0038     0.4623  1.5579976  13.418894    13.4385    38.2448    28.8176     4.7881    207.850 0.0000e+00
      1.714   2160.479    13.4393   4.480147     3.0059     0.4737  1.5580994  13.423001    13.4391    38.2449    28.8175     4.7950    208.149 0.0000e+00
      1.851   2161.479    13.4395   4.480158     3.0075     0.5145  1.5582011  13.420263    13.4392    38.2448    28.8174     4.7958    208.181 0.0000e+00
      2.058   2162.479    13.4400   4.480249     3.0083     0.5396  1.5580485  13.418894    13.4397    38.2450    28.8175     4.7969    208.229 0.0000e+00
      1.851   2163.479    13.4426   4.480490     3.0092     0.5115  1.5583537  13.420948    13.4423    38.2448    28.8168     4.7978    208.269 0.0000e+00
      1.820   2164.479    13.4419   4.480426     3.0098     0.5174  1.5580994  13.419579    13.4416    38.2449    28.8170     4.7957    208.177 0.0000e+00
      1.923   2165.479    13.4408   4.480291     3.0085     0.5259  1.5577941  13.426423    13.4405    38.2447    28.8170     4.7890    207.887 0.0000e+00
      1.656   2166.479    13.4425   4.480496     3.0067     0.4801  1.5581502  13.424370    13.4423    38.2450    28.8169     4.7873    207.811 0.0000e+00
