Boussole/Data/SBEMOOSE/Work/cnv/bous232_02.cnv
* Sea-Bird SBE 9 Data File:
* FileName = C:\boussole\202107\bous232_02.hdr
* Software Version Seasave V 7.23.2
* Temperature SN = 2473
* Conductivity SN = 2929
* Number of Bytes Per Scan = 24
* Number of Voltage Words = 4
* Number of Scans Averaged by the Deck Unit = 1
* NMEA baud rate = 4800
** Campagne = BOUSSOLE 232
** Navire = Tethys II
** Station = BOUS232_02
** Date = 12/07/2021
** Heure debut [TU] = 12:46
** Heure fin [TU] = 13:23
** Heure locale / TU = +2
** Latitude = 43 22.068 N
** Longitude = 007 53.810 E
** Heure meteo [TU] = 12:49
** T air sec [deg C] = 23.8
** T mer [deg C] = 23.20
** Vent [noeuds, degres] = 15.0, 60
** Pression atm [hpa] = 1011.1
** Humidite [%] = 86.0
** Nebulosite [octas] = 7
** Etat de la mer [code S] = 3
# nquan = 14
# nvalues = 2200                        
# units = specified
# name 0 = prDM: Pressure, Digiquartz [db]
# name 1 = timeS: Time, Elapsed [seconds]
# name 2 = t090C: Temperature [ITS-90, deg C]
# name 3 = c0S/m: Conductivity [S/m]
# name 4 = sbeox0V: Oxygen raw, SBE 43 [V]
# name 5 = flC: Fluorescence, Chelsea Aqua 3 Chl Con [ug/l]
# name 6 = upoly0: Upoly 0, RINKOIII_DO
# name 7 = upoly1: Upoly 1, RINKOIII_Temp
# name 8 = potemp090C: Potential Temperature [ITS-90, deg C]
# name 9 = sal00: Salinity, Practical [PSU]
# name 10 = sigma-é00: Density [sigma-theta, kg/m^3]
# name 11 = sbeox0ML/L: Oxygen, SBE 43 [ml/l], WS = 2
# name 12 = sbox0Mm/Kg: Oxygen, SBE 43 [umol/kg], WS = 2
# name 13 = flag: flag
# span 0 =     -0.051,    400.988       
# span 1 =      0.479,   2199.125       
# span 2 =    13.5799,    23.2879       
# span 3 =   2.398107,   5.557196       
# span 4 =     2.4447,     3.9392       
# span 5 =    -0.2448,     2.4116       
# span 6 =  1.3567359,  1.8201567       
# span 7 =  13.574213,  23.225614       
# span 8 =    13.5675,    23.2876       
# span 9 =    15.7946,    38.6768       
# span 10 =     9.4106,    29.0861      
# span 11 =     3.7364,     6.2302      
# span 12 =    162.154,    270.541      
# span 13 = 0.0000e+00, 0.0000e+00      
# interval = seconds: 1                 
# start_time = Jul 12 2021 12:46:40 [System UTC, header]
# bad_flag = -9.990e-29
*END*
[from data line 1136]
    170.422   1136.479    13.7356   4.556599     2.6253     0.1694  1.7647029  13.716442    13.7105    38.5995    29.0346     3.9974    173.486 0.0000e+00
    169.613   1137.479    13.7397   4.557080     2.6223     0.1559  1.7656695  13.726696    13.7147    38.6004    29.0344     3.9932    173.303 0.0000e+00
    168.501   1138.479    13.7431   4.557484     2.6215     0.1537  1.7666871  13.725329    13.7182    38.6013    29.0343     3.9964    173.444 0.0000e+00
    167.645   1139.479    13.7466   4.557883     2.6218     0.1684  1.7667888  13.728063    13.7219    38.6019    29.0340     4.0025    173.706 0.0000e+00
    166.855   1140.479    13.7471   4.557859     2.6246     0.1659  1.7672467  13.732848    13.7225    38.6016    29.0336     4.0154    174.269 0.0000e+00
    165.877   1141.479    13.7414   4.556923     2.6289     0.1586  1.7677046  13.730114    13.7169    38.5989    29.0327     4.0235    174.622 0.0000e+00
    164.701   1142.479    13.7369   4.556122     2.6320     0.1513  1.7682133  13.730114    13.7126    38.5963    29.0316     4.0274    174.788 0.0000e+00
    163.639   1143.479    13.7372   4.556128     2.6344     0.1473  1.7673484  13.729430    13.7131    38.5965    29.0317     4.0239    174.635 0.0000e+00
    162.834   1144.479    13.7384   4.556223     2.6336     0.1571  1.7665344  13.730114    13.7144    38.5966    29.0315     4.0215    174.536 0.0000e+00
    161.905   1145.479    13.7423   4.556613     2.6359     0.1675  1.7657713  13.730114    13.7184    38.5968    29.0308     4.0320    174.988 0.0000e+00
    161.040   1146.479    13.7438   4.556688     2.6378     0.1671  1.7656187  13.730114    13.7201    38.5964    29.0301     4.0290    174.861 0.0000e+00
    160.215   1147.479    13.7447   4.556756     2.6377     0.1555  1.7651608  13.730798    13.7211    38.5965    29.0299     4.0252    174.694 0.0000e+00
    158.984   1148.479    13.7438   4.556473     2.6372     0.1490  1.7650590  13.730114    13.7204    38.5953    29.0292     4.0259    174.725 0.0000e+00
    157.879   1149.479    13.7389   4.555694     2.6389     0.1428  1.7647029  13.730114    13.7157    38.5933    29.0286     4.0362    175.170 0.0000e+00
    157.146   1150.479    13.7385   4.555559     2.6411     0.1469  1.7640924  13.730114    13.7153    38.5928    29.0283     4.0347    175.107 0.0000e+00
    156.312   1151.479    13.7386   4.555496     2.6410     0.1493  1.7635837  13.730114    13.7155    38.5925    29.0280     4.0328    175.022 0.0000e+00
    155.295   1152.479    13.7401   4.555640     2.6414     0.1539  1.7629732  13.730114    13.7173    38.5927    29.0279     4.0318    174.979 0.0000e+00
    154.109   1153.479    13.7422   4.555825     2.6415     0.1542  1.7628205  13.730798    13.7195    38.5929    29.0275     4.0324    175.008 0.0000e+00
    153.080   1154.479    13.7429   4.555853     2.6420     0.1539  1.7630240  13.730798    13.7204    38.5929    29.0274     4.0324    175.008 0.0000e+00
    152.456   1155.479    13.7431   4.555840     2.6423     0.1455  1.7627188  13.730798    13.7206    38.5929    29.0273     4.0303    174.916 0.0000e+00
    151.432   1156.479    13.7458   4.556154     2.6408     0.1512  1.7627697  13.730114    13.7235    38.5937    29.0273     4.0206    174.494 0.0000e+00
    150.189   1157.479    13.7472   4.556269     2.6385     0.1598  1.7629223  13.731481    13.7251    38.5938    29.0270     4.0190    174.424 0.0000e+00
    149.629   1158.479    13.7474   4.556270     2.6386     0.1566  1.7630240  13.732848    13.7254    38.5940    29.0271     4.0231    174.604 0.0000e+00
    149.942   1159.479    13.7455   4.556055     2.6391     0.1486  1.7632275  13.736949    13.7234    38.5937    29.0273     4.0267    174.759 0.0000e+00
    149.845   1160.479    13.7477   4.556337     2.6403     0.1588  1.7629732  13.735582    13.7256    38.5942    29.0272     4.0289    174.854 0.0000e+00
    149.849   1161.479    13.7481   4.556374     2.6403     0.1619  1.7632275  13.738317    13.7260    38.5942    29.0271     4.0229    174.595 0.0000e+00
    150.015   1162.479    13.7481   4.556389     2.6390     0.1632  1.7633293  13.741051    13.7260    38.5942    29.0271     4.0199    174.463 0.0000e+00
    150.144   1163.479    13.7479   4.556362     2.6383     0.1699  1.7633802  13.739000    13.7258    38.5940    29.0271     4.0222    174.563 0.0000e+00
    150.106   1164.479    13.7480   4.556375     2.6392     0.1603  1.7636345  13.740367    13.7259    38.5942    29.0271     4.0268    174.765 0.0000e+00
    150.157   1165.479    13.7479   4.556363     2.6395     0.1564  1.7634819  13.738317    13.7258    38.5941    29.0271     4.0237    174.630 0.0000e+00
    150.432   1166.479    13.7482   4.556396     2.6391     0.1587  1.7633293  13.739000    13.7260    38.5940    29.0270     4.0226    174.582 0.0000e+00
    150.292   1167.479    13.7479   4.556370     2.6389     0.1594  1.7634311  13.741051    13.7258    38.5941    29.0271     4.0220    174.556 0.0000e+00
    150.167   1168.479    13.7481   4.556369     2.6381     0.1564  1.7637363  13.739684    13.7260    38.5939    29.0269     4.0177    174.369 0.0000e+00
    150.452   1169.479    13.7483   4.556415     2.6373     0.1433  1.7635328  13.739684    13.7261    38.5941    29.0270     4.0217    174.543 0.0000e+00
    150.645   1170.479    13.7483   4.556428     2.6384     0.1477  1.7635328  13.740367    13.7261    38.5941    29.0271     4.0235    174.621 0.0000e+00
    150.532   1171.479    13.7482   4.556420     2.6380     0.1481  1.7637872  13.739000    13.7260    38.5941    29.0271     4.0197    174.455 0.0000e+00
    150.562   1172.479    13.7483   4.556427     2.6378     0.1443  1.7634819  13.741734    13.7261    38.5941    29.0270     4.0232    174.608 0.0000e+00
    150.527   1173.479    13.7484   4.556433     2.6390     0.1587  1.7635328  13.740367    13.7262    38.5941    29.0270     4.0263    174.743 0.0000e+00
    150.600   1174.479    13.7484   4.556444     2.6393     0.1637  1.7637872  13.742418    13.7262    38.5941    29.0270     4.0263    174.744 0.0000e+00
    150.804   1175.479    13.7483   4.556430     2.6405     0.1521  1.7636346  13.739000    13.7261    38.5941    29.0270     4.0298    174.895 0.0000e+00
    150.847   1176.479    13.7481   4.556431     2.6406     0.1550  1.7634819  13.741051    13.7259    38.5942    29.0271     4.0250    174.684 0.0000e+00
    151.020   1177.479    13.7472   4.556297     2.6396     0.1558  1.7635328  13.741051    13.7250    38.5938    29.0270     4.0243    174.657 0.0000e+00
    150.950   1178.479    13.7472   4.556299     2.6402     0.1556  1.7634819  13.741051    13.7250    38.5938    29.0271     4.0256    174.714 0.0000e+00
    150.584   1179.479    13.7482   4.556415     2.6388     0.1693  1.7636345  13.739684    13.7260    38.5940    29.0270     4.0205    174.490 0.0000e+00
    150.853   1180.479    13.7479   4.556376     2.6393     0.1718  1.7637872  13.741734    13.7257    38.5939    29.0270     4.0273    174.785 0.0000e+00
    151.373   1181.479    13.7470   4.556286     2.6399     0.1657  1.7636854  13.739684    13.7247    38.5937    29.0270     4.0263    174.742 0.0000e+00
    151.114   1182.479    13.7468   4.556265     2.6398     0.1617  1.7639398  13.739684    13.7246    38.5938    29.0271     4.0268    174.766 0.0000e+00
    150.769   1183.479    13.7469   4.556260     2.6403     0.1645  1.7633802  13.740367    13.7247    38.5938    29.0271     4.0244    174.658 0.0000e+00
    150.997   1184.479    13.7468   4.556249     2.6388     0.1635  1.7634819  13.737633    13.7246    38.5937    29.0271     4.0202    174.478 0.0000e+00
    151.253   1185.479    13.7466   4.556234     2.6385     0.1560  1.7636346  13.738317    13.7243    38.5937    29.0271     4.0220    174.554 0.0000e+00
    151.143   1186.479    13.7464   4.556207     2.6379     0.1464  1.7634311  13.741051    13.7241    38.5937    29.0271     4.0226    174.581 0.0000e+00
    151.084   1187.479    13.7461   4.556171     2.6392     0.1698  1.7634311  13.737633    13.7239    38.5936    29.0271     4.0278    174.808 0.0000e+00
    151.333   1188.479    13.7458   4.556129     2.6398     0.1754  1.7632276  13.734215    13.7235    38.5935    29.0271     4.0266    174.757 0.0000e+00
    151.479   1189.479    13.7448   4.556012     2.6395     0.1718  1.7631767  13.738316    13.7225    38.5932    29.0271     4.0246    174.668 0.0000e+00
    151.270   1190.479    13.7448   4.556002     2.6398     0.1667  1.7635328  13.735582    13.7225    38.5933    29.0272     4.0289    174.856 0.0000e+00
    151.143   1191.479    13.7444   4.555943     2.6405     0.1630  1.7632784  13.734899    13.7221    38.5932    29.0272     4.0252    174.695 0.0000e+00
    151.367   1192.479    13.7442   4.555939     2.6391     0.1672  1.7636854  13.732848    13.7219    38.5932    29.0272     4.0214    174.530 0.0000e+00
    151.691   1193.479    13.7453   4.556092     2.6389     0.1664  1.7632275  13.733532    13.7230    38.5934    29.0272     4.0264    174.747 0.0000e+00
    151.551   1194.479    13.7454   4.556101     2.6399     0.1696  1.7630749  13.736266    13.7231    38.5934    29.0272     4.0285    174.839 0.0000e+00
    151.438   1195.479    13.7458   4.556145     2.6406     0.1653  1.7632275  13.737633    13.7235    38.5936    29.0272     4.0310    174.944 0.0000e+00
    151.542   1196.479    13.7459   4.556167     2.6412     0.1651  1.7631767  13.736266    13.7236    38.5936    29.0272     4.0263    174.743 0.0000e+00
    151.528   1197.479    13.7456   4.556137     2.6396     0.1740  1.7631767  13.734215    13.7233    38.5936    29.0273     4.0229    174.593 0.0000e+00
    151.733   1198.479    13.7453   4.556102     2.6402     0.1681  1.7631767  13.734215    13.7230    38.5935    29.0273     4.0321    174.994 0.0000e+00
    151.842   1199.479    13.7452   4.556080     2.6416     0.1662  1.7632275  13.734899    13.7228    38.5934    29.0272     4.0298    174.893 0.0000e+00
    151.727   1200.479    13.7450   4.556051     2.6406     0.1681  1.7634311  13.733532    13.7227    38.5933    29.0272     4.0271    174.775 0.0000e+00
    151.886   1201.479    13.7443   4.555954     2.6415     0.1683  1.7632784  13.734215    13.7219    38.5930    29.0271     4.0313    174.958 0.0000e+00
    151.944   1202.479    13.7442   4.555951     2.6410     0.1557  1.7632784  13.736266    13.7218    38.5931    29.0272     4.0253    174.699 0.0000e+00
    151.796   1203.479    13.7446   4.555999     2.6399     0.1662  1.7631258  13.731481    13.7223    38.5932    29.0272     4.0263    174.742 0.0000e+00
    151.934   1204.479    13.7446   4.556002     2.6406     0.1795  1.7628714  13.734215    13.7222    38.5932    29.0272     4.0288    174.851 0.0000e+00
    152.104   1205.479    13.7445   4.555988     2.6405     0.1663  1.7631767  13.734899    13.7221    38.5931    29.0271     4.0290    174.858 0.0000e+00
    152.069   1206.479    13.7443   4.555976     2.6411     0.1694  1.7631767  13.735582    13.7219    38.5931    29.0272     4.0305    174.923 0.0000e+00
    151.966   1207.479    13.7444   4.555977     2.6411     0.1651  1.7626171  13.732848    13.7220    38.5932    29.0272     4.0255    174.706 0.0000e+00
    152.066   1208.479    13.7444   4.555988     2.6395     0.1717  1.7630241  13.735582    13.7220    38.5931    29.0272     4.0248    174.679 0.0000e+00
    152.293   1209.479    13.7446   4.556021     2.6405     0.1799  1.7630240  13.732848    13.7222    38.5932    29.0271     4.0315    174.968 0.0000e+00
    152.157   1210.479    13.7446   4.556024     2.6411     0.1747  1.7629223  13.730798    13.7222    38.5933    29.0272     4.0288    174.850 0.0000e+00
    152.042   1211.479    13.7448   4.556041     2.6407     0.1686  1.7631767  13.733532    13.7224    38.5933    29.0272     4.0270    174.772 0.0000e+00
    152.314   1212.479    13.7448   4.556039     2.6402     0.1637  1.7629223  13.735582    13.7224    38.5932    29.0272     4.0253    174.699 0.0000e+00
    152.418   1213.479    13.7442   4.555983     2.6401     0.1499  1.7628714  13.734215    13.7218    38.5932    29.0272     4.0299    174.898 0.0000e+00
    152.118   1214.479    13.7447   4.556033     2.6413     0.1480  1.7626679  13.732848    13.7223    38.5933    29.0272     4.0327    175.021 0.0000e+00
    152.080   1215.479    13.7449   4.556058     2.6420     0.1516  1.7629732  13.732165    13.7225    38.5933    29.0272     4.0324    175.007 0.0000e+00
    152.587   1216.479    13.7451   4.556101     2.6423     0.1507  1.7627697  13.732165    13.7226    38.5933    29.0272     4.0301    174.908 0.0000e+00
    152.589   1217.479    13.7450   4.556085     2.6413     0.1657  1.7628714  13.731481    13.7225    38.5933    29.0272     4.0293    174.872 0.0000e+00
    152.091   1218.479    13.7451   4.556094     2.6420     0.1613  1.7627188  13.734215    13.7227    38.5934    29.0272     4.0316    174.970 0.0000e+00
    152.085   1219.479    13.7455   4.556132     2.6418     0.1556  1.7629223  13.734215    13.7231    38.5934    29.0272     4.0309    174.941 0.0000e+00
    152.665   1220.479    13.7456   4.556162     2.6423     0.1513  1.7628714  13.734899    13.7231    38.5934    29.0271     4.0310    174.946 0.0000e+00
    152.767   1221.479    13.7455   4.556167     2.6412     0.1518  1.7632275  13.732165    13.7230    38.5934    29.0272     4.0257    174.715 0.0000e+00
    152.130   1222.479    13.7453   4.556111     2.6406     0.1576  1.7630241  13.733532    13.7229    38.5934    29.0272     4.0282    174.826 0.0000e+00
    152.008   1223.479    13.7454   4.556109     2.6409     0.1612  1.7629732  13.730798    13.7230    38.5933    29.0271     4.0276    174.798 0.0000e+00
    152.625   1224.479    13.7456   4.556180     2.6403     0.1720  1.7629732  13.732848    13.7231    38.5935    29.0272     4.0245    174.663 0.0000e+00
    152.684   1225.479    13.7455   4.556181     2.6390     0.1550  1.7629223  13.733532    13.7230    38.5936    29.0273     4.0251    174.689 0.0000e+00
    152.311   1226.479    13.7456   4.556159     2.6406     0.1503  1.7631767  13.734899    13.7232    38.5935    29.0272     4.0334    175.050 0.0000e+00
    152.411   1227.479    13.7456   4.556161     2.6416     0.1532  1.7630749  13.734899    13.7232    38.5934    29.0271     4.0311    174.951 0.0000e+00
    152.618   1228.479    13.7457   4.556190     2.6416     0.1690  1.7632276  13.736266    13.7232    38.5935    29.0272     4.0291    174.864 0.0000e+00
    152.401   1229.479    13.7459   4.556209     2.6409     0.1672  1.7629223  13.736949    13.7235    38.5936    29.0273     4.0276    174.799 0.0000e+00
    152.384   1230.479    13.7460   4.556208     2.6407     0.1637  1.7632275  13.734899    13.7236    38.5936    29.0272     4.0262    174.736 0.0000e+00
    152.649   1231.479    13.7457   4.556184     2.6402     0.1574  1.7633802  13.734215    13.7232    38.5935    29.0272     4.0255    174.706 0.0000e+00
    152.621   1232.479    13.7458   4.556198     2.6391     0.1664  1.7633293  13.735582    13.7233    38.5935    29.0272     4.0240    174.641 0.0000e+00
    152.443   1233.479    13.7460   4.556215     2.6398     0.1763  1.7632275  13.734899    13.7236    38.5935    29.0271     4.0268    174.765 0.0000e+00
    152.616   1234.479    13.7458   4.556199     2.6393     0.1696  1.7634819  13.737633    13.7233    38.5935    29.0271     4.0251    174.690 0.0000e+00
    152.633   1235.479    13.7456   4.556178     2.6397     0.1671  1.7634819  13.734899    13.7231    38.5936    29.0273     4.0280    174.815 0.0000e+00
    152.316   1236.479    13.7460   4.556215     2.6400     0.1549  1.7632784  13.736266    13.7236    38.5937    29.0272     4.0270    174.771 0.0000e+00
    152.511   1237.479    13.7460   4.556233     2.6400     0.1521  1.7634819  13.736266    13.7236    38.5937    29.0272     4.0293    174.873 0.0000e+00
