Boussole/Data/SBEMOOSE/Work/cnv/bous229_03.cnv
* Sea-Bird SBE 9 Data File:
* FileName = C:\boussole\202104\bous229_03.hdr
* Software Version Seasave V 7.23.2
* Temperature SN = 2473
* Conductivity SN = 2929
* Number of Bytes Per Scan = 37
* Number of Voltage Words = 4
* Number of Scans Averaged by the Deck Unit = 1
* NMEA Latitude = 43 22.01 N
* NMEA Longitude = 007 54.15 E
* NMEA UTC (Time) = Apr 09 2021  13:26:50
* NMEA baud rate = 4800
** Campagne = BOUSSOLE 229
** Navire = Tethys II
** Station = BOUS229_03
** Date = 09/04/2021
** Heure debut [TU] = 13:29
** Heure fin [TU] = 13:56
** Heure locale / TU = +0
** Latitude = 43 22.009 N
** Longitude = 007 54.154 E
** Heure meteo [TU] = 13:30
** T air sec [deg C] = 13.7
** T mer [deg C] = 14.45
** Vent [noeuds, degres] = 0.7, 90
** Pression atm [hpa] = 1025.2
** Humidite [%] = 48.7
** Nebulosite [octas] = 2
** Etat de la mer [code S] = 1
# nquan = 14
# nvalues = 1755                        
# units = specified
# name 0 = prDM: Pressure, Digiquartz [db]
# name 1 = timeS: Time, Elapsed [seconds]
# name 2 = t090C: Temperature [ITS-90, deg C]
# name 3 = c0S/m: Conductivity [S/m]
# name 4 = sbeox0V: Oxygen raw, SBE 43 [V]
# name 5 = flC: Fluorescence, Chelsea Aqua 3 Chl Con [ug/l]
# name 6 = upoly0: Upoly 0, RINKOIII_DO
# name 7 = upoly1: Upoly 1, RINKOIII_Temp
# name 8 = potemp090C: Potential Temperature [ITS-90, deg C]
# name 9 = sal00: Salinity, Practical [PSU]
# name 10 = sigma-é00: Density [sigma-theta, kg/m^3]
# name 11 = sbeox0ML/L: Oxygen, SBE 43 [ml/l], WS = 2
# name 12 = sbox0Mm/Kg: Oxygen, SBE 43 [umol/kg], WS = 2
# name 13 = flag: flag
# span 0 =      0.214,    401.070       
# span 1 =      0.479,   1754.417       
# span 2 =    13.4707,    14.6616       
# span 3 =   4.502495,   4.622867       
# span 4 =     2.1873,     3.0493       
# span 5 =     0.1503,     3.0511       
# span 6 =  1.5170431,  1.8378103       
# span 7 =  13.467486,  14.450297       
# span 8 =    13.4632,    14.6613       
# span 9 =    38.3630,    38.6890       
# span 10 =    28.6515,    29.0887      
# span 11 =     3.2042,     4.7779      
# span 12 =    139.056,    207.424      
# span 13 = 0.0000e+00, 0.0000e+00      
# interval = seconds: 1                 
# start_time = Apr 09 2021 13:26:50 [NMEA time, header]
# bad_flag = -9.990e-29
*END*
[from data line 1239]
     70.296   1239.479    13.5162   4.512317     2.6681     0.2917  1.6509463  13.514698    13.5060    38.4441    28.9578     4.1166    178.673 0.0000e+00
     70.389   1240.479    13.5175   4.512498     2.6675     0.2770  1.6504884  13.507856    13.5073    38.4444    28.9578     4.1153    178.616 0.0000e+00
     70.790   1241.479    13.5154   4.512204     2.6675     0.2660  1.6499288  13.501698    13.5051    38.4435    28.9575     4.1172    178.700 0.0000e+00
     70.963   1242.479    13.5156   4.512239     2.6679     0.2670  1.6490639  13.503067    13.5053    38.4436    28.9575     4.1178    178.725 0.0000e+00
     70.489   1243.479    13.5157   4.512237     2.6675     0.2711  1.6494200  13.504435    13.5055    38.4437    28.9576     4.1150    178.602 0.0000e+00
     69.976   1244.479    13.5142   4.511995     2.6669     0.2786  1.6492165  13.507856    13.5040    38.4432    28.9575     4.1124    178.493 0.0000e+00
     70.220   1245.479    13.5153   4.512196     2.6659     0.2828  1.6495217  13.505804    13.5051    38.4438    28.9577     4.1122    178.482 0.0000e+00
     70.952   1246.479    13.5160   4.512305     2.6661     0.2789  1.6495217  13.500330    13.5057    38.4438    28.9577     4.1144    178.576 0.0000e+00
     71.009   1247.479    13.5160   4.512280     2.6660     0.2855  1.6494200  13.502383    13.5057    38.4436    28.9574     4.1152    178.613 0.0000e+00
     70.494   1248.479    13.5148   4.512093     2.6674     0.2872  1.6489112  13.501014    13.5046    38.4432    28.9574     4.1228    178.941 0.0000e+00
     70.088   1249.479    13.5143   4.512027     2.6698     0.3078  1.6489112  13.505119    13.5041    38.4433    28.9576     4.1250    179.038 0.0000e+00
     70.263   1250.479    13.5150   4.512132     2.6694     0.3160  1.6489621  13.502383    13.5048    38.4435    28.9576     4.1182    178.743 0.0000e+00
     70.747   1251.479    13.5150   4.512158     2.6692     0.3111  1.6489621  13.501014    13.5047    38.4435    28.9576     4.1202    178.829 0.0000e+00
     70.853   1252.479    13.5147   4.512121     2.6691     0.3063  1.6487586  13.500330    13.5044    38.4434    28.9576     4.1181    178.737 0.0000e+00
     70.722   1253.479    13.5146   4.512100     2.6678     0.3166  1.6487077  13.506488    13.5043    38.4434    28.9576     4.1142    178.570 0.0000e+00
     70.543   1254.479    13.5144   4.512073     2.6676     0.3109  1.6486569  13.503067    13.5042    38.4434    28.9576     4.1206    178.846 0.0000e+00
     70.285   1255.479    13.5142   4.512022     2.6700     0.2871  1.6483516  13.506488    13.5040    38.4433    28.9576     4.1269    179.118 0.0000e+00
     70.194   1256.479    13.5145   4.512061     2.6703     0.2972  1.6479955  13.505119    13.5043    38.4434    28.9576     4.1229    178.948 0.0000e+00
     70.539   1257.479    13.5147   4.512120     2.6711     0.3019  1.6482499  13.500330    13.5045    38.4435    28.9577     4.1267    179.113 0.0000e+00
     71.020   1258.479    13.5152   4.512206     2.6715     0.3049  1.6480463  13.500330    13.5049    38.4437    28.9577     4.1240    178.995 0.0000e+00
     70.825   1259.479    13.5154   4.512213     2.6705     0.3012  1.6483007  13.501698    13.5051    38.4436    28.9576     4.1184    178.751 0.0000e+00
     70.287   1260.479    13.5146   4.512063     2.6687     0.2965  1.6482499  13.501014    13.5044    38.4433    28.9575     4.1160    178.648 0.0000e+00
     70.125   1261.479    13.5140   4.511987     2.6688     0.2788  1.6479955  13.500330    13.5038    38.4432    28.9575     4.1187    178.766 0.0000e+00
     70.475   1262.479    13.5151   4.512182     2.6681     0.2765  1.6479955  13.500330    13.5049    38.4437    28.9577     4.1144    178.579 0.0000e+00
     70.912   1263.479    13.5156   4.512256     2.6669     0.2868  1.6479955  13.500330    13.5053    38.4438    28.9577     4.1122    178.480 0.0000e+00
     70.866   1264.479    13.5157   4.512254     2.6657     0.2927  1.6481481  13.501014    13.5054    38.4437    28.9576     4.1114    178.446 0.0000e+00
     70.490   1265.479    13.5158   4.512243     2.6664     0.2875  1.6479955  13.500330    13.5056    38.4437    28.9575     4.1191    178.781 0.0000e+00
     70.196   1266.479    13.5156   4.512207     2.6682     0.2876  1.6477411  13.501014    13.5054    38.4436    28.9575     4.1222    178.917 0.0000e+00
     70.364   1267.479    13.5157   4.512227     2.6693     0.2933  1.6478429  13.500330    13.5055    38.4437    28.9575     4.1235    178.972 0.0000e+00
     70.860   1268.479    13.5162   4.512328     2.6703     0.3008  1.6479446  13.500330    13.5059    38.4439    28.9577     4.1232    178.959 0.0000e+00
     70.685   1269.479    13.5160   4.512278     2.6696     0.2979  1.6479446  13.500330    13.5058    38.4437    28.9575     4.1170    178.690 0.0000e+00
     70.364   1270.479    13.5163   4.512323     2.6681     0.2939  1.6479446  13.501014    13.5061    38.4440    28.9577     4.1156    178.628 0.0000e+00
     70.601   1271.479    13.5163   4.512318     2.6682     0.2960  1.6479446  13.500330    13.5061    38.4438    28.9575     4.1179    178.730 0.0000e+00
     70.636   1272.479    13.5163   4.512322     2.6678     0.3006  1.6481481  13.499646    13.5061    38.4438    28.9575     4.1167    178.679 0.0000e+00
     70.350   1273.479    13.5158   4.512230     2.6680     0.2834  1.6526760  13.501698    13.5056    38.4436    28.9575     4.1186    178.760 0.0000e+00
     70.415   1274.479    13.5155   4.512214     2.6684     0.2928  1.6478937  13.500330    13.5052    38.4438    28.9577     4.1186    178.758 0.0000e+00
     70.509   1275.479    13.5156   4.512225     2.6681     0.2992  1.6478429  13.500330    13.5054    38.4437    28.9576     4.1200    178.821 0.0000e+00
     69.976   1276.479    13.5148   4.512102     2.6705     0.2881  1.6477920  13.500330    13.5047    38.4435    28.9576     4.1340    179.431 0.0000e+00
     68.849   1277.479    13.5030   4.510206     2.6743     0.2873  1.6478429  13.498962    13.4930    38.4378    28.9557     4.1420    179.778 0.0000e+00
     67.597   1278.479    13.5145   4.511806     2.6778     0.2944  1.6472324  13.491435    13.5047    38.4421    28.9565     4.1448    179.895 0.0000e+00
     66.700   1279.479    13.5047   4.510120     2.6796     0.3121  1.6453500  13.486645    13.4950    38.4363    28.9541     4.1482    180.046 0.0000e+00
     66.355   1280.479    13.5056   4.510481     2.6835     0.3128  1.6438237  13.483908    13.4960    38.4390    28.9559     4.1685    180.925 0.0000e+00
     65.749   1281.479    13.4973   4.508899     2.6914     0.3179  1.6431115  13.483908    13.4878    38.4325    28.9526     4.1871    181.735 0.0000e+00
     64.552   1282.479    13.4824   4.506967     2.6970     0.3259  1.6420431  13.479118    13.4731    38.4296    28.9535     4.1917    181.935 0.0000e+00
     63.434   1283.479    13.5008   4.508964     2.7005     0.3278  1.6393976  13.481171    13.4916    38.4307    28.9504     4.1924    181.963 0.0000e+00
     62.607   1284.479    13.5001   4.508578     2.7032     0.3349  1.6379222  13.484592    13.4911    38.4280    28.9485     4.1946    182.059 0.0000e+00
     62.134   1285.479    13.4988   4.508522     2.7044     0.3456  1.6367521  13.483224    13.4898    38.4290    28.9495     4.1930    181.991 0.0000e+00
     61.913   1286.479    13.4942   4.508280     2.7056     0.3357  1.6360907  13.480487    13.4852    38.4315    28.9524     4.2001    182.300 0.0000e+00
     61.654   1287.479    13.4983   4.508566     2.7081     0.3292  1.6360398  13.479118    13.4894    38.4302    28.9505     4.1990    182.251 0.0000e+00
     61.299   1288.479    13.5048   4.509091     2.7065     0.3231  1.6359890  13.481171    13.4959    38.4288    28.9480     4.1894    181.835 0.0000e+00
     61.197   1289.479    13.5070   4.509241     2.7061     0.3150  1.6359890  13.475697    13.4981    38.4280    28.9470     4.1951    182.083 0.0000e+00
     61.180   1290.479    13.5049   4.509151     2.7073     0.3368  1.6355820  13.477750    13.4960    38.4293    28.9485     4.1982    182.219 0.0000e+00
     60.810   1291.479    13.5124   4.509862     2.7081     0.3406  1.6355820  13.480487    13.5036    38.4287    28.9464     4.1973    182.179 0.0000e+00
     60.250   1292.479    13.5135   4.509966     2.7080     0.3277  1.6350224  13.483908    13.5048    38.4289    28.9463     4.1938    182.025 0.0000e+00
     60.073   1293.479    13.5143   4.510022     2.7072     0.3480  1.6348697  13.484592    13.5056    38.4287    28.9459     4.1904    181.879 0.0000e+00
     60.368   1294.479    13.5132   4.509923     2.7058     0.3564  1.6346662  13.483908    13.5044    38.4288    28.9462     4.1897    181.846 0.0000e+00
     60.293   1295.479    13.5129   4.509893     2.7066     0.3554  1.6345645  13.484592    13.5042    38.4287    28.9463     4.1970    182.165 0.0000e+00
     60.048   1296.479    13.5145   4.510090     2.7081     0.3481  1.6343101  13.488698    13.5058    38.4291    28.9462     4.1977    182.194 0.0000e+00
     60.056   1297.479    13.5165   4.510318     2.7081     0.3475  1.6342084  13.488698    13.5078    38.4293    28.9459     4.1930    181.993 0.0000e+00
     60.336   1298.479    13.5165   4.510320     2.7067     0.3477  1.6343101  13.488698    13.5078    38.4292    28.9458     4.1904    181.879 0.0000e+00
     60.566   1299.479    13.5144   4.510057     2.7066     0.3423  1.6342084  13.490066    13.5056    38.4287    28.9459     4.1919    181.942 0.0000e+00
     60.242   1300.479    13.5168   4.510354     2.7064     0.3536  1.6339540  13.494172    13.5080    38.4293    28.9459     4.1925    181.971 0.0000e+00
     59.784   1301.479    13.5197   4.510700     2.7065     0.3542  1.6340557  13.496225    13.5110    38.4299    28.9457     4.1883    181.787 0.0000e+00
     59.930   1302.479    13.5175   4.510411     2.7046     0.3603  1.6344627  13.496225    13.5088    38.4292    28.9456     4.1852    181.654 0.0000e+00
     60.362   1303.479    13.5161   4.510266     2.7049     0.3571  1.6347171  13.495540    13.5074    38.4290    28.9458     4.1936    182.017 0.0000e+00
     60.487   1304.479    13.5156   4.510202     2.7072     0.3613  1.6344627  13.495540    13.5068    38.4289    28.9459     4.1980    182.207 0.0000e+00
     60.280   1305.479    13.5162   4.510265     2.7073     0.3485  1.6345645  13.496909    13.5074    38.4290    28.9458     4.1925    181.971 0.0000e+00
     60.020   1306.479    13.5164   4.510255     2.7067     0.3630  1.6347680  13.502383    13.5077    38.4288    28.9456     4.1921    181.953 0.0000e+00
     60.080   1307.479    13.5161   4.510250     2.7069     0.3776  1.6351241  13.500330    13.5074    38.4290    28.9458     4.1943    182.048 0.0000e+00
     60.334   1308.479    13.5158   4.510231     2.7075     0.3768  1.6349715  13.498962    13.5071    38.4290    28.9459     4.1931    181.996 0.0000e+00
     60.322   1309.479    13.5155   4.510175     2.7060     0.3698  1.6352767  13.501014    13.5067    38.4289    28.9458     4.1878    181.764 0.0000e+00
     60.128   1310.479    13.5159   4.510236     2.7058     0.3632  1.6350732  13.500330    13.5072    38.4291    28.9459     4.1910    181.904 0.0000e+00
     60.117   1311.479    13.5161   4.510252     2.7056     0.3609  1.6354294  13.500330    13.5074    38.4290    28.9458     4.1893    181.833 0.0000e+00
     60.271   1312.479    13.5156   4.510198     2.7060     0.3547  1.6352259  13.500330    13.5069    38.4290    28.9458     4.1953    182.090 0.0000e+00
     60.148   1313.479    13.5157   4.510201     2.7075     0.3603  1.6354294  13.500330    13.5070    38.4290    28.9458     4.1963    182.133 0.0000e+00
     60.087   1314.479    13.5166   4.510298     2.7072     0.3773  1.6353276  13.500330    13.5078    38.4290    28.9457     4.1920    181.947 0.0000e+00
     60.395   1315.479    13.5155   4.510176     2.7070     0.3864  1.6353276  13.500330    13.5067    38.4288    28.9458     4.1932    181.998 0.0000e+00
     60.332   1316.479    13.5155   4.510179     2.7068     0.3847  1.6354294  13.499646    13.5068    38.4288    28.9458     4.1947    182.065 0.0000e+00
     59.951   1317.479    13.5160   4.510236     2.7083     0.3796  1.6350732  13.500330    13.5073    38.4290    28.9458     4.2008    182.329 0.0000e+00
     60.075   1318.479    13.5156   4.510168     2.7095     0.3780  1.6352259  13.498277    13.5069    38.4287    28.9457     4.2000    182.298 0.0000e+00
     60.515   1319.479    13.5151   4.510138     2.7095     0.3703  1.6351241  13.499646    13.5063    38.4288    28.9459     4.1985    182.230 0.0000e+00
     60.337   1320.479    13.5151   4.510120     2.7095     0.3664  1.6350732  13.500330    13.5064    38.4287    28.9457     4.1989    182.250 0.0000e+00
     59.785   1321.479    13.5166   4.510307     2.7096     0.3650  1.6350732  13.500330    13.5079    38.4292    28.9458     4.1982    182.219 0.0000e+00
     59.864   1322.479    13.5165   4.510259     2.7097     0.3847  1.6351750  13.500330    13.5078    38.4289    28.9456     4.1994    182.268 0.0000e+00
     60.544   1323.479    13.5151   4.510133     2.7097     0.3864  1.6353785  13.499646    13.5063    38.4287    28.9458     4.1947    182.066 0.0000e+00
     60.566   1324.479    13.5152   4.510135     2.7068     0.3635  1.6349715  13.496909    13.5064    38.4286    28.9457     4.1852    181.654 0.0000e+00
     59.966   1325.479    13.5173   4.510399     2.7056     0.3518  1.6349715  13.500330    13.5086    38.4293    28.9458     4.1900    181.861 0.0000e+00
     59.840   1326.479    13.5181   4.510475     2.7057     0.3512  1.6350224  13.498962    13.5094    38.4292    28.9455     4.1886    181.799 0.0000e+00
     60.337   1327.479    13.5155   4.510172     2.7053     0.3617  1.6352767  13.499646    13.5067    38.4288    28.9458     4.1889    181.812 0.0000e+00
     60.457   1328.479    13.5153   4.510148     2.7048     0.4139  1.6351241  13.499646    13.5065    38.4287    28.9457     4.1876    181.759 0.0000e+00
     60.162   1329.479    13.5156   4.510176     2.7046     0.4114  1.6351750  13.501014    13.5069    38.4288    28.9457     4.1894    181.834 0.0000e+00
     60.091   1330.479    13.5153   4.510123     2.7055     0.3988  1.6351241  13.500330    13.5066    38.4286    28.9457     4.1925    181.970 0.0000e+00
     60.175   1331.479    13.5143   4.510021     2.7060     0.4029  1.6353276  13.500330    13.5056    38.4286    28.9458     4.1908    181.897 0.0000e+00
     60.214   1332.479    13.5150   4.510100     2.7052     0.3926  1.6352767  13.500330    13.5063    38.4287    28.9458     4.1883    181.787 0.0000e+00
     60.276   1333.479    13.5144   4.510005     2.7057     0.3794  1.6348697  13.499646    13.5057    38.4283    28.9457     4.1950    182.077 0.0000e+00
     60.304   1334.479    13.5139   4.509966     2.7074     0.3723  1.6349715  13.500330    13.5052    38.4285    28.9458     4.1987    182.237 0.0000e+00
     60.229   1335.479    13.5145   4.510016     2.7086     0.3689  1.6351241  13.500330    13.5058    38.4284    28.9456     4.1975    182.189 0.0000e+00
     60.134   1336.479    13.5146   4.510068     2.7077     0.3760  1.6350224  13.500330    13.5059    38.4288    28.9459     4.1938    182.026 0.0000e+00
     60.157   1337.479    13.5161   4.510240     2.7084     0.3677  1.6351750  13.499646    13.5074    38.4289    28.9457     4.1986    182.236 0.0000e+00
     60.238   1338.479    13.5152   4.510102     2.7091     0.3605  1.6347680  13.500330    13.5065    38.4285    28.9456     4.1986    182.234 0.0000e+00
     60.261   1339.479    13.5153   4.510126     2.7086     0.3553  1.6351750  13.499646    13.5066    38.4285    28.9456     4.1927    181.979 0.0000e+00
     60.295   1340.479    13.5153   4.510125     2.7071     0.3566  1.6347680  13.499646    13.5066    38.4285    28.9456     4.1921    181.952 0.0000e+00
