Boussole/Data/SBEMOOSE/Work/cnv/bous229_03.cnv
* Sea-Bird SBE 9 Data File:
* FileName = C:\boussole\202104\bous229_03.hdr
* Software Version Seasave V 7.23.2
* Temperature SN = 2473
* Conductivity SN = 2929
* Number of Bytes Per Scan = 37
* Number of Voltage Words = 4
* Number of Scans Averaged by the Deck Unit = 1
* NMEA Latitude = 43 22.01 N
* NMEA Longitude = 007 54.15 E
* NMEA UTC (Time) = Apr 09 2021  13:26:50
* NMEA baud rate = 4800
** Campagne = BOUSSOLE 229
** Navire = Tethys II
** Station = BOUS229_03
** Date = 09/04/2021
** Heure debut [TU] = 13:29
** Heure fin [TU] = 13:56
** Heure locale / TU = +0
** Latitude = 43 22.009 N
** Longitude = 007 54.154 E
** Heure meteo [TU] = 13:30
** T air sec [deg C] = 13.7
** T mer [deg C] = 14.45
** Vent [noeuds, degres] = 0.7, 90
** Pression atm [hpa] = 1025.2
** Humidite [%] = 48.7
** Nebulosite [octas] = 2
** Etat de la mer [code S] = 1
# nquan = 14
# nvalues = 1755                        
# units = specified
# name 0 = prDM: Pressure, Digiquartz [db]
# name 1 = timeS: Time, Elapsed [seconds]
# name 2 = t090C: Temperature [ITS-90, deg C]
# name 3 = c0S/m: Conductivity [S/m]
# name 4 = sbeox0V: Oxygen raw, SBE 43 [V]
# name 5 = flC: Fluorescence, Chelsea Aqua 3 Chl Con [ug/l]
# name 6 = upoly0: Upoly 0, RINKOIII_DO
# name 7 = upoly1: Upoly 1, RINKOIII_Temp
# name 8 = potemp090C: Potential Temperature [ITS-90, deg C]
# name 9 = sal00: Salinity, Practical [PSU]
# name 10 = sigma-é00: Density [sigma-theta, kg/m^3]
# name 11 = sbeox0ML/L: Oxygen, SBE 43 [ml/l], WS = 2
# name 12 = sbox0Mm/Kg: Oxygen, SBE 43 [umol/kg], WS = 2
# name 13 = flag: flag
# span 0 =      0.214,    401.070       
# span 1 =      0.479,   1754.417       
# span 2 =    13.4707,    14.6616       
# span 3 =   4.502495,   4.622867       
# span 4 =     2.1873,     3.0493       
# span 5 =     0.1503,     3.0511       
# span 6 =  1.5170431,  1.8378103       
# span 7 =  13.467486,  14.450297       
# span 8 =    13.4632,    14.6613       
# span 9 =    38.3630,    38.6890       
# span 10 =    28.6515,    29.0887      
# span 11 =     3.2042,     4.7779      
# span 12 =    139.056,    207.424      
# span 13 = 0.0000e+00, 0.0000e+00      
# interval = seconds: 1                 
# start_time = Apr 09 2021 13:26:50 [NMEA time, header]
# bad_flag = -9.990e-29
*END*
      1.738      0.479    14.6247   4.619976     3.0459     0.3456  1.5205026  14.307771    14.6244    38.3831    28.6673     4.7481    206.141 0.0000e+00
      1.337      1.479    14.6093   4.616748     3.0470     0.2996  1.5196378  14.339147    14.6091    38.3684    28.6594     4.7566    206.511 0.0000e+00
      1.264      2.479    14.5545   4.611567     3.0487     0.2999  1.5187220  14.385521    14.5543    38.3744    28.6762     4.7624    206.761 0.0000e+00
      1.629      3.479    14.5754   4.613989     3.0479     0.3372  1.5190781  14.376656    14.5751    38.3762    28.6729     4.7544    206.414 0.0000e+00
      2.039      4.479    14.6616   4.622867     3.0473     0.3649  1.5199939  14.348695    14.6613    38.3733    28.6515     4.7471    206.102 0.0000e+00
      1.667      5.479    14.6056   4.617513     3.0476     0.3672  1.5188746  14.374609    14.6053    38.3791    28.6685     4.7525    206.330 0.0000e+00
      1.264      6.479    14.5935   4.616259     3.0463     0.3833  1.5173484  14.430525    14.5933    38.3796    28.6715     4.7492    206.188 0.0000e+00
      1.441      7.479    14.6400   4.620887     3.0465     0.3292  1.5175519  14.435298    14.6398    38.3765    28.6588     4.7533    206.370 0.0000e+00
      1.756      8.479    14.5179   4.607895     3.0493     0.3127  1.5184676  14.397795    14.5176    38.3762    28.6857     4.7649    206.865 0.0000e+00
      1.674      9.479    14.5365   4.610255     3.0453     0.3186  1.5185694  14.385521    14.5362    38.3799    28.6844     4.7395    205.766 0.0000e+00
      1.372     10.479    14.6112   4.617941     3.0399     0.3715  1.5178063  14.414161    14.6110    38.3777    28.6661     4.7327    205.472 0.0000e+00
      1.563     11.479    14.4430   4.598935     3.0420     0.3605  1.5173993  14.433934    14.4428    38.3667    28.6949     4.7684    207.017 0.0000e+00
      1.897     12.479    14.3173   4.586381     3.0452     0.3320  1.5183659  14.389612    14.3170    38.3739    28.7282     4.7779    207.424 0.0000e+00
      1.495     13.479    14.3999   4.595964     3.0428     0.3389  1.5178571  14.410068    14.3997    38.3818    28.7161     4.7526    206.328 0.0000e+00
      1.211     14.479    14.4916   4.604910     3.0382     0.4363  1.5170431  14.450297    14.4914    38.3746    28.6902     4.7387    205.726 0.0000e+00
      1.596     15.479    14.3587   4.590094     3.0380     0.4854  1.5184168  14.414842    14.3585    38.3677    28.7142     4.7578    206.553 0.0000e+00
      1.933     16.479    14.2084   4.574752     3.0369     0.4627  1.5198413  14.366426    14.2081    38.3730    28.7514     4.7668    206.938 0.0000e+00
      1.956     17.479    14.2725   4.582273     3.0358     0.3902  1.5192816  14.363017    14.2722    38.3799    28.7427     4.7656    206.887 0.0000e+00
      1.973     18.479    14.2037   4.575065     3.0384     0.3845  1.5181624  14.385521    14.2034    38.3807    28.7583     4.7763    207.347 0.0000e+00
      2.397     19.479    14.1825   4.572370     3.0364     0.3585  1.5185185  14.401887    14.1821    38.3762    28.7595     4.7657    206.886 0.0000e+00
      3.250     20.479    14.3147   4.586531     3.0343     0.3701  1.5207570  14.292763    14.3142    38.3773    28.7314     4.7540    206.384 0.0000e+00
      3.984     21.479    14.2718   4.581890     3.0339     0.3658  1.5203500  14.323459    14.2712    38.3761    28.7400     4.7551    206.428 0.0000e+00
      4.409     22.479    14.2795   4.582835     3.0310     0.3579  1.5199939  14.326870    14.2789    38.3771    28.7390     4.7461    206.040 0.0000e+00
      4.859     23.479    14.2820   4.582885     3.0291     0.3613  1.5206552  14.311182    14.2813    38.3749    28.7368     4.7445    205.970 0.0000e+00
      5.711     24.479    14.2353   4.578028     3.0269     0.3596  1.5221815  14.252516    14.2345    38.3753    28.7474     4.7447    205.979 0.0000e+00
      6.574     25.479    14.2075   4.575108     3.0252     0.3502  1.5237586  14.208167    14.2066    38.3751    28.7534     4.7402    205.782 0.0000e+00
      7.159     26.479    14.1855   4.572745     3.0193     0.3332  1.5234534  14.208167    14.1844    38.3746    28.7578     4.7210    204.944 0.0000e+00
      7.629     27.479    14.1734   4.571686     3.0128     0.3470  1.5233516  14.214308    14.1723    38.3765    28.7619     4.7159    204.725 0.0000e+00
      8.236     28.479    14.0440   4.557334     3.0097     0.3648  1.5236569  14.191108    14.0428    38.3700    28.7851     4.7319    205.412 0.0000e+00
      9.038     29.479    14.0033   4.553485     3.0099     0.3813  1.5268620  14.080538    14.0020    38.3739    28.7970     4.7399    205.759 0.0000e+00
      9.736     30.479    13.9939   4.552536     3.0083     0.3992  1.5283883  14.012952    13.9925    38.3741    28.7991     4.7341    205.506 0.0000e+00
     10.264     31.479    13.9979   4.552994     3.0069     0.3929  1.5278795  14.016366    13.9964    38.3741    28.7983     4.7335    205.479 0.0000e+00
     10.916     32.479    13.9762   4.550791     3.0065     0.4039  1.5279813  14.016365    13.9745    38.3748    28.8036     4.7378    205.666 0.0000e+00
     11.657     33.479    13.9771   4.551129     3.0064     0.3921  1.5286935  13.985637    13.9754    38.3767    28.8048     4.7371    205.634 0.0000e+00
     12.296     34.479    13.9788   4.551169     3.0061     0.3959  1.5286426  13.989052    13.9769    38.3751    28.8033     4.7398    205.754 0.0000e+00
     12.824     35.479    13.9644   4.549938     3.0075     0.4147  1.5287953  13.992466    13.9625    38.3776    28.8084     4.7435    205.911 0.0000e+00
     13.392     36.479    14.0107   4.554950     3.0067     0.4234  1.5287953  13.976760    14.0088    38.3784    28.7990     4.7329    205.456 0.0000e+00
     14.182     37.479    14.0287   4.556880     3.0058     0.4259  1.5283883  13.985637    14.0266    38.3784    28.7951     4.7331    205.462 0.0000e+00
     15.047     38.479    14.0432   4.558316     3.0060     0.4150  1.5277778  14.024559    14.0410    38.3770    28.7909     4.7309    205.369 0.0000e+00
     15.516     39.479    14.0417   4.558230     3.0047     0.4078  1.5278286  14.026607    14.0394    38.3775    28.7916     4.7282    205.250 0.0000e+00
     15.784     40.479    14.0407   4.558089     3.0048     0.4204  1.5280830  14.025242    14.0383    38.3771    28.7915     4.7342    205.511 0.0000e+00
     16.482     41.479    14.0187   4.555840     3.0065     0.4217  1.5280830  14.023876    14.0162    38.3775    28.7966     4.7428    205.882 0.0000e+00
     17.597     42.479    14.0218   4.556096     3.0084     0.4384  1.5282356  14.011586    14.0192    38.3763    28.7950     4.7398    205.753 0.0000e+00
     18.373     43.479    14.0098   4.555056     3.0050     0.4599  1.5282356  14.008855    14.0071    38.3781    28.7991     4.7229    205.018 0.0000e+00
     18.695     44.479    14.0104   4.555047     3.0009     0.4567  1.5281848  14.017049    14.0076    38.3772    28.7983     4.7189    204.849 0.0000e+00
     19.083     45.479    13.9939   4.553175     2.9982     0.4591  1.5280321  14.019097    13.9911    38.3759    28.8008     4.7163    204.733 0.0000e+00
     19.718     46.479    13.9709   4.551025     2.9964     0.4820  1.5279304  14.003392    13.9680    38.3783    28.8077     4.7221    204.984 0.0000e+00
     20.631     47.479    13.9550   4.549254     2.9972     0.5035  1.5294058  13.970614    13.9520    38.3770    28.8102     4.7317    205.399 0.0000e+00
     21.485     48.479    13.9424   4.548088     2.9995     0.5184  1.5297110  13.948759    13.9392    38.3782    28.8138     4.7390    205.718 0.0000e+00
     21.928     49.479    13.9419   4.548070     3.0007     0.5311  1.5301180  13.943978    13.9387    38.3783    28.8141     4.7405    205.782 0.0000e+00
     22.278     50.479    13.9387   4.547747     3.0025     0.5453  1.5293040  13.969248    13.9354    38.3783    28.8148     4.7445    205.956 0.0000e+00
     22.997     51.479    13.9272   4.546543     3.0032     0.5639  1.5300162  13.951491    13.9238    38.3781    28.8171     4.7433    205.900 0.0000e+00
     23.831     52.479    13.9251   4.546379     3.0027     0.5715  1.5302197  13.922805    13.9216    38.3782    28.8177     4.7395    205.737 0.0000e+00
     24.470     53.479    13.9252   4.546425     3.0011     0.5825  1.5305759  13.922122    13.9216    38.3783    28.8178     4.7352    205.550 0.0000e+00
     25.038     54.479    13.9245   4.546331     2.9993     0.5561  1.5305759  13.925537    13.9208    38.3779    28.8176     4.7296    205.309 0.0000e+00
     25.678     55.479    13.9234   4.546249     2.9967     0.5463  1.5310338  13.917340    13.9197    38.3779    28.8178     4.7289    205.276 0.0000e+00
     26.389     56.479    13.9234   4.546288     2.9974     0.5515  1.5317460  13.912559    13.9196    38.3779    28.8179     4.7351    205.544 0.0000e+00
     27.100     57.479    13.9232   4.546288     2.9968     0.5608  1.5317460  13.913242    13.9192    38.3779    28.8179     4.7255    205.132 0.0000e+00
     27.601     58.479    13.9229   4.546295     2.9928     0.5756  1.5321021  13.911876    13.9188    38.3780    28.8181     4.7180    204.803 0.0000e+00
     27.965     59.479    13.9231   4.546320     2.9929     0.5720  1.5320004  13.925537    13.9189    38.3779    28.8180     4.7303    205.337 0.0000e+00
     28.713     60.479    13.9233   4.546421     2.9946     0.5724  1.5324074  13.915974    13.9190    38.3783    28.8183     4.7319    205.407 0.0000e+00
     29.762     61.479    13.9241   4.546572     2.9947     0.5657  1.5327635  13.912559    13.9198    38.3784    28.8182     4.7307    205.356 0.0000e+00
     30.397     62.479    13.9244   4.546623     2.9950     0.5628  1.5327126  13.915974    13.9199    38.3784    28.8182     4.7321    205.416 0.0000e+00
     30.674     63.479    13.9248   4.546682     2.9951     0.5519  1.5323056  13.923488    13.9203    38.3783    28.8180     4.7324    205.431 0.0000e+00
     31.164     64.479    13.9240   4.546608     2.9958     0.5596  1.5330179  13.920756    13.9193    38.3783    28.8182     4.7338    205.490 0.0000e+00
     32.027     65.479    13.9222   4.546421     2.9953     0.5677  1.5324582  13.911876    13.9174    38.3779    28.8183     4.7305    205.347 0.0000e+00
     32.823     66.479    13.9219   4.546417     2.9944     0.5569  1.5330688  13.911876    13.9171    38.3778    28.8183     4.7286    205.264 0.0000e+00
     33.388     67.479    13.9217   4.546420     2.9927     0.5681  1.5333740  13.911193    13.9167    38.3778    28.8184     4.7205    204.910 0.0000e+00
     33.903     68.479    13.9181   4.546075     2.9898     0.5837  1.5334758  13.911876    13.9131    38.3779    28.8193     4.7150    204.673 0.0000e+00
     34.528     69.479    13.9159   4.545902     2.9869     0.5810  1.5334758  13.910510    13.9108    38.3782    28.8200     4.7084    204.387 0.0000e+00
     35.327     70.479    13.9118   4.545585     2.9837     0.5757  1.5339845  13.898897    13.9066    38.3788    28.8214     4.7026    204.137 0.0000e+00
     36.024     71.479    13.9101   4.545490     2.9806     0.5706  1.5354090  13.899580    13.9048    38.3793    28.8222     4.7008    204.058 0.0000e+00
     36.497     72.479    13.9079   4.545304     2.9796     0.5787  1.5364265  13.903679    13.9025    38.3796    28.8229     4.6994    203.996 0.0000e+00
     37.050     73.479    13.9039   4.544923     2.9769     0.5960  1.5364774  13.900946    13.8985    38.3797    28.8238     4.6925    203.694 0.0000e+00
     37.847     74.479    13.9008   4.544687     2.9747     0.5984  1.5378510  13.894798    13.8952    38.3802    28.8249     4.6886    203.525 0.0000e+00
     38.703     75.479    13.8994   4.544606     2.9718     0.5896  1.5386141  13.888650    13.8937    38.3805    28.8255     4.6826    203.266 0.0000e+00
     39.104     76.479    13.8972   4.544419     2.9693     0.5790  1.5393264  13.890016    13.8914    38.3807    28.8261     4.6819    203.238 0.0000e+00
     39.472     77.479    13.8957   4.544294     2.9686     0.5675  1.5397843  13.896164    13.8899    38.3809    28.8266     4.6829    203.279 0.0000e+00
     40.306     78.479    13.8873   4.543527     2.9675     0.5728  1.5402930  13.886601    13.8813    38.3817    28.8291     4.6777    203.054 0.0000e+00
     41.175     79.479    13.8833   4.543211     2.9641     0.5855  1.5415649  13.874987    13.8772    38.3823    28.8304     4.6669    202.584 0.0000e+00
     41.718     80.479    13.8808   4.543016     2.9598     0.5829  1.5426841  13.877720    13.8746    38.3827    28.8313     4.6500    201.848 0.0000e+00
     42.180     81.479    13.8751   4.542538     2.9510     0.5776  1.5430911  13.883868    13.8689    38.3836    28.8332     4.6250    200.766 0.0000e+00
     42.846     82.479    13.8389   4.539273     2.9420     0.5838  1.5433455  13.879769    13.8326    38.3886    28.8449     4.6111    200.157 0.0000e+00
     43.640     83.479    13.8282   4.538278     2.9331     0.5741  1.5457366  13.829210    13.8218    38.3896    28.8480     4.5929    199.368 0.0000e+00
     44.271     84.479    13.8149   4.537093     2.9236     0.5722  1.5497558  13.816911    13.8084    38.3914    28.8523     4.5765    198.654 0.0000e+00
     44.781     85.479    13.8047   4.536094     2.9154     0.5714  1.5525540  13.820327    13.7981    38.3919    28.8549     4.5634    198.086 0.0000e+00
     45.419     86.479    13.7888   4.534733     2.9073     0.5677  1.5541820  13.812811    13.7821    38.3947    28.8605     4.5495    197.480 0.0000e+00
     46.178     87.479    13.7798   4.533908     2.8998     0.5545  1.5566749  13.788210    13.7731    38.3955    28.8630     4.5317    196.708 0.0000e+00
     46.858     88.479    13.7671   4.532516     2.8889     0.5428  1.5613553  13.769758    13.7602    38.3947    28.8652     4.4987    195.276 0.0000e+00
     47.469     89.479    13.7598   4.532447     2.8746     0.5438  1.5649166  13.768391    13.7529    38.4011    28.8717     4.4715    194.094 0.0000e+00
     48.102     90.479    13.7657   4.533585     2.8649     0.5419  1.5667481  13.762923    13.7586    38.4057    28.8741     4.4656    193.839 0.0000e+00
     48.747     91.479    13.7553   4.532323     2.8576     0.5313  1.5690883  13.758138    13.7482    38.4038    28.8749     4.4467    193.016 0.0000e+00
     49.376     92.479    13.7489   4.531628     2.8454     0.5116  1.5740232  13.747202    13.7416    38.4034    28.8760     4.4050    191.206 0.0000e+00
     49.968     93.479    13.7164   4.528312     2.8274     0.5179  1.5777371  13.746519    13.7091    38.4042    28.8835     4.3618    189.331 0.0000e+00
     50.649     94.479    13.6834   4.526154     2.8098     0.5155  1.5802300  13.721911    13.6760    38.4166    28.9002     4.3355    188.186 0.0000e+00
     51.372     95.479    13.6823   4.526366     2.7948     0.4799  1.5863350  13.686362    13.6748    38.4193    28.9026     4.3098    187.070 0.0000e+00
     51.958     96.479    13.6747   4.525684     2.7813     0.4494  1.5947293  13.682944    13.6671    38.4202    28.9049     4.2913    186.264 0.0000e+00
     52.514     97.479    13.6573   4.523378     2.7704     0.4402  1.6004274  13.682260    13.6496    38.4156    28.9051     4.2741    185.520 0.0000e+00
     53.311     98.479    13.5753   4.514607     2.7604     0.4284  1.6051587  13.650123    13.5676    38.4140    28.9214     4.2701    185.343 0.0000e+00
     54.149     99.479    13.5525   4.512475     2.7545     0.4101  1.6132987  13.558480    13.5446    38.4163    28.9280     4.2705    185.358 0.0000e+00
     54.554    100.479    13.5344   4.510493     2.7506     0.4158  1.6182336  13.564636    13.5265    38.4154    28.9311     4.2676    185.231 0.0000e+00
     54.850    101.479    13.5326   4.510186     2.7472     0.4253  1.6187424  13.625507    13.5247    38.4142    28.9306     4.2589    184.857 0.0000e+00
     55.676    102.479    13.5131   4.508339     2.7414     0.4197  1.6195564  13.576263    13.5051    38.4158    28.9360     4.2385    183.969 0.0000e+00
