Boussole/Data/SBEMOOSE/Work/cnv/bous234_04.cnv
* Sea-Bird SBE 9 Data File:
* FileName = C:\boussole\202109\bous234_04.hdr
* Software Version Seasave V 7.23.2
* Temperature SN = 1378
* Conductivity SN = 2929
* Number of Bytes Per Scan = 34
* Number of Voltage Words = 3
* Number of Scans Averaged by the Deck Unit = 1
* NMEA Latitude = 43 21.98 N
* NMEA Longitude = 007 54.39 E
* NMEA UTC (Time) = Sep 14 2021  11:13:26
* NMEA baud rate = 4800
** Campagne = BOUSSOLE 234
** Navire = Tethys II
** Station = BOUS234_04
** Date = 14/09/2021
** Heure debut [TU] = 11:12
** Heure fin [TU] = 11:53
** Heure locale / TU = +2
** Latitude = 43 21.975 N
** Longitude = 007 54.367 E
** Heure meteo [TU] = 11:09
** T air sec [deg C] = 23.7
** T mer [deg C] =
** Vent [noeuds, degres] = 5.8, 235
** Pression atm [hpa] = 1017.7
** Humidite [%] = 87.6
** Nebulosite [octas] = 8
** Etat de la mer [code S] = 2
# nquan = 14
# nvalues = 2375                        
# units = specified
# name 0 = prDM: Pressure, Digiquartz [db]
# name 1 = timeS: Time, Elapsed [seconds]
# name 2 = t090C: Temperature [ITS-90, deg C]
# name 3 = c0S/m: Conductivity [S/m]
# name 4 = sbeox0V: Oxygen raw, SBE 43 [V]
# name 5 = flC: Fluorescence, Chelsea Aqua 3 Chl Con [ug/l]
# name 6 = upoly0: Upoly 0, RINKOIII_DO
# name 7 = upoly1: Upoly 1, RINKOIII_Temp
# name 8 = potemp090C: Potential Temperature [ITS-90, deg C]
# name 9 = sal00: Salinity, Practical [PSU]
# name 10 = sigma-é00: Density [sigma-theta, kg/m^3]
# name 11 = sbeox0ML/L: Oxygen, SBE 43 [ml/l], WS = 2
# name 12 = sbox0Mm/Kg: Oxygen, SBE 43 [umol/kg], WS = 2
# name 13 = flag: flag
# span 0 =      0.061,    405.641       
# span 1 =      0.479,   2374.479       
# span 2 =    13.5717,    23.8026       
# span 3 =   0.309694,   5.635423       
# span 4 =     2.4252,     4.1437       
# span 5 =     0.1505,     0.9566       
# span 6 =  1.2960928,  1.8152727       
# span 7 =  13.557796,  23.742319       
# span 8 =    13.5119,    23.8025       
# span 9 =     1.6598,    38.6581       
# span 10 =    -1.3631,    29.0906      
# span 11 =     3.5988,     6.5849      
# span 12 =    160.406,    286.077      
# span 13 = 0.0000e+00, 0.0000e+00      
# interval = seconds: 1                 
# start_time = Sep 14 2021 11:13:26 [NMEA time, header]
# bad_flag = -9.990e-29
*END*
[from data line 207]
    116.538    207.479    13.7840   4.559132     2.6093     0.1901  1.7586488  13.805978    13.7668    38.5993    29.0223     3.9333    170.708 0.0000e+00
    117.043    208.479    13.7850   4.559316     2.6042     0.1864  1.7589032  13.801194    13.7678    38.5997    29.0225     3.9166    169.980 0.0000e+00
    117.655    209.479    13.7865   4.559602     2.6004     0.1821  1.7587506  13.797777    13.7692    38.6007    29.0229     3.9205    170.151 0.0000e+00
    118.313    210.479    13.7891   4.560090     2.6002     0.1748  1.7584453  13.797777    13.7717    38.6024    29.0237     3.9221    170.222 0.0000e+00
    118.930    211.479    13.7913   4.560456     2.5985     0.1825  1.7583436  13.801877    13.7738    38.6033    29.0239     3.9182    170.052 0.0000e+00
    119.484    212.479    13.7927   4.560742     2.5978     0.1869  1.7585979  13.814861    13.7751    38.6045    29.0245     3.9176    170.024 0.0000e+00
    120.014    213.479    13.7934   4.560897     2.5966     0.1910  1.7585979  13.814861    13.7757    38.6050    29.0248     3.9155    169.935 0.0000e+00
    120.589    214.479    13.7937   4.560994     2.5957     0.1859  1.7586997  13.814178    13.7759    38.6053    29.0250     3.9134    169.841 0.0000e+00
    121.301    215.479    13.7937   4.561036     2.5943     0.1791  1.7590049  13.805294    13.7759    38.6054    29.0251     3.9101    169.701 0.0000e+00
    121.862    216.479    13.7933   4.561032     2.5933     0.1750  1.7598189  13.808711    13.7754    38.6055    29.0253     3.9132    169.832 0.0000e+00
    122.265    217.479    13.7938   4.561096     2.5943     0.1784  1.7601242  13.802561    13.7758    38.6054    29.0251     3.9187    170.071 0.0000e+00
    122.966    218.479    13.7936   4.561142     2.5954     0.1894  1.7613961  13.802561    13.7755    38.6058    29.0255     3.9221    170.221 0.0000e+00
    123.663    219.479    13.7923   4.561068     2.5966     0.1932  1.7619048  13.803927    13.7740    38.6061    29.0260     3.9212    170.181 0.0000e+00
    124.105    220.479    13.7914   4.561017     2.5959     0.1882  1.7624135  13.803927    13.7731    38.6062    29.0263     3.9171    170.001 0.0000e+00
    124.641    221.479    13.7915   4.561063     2.5953     0.1984  1.7630749  13.808028    13.7731    38.6063    29.0264     3.9139    169.863 0.0000e+00
    125.308    222.479    13.7918   4.561164     2.5931     0.1922  1.7630240  13.802561    13.7734    38.6067    29.0266     3.9091    169.656 0.0000e+00
    125.942    223.479    13.7909   4.561151     2.5926     0.1887  1.7633802  13.806661    13.7723    38.6072    29.0273     3.9123    169.793 0.0000e+00
    126.548    224.479    13.7906   4.561205     2.5916     0.1865  1.7633802  13.812128    13.7720    38.6077    29.0277     3.9069    169.559 0.0000e+00
    127.106    225.479    13.7902   4.561233     2.5900     0.1667  1.7631767  13.811445    13.7715    38.6082    29.0282     3.9034    169.407 0.0000e+00
    127.668    226.479    13.7894   4.561215     2.5882     0.1809  1.7636854  13.812128    13.7705    38.6086    29.0287     3.9036    169.415 0.0000e+00
    128.271    227.479    13.7895   4.561287     2.5886     0.1934  1.7637363  13.805978    13.7706    38.6089    29.0289     3.9064    169.540 0.0000e+00
    128.919    228.479    13.7896   4.561333     2.5877     0.1841  1.7634819  13.803927    13.7706    38.6090    29.0290     3.9000    169.259 0.0000e+00
    129.591    229.479    13.7889   4.561338     2.5860     0.1949  1.7641433  13.808711    13.7698    38.6094    29.0295     3.9015    169.326 0.0000e+00
    130.158    230.479    13.7889   4.561384     2.5872     0.1886  1.7641433  13.805294    13.7697    38.6095    29.0296     3.9086    169.633 0.0000e+00
    130.585    231.479    13.7883   4.561346     2.5876     0.1862  1.7643468  13.801877    13.7690    38.6096    29.0298     3.9084    169.625 0.0000e+00
    131.227    232.479    13.7886   4.561466     2.5889     0.1790  1.7647029  13.797777    13.7692    38.6102    29.0302     3.9088    169.643 0.0000e+00
    132.027    233.479    13.7888   4.561626     2.5872     0.1862  1.7648047  13.795044    13.7693    38.6111    29.0309     3.8995    169.238 0.0000e+00
    132.547    234.479    13.7892   4.561773     2.5857     0.1833  1.7649064  13.797094    13.7697    38.6119    29.0314     3.8983    169.187 0.0000e+00
    132.949    235.479    13.7895   4.561855     2.5838     0.1774  1.7651099  13.795044    13.7699    38.6121    29.0316     3.8950    169.043 0.0000e+00
    133.614    236.479    13.7890   4.561852     2.5838     0.1714  1.7655169  13.795727    13.7692    38.6124    29.0319     3.9041    169.438 0.0000e+00
    134.422    237.479    13.7883   4.561905     2.5860     0.1749  1.7655169  13.793677    13.7685    38.6132    29.0327     3.9097    169.682 0.0000e+00
    134.979    238.479    13.7882   4.561930     2.5865     0.1890  1.7659239  13.795727    13.7683    38.6133    29.0328     3.9047    169.466 0.0000e+00
    135.411    239.479    13.7882   4.561951     2.5859     0.1815  1.7662801  13.795727    13.7682    38.6133    29.0329     3.9047    169.463 0.0000e+00
    136.035    240.479    13.7869   4.561867     2.5862     0.1817  1.7664327  13.795727    13.7668    38.6135    29.0334     3.9015    169.323 0.0000e+00
    136.693    241.479    13.7883   4.562123     2.5827     0.1796  1.7670432  13.793677    13.7681    38.6142    29.0336     3.8831    168.527 0.0000e+00
    137.286    242.479    13.7906   4.562502     2.5774     0.1668  1.7670432  13.802561    13.7704    38.6152    29.0339     3.8719    168.042 0.0000e+00
    137.955    243.479    13.8002   4.563938     2.5731     0.1767  1.7673484  13.795727    13.7798    38.6189    29.0347     3.8658    167.774 0.0000e+00
    138.588    244.479    13.8143   4.566102     2.5693     0.1864  1.7675519  13.795727    13.7938    38.6250    29.0364     3.8560    167.351 0.0000e+00
    138.987    245.479    13.8145   4.566132     2.5640     0.1882  1.7675519  13.795044    13.7940    38.6248    29.0362     3.8463    166.928 0.0000e+00
    139.499    246.479    13.8153   4.566274     2.5624     0.1780  1.7678063  13.792993    13.7947    38.6252    29.0364     3.8563    167.364 0.0000e+00
    140.328    247.479    13.8140   4.566154     2.5624     0.1792  1.7682642  13.802561    13.7933    38.6249    29.0365     3.8562    167.356 0.0000e+00
    140.959    248.479    13.8135   4.566118     2.5622     0.1712  1.7693834  13.810761    13.7927    38.6248    29.0365     3.8577    167.424 0.0000e+00
    141.279    249.479    13.8137   4.566145     2.5625     0.1824  1.7708079  13.812128    13.7928    38.6247    29.0364     3.8594    167.497 0.0000e+00
    141.907    250.479    13.8140   4.566210     2.5627     0.1796  1.7713167  13.811445    13.7931    38.6248    29.0364     3.8577    167.426 0.0000e+00
    142.703    251.479    13.8170   4.566768     2.5620     0.1849  1.7717745  13.812128    13.7959    38.6267    29.0373     3.8568    167.385 0.0000e+00
    143.230    252.479    13.8185   4.567067     2.5621     0.1901  1.7727920  13.812811    13.7974    38.6277    29.0378     3.8542    167.272 0.0000e+00
    143.652    253.479    13.8192   4.567161     2.5596     0.1822  1.7729955  13.812811    13.7980    38.6277    29.0376     3.8434    166.802 0.0000e+00
    144.292    254.479    13.8202   4.567361     2.5573     0.1739  1.7736060  13.814178    13.7989    38.6284    29.0380     3.8451    166.877 0.0000e+00
    145.045    255.479    13.8208   4.567530     2.5570     0.1861  1.7739113  13.813495    13.7994    38.6290    29.0383     3.8451    166.876 0.0000e+00
    145.651    256.479    13.8204   4.567519     2.5558     0.1855  1.7740639  13.812128    13.7989    38.6290    29.0384     3.8431    166.790 0.0000e+00
    146.093    257.479    13.8193   4.567420     2.5548     0.1754  1.7745218  13.815544    13.7977    38.6290    29.0387     3.8384    166.584 0.0000e+00
    146.662    258.479    13.8187   4.567374     2.5527     0.1775  1.7749288  13.819644    13.7970    38.6289    29.0388     3.8398    166.644 0.0000e+00
    147.334    259.479    13.8189   4.567443     2.5546     0.1850  1.7750306  13.816228    13.7971    38.6291    29.0389     3.8509    167.128 0.0000e+00
    147.967    260.479    13.8193   4.567544     2.5556     0.1891  1.7756919  13.818961    13.7974    38.6294    29.0390     3.8460    166.914 0.0000e+00
    148.481    261.479    13.8199   4.567665     2.5541     0.1833  1.7758446  13.827844    13.7980    38.6296    29.0391     3.8377    166.553 0.0000e+00
    149.038    262.479    13.8215   4.567943     2.5524     0.2001  1.7760481  13.827160    13.7995    38.6304    29.0394     3.8365    166.504 0.0000e+00
    149.688    263.479    13.8235   4.568284     2.5510     0.2001  1.7760481  13.824427    13.8013    38.6314    29.0398     3.8305    166.242 0.0000e+00
    150.263    264.479    13.8242   4.568438     2.5486     0.2063  1.7763533  13.823744    13.8020    38.6318    29.0400     3.8313    166.278 0.0000e+00
    150.769    265.479    13.8248   4.568564     2.5496     0.2144  1.7765568  13.829894    13.8025    38.6322    29.0402     3.8345    166.415 0.0000e+00
    151.377    266.479    13.8257   4.568745     2.5472     0.1886  1.7769638  13.828527    13.8033    38.6328    29.0404     3.8188    165.736 0.0000e+00
    152.030    267.479    13.8303   4.569527     2.5433     0.1714  1.7770656  13.827160    13.8078    38.6352    29.0414     3.8144    165.543 0.0000e+00
    152.604    268.479    13.8349   4.570224     2.5422     0.1835  1.7773708  13.826477    13.8124    38.6369    29.0417     3.8187    165.731 0.0000e+00
    153.126    269.479    13.8374   4.570654     2.5417     0.1816  1.7775743  13.826477    13.8148    38.6383    29.0422     3.8168    165.648 0.0000e+00
    153.698    270.479    13.8398   4.571045     2.5405     0.1870  1.7775234  13.832627    13.8170    38.6394    29.0426     3.8127    165.468 0.0000e+00
    154.361    271.479    13.8407   4.571271     2.5396     0.1809  1.7778287  13.829894    13.8179    38.6403    29.0430     3.8155    165.592 0.0000e+00
    154.958    272.479    13.8382   4.570977     2.5397     0.1797  1.7781848  13.835360    13.8153    38.6397    29.0432     3.8144    165.543 0.0000e+00
    155.464    273.479    13.8372   4.570864     2.5389     0.1877  1.7786427  13.840143    13.8142    38.6394    29.0432     3.8146    165.552 0.0000e+00
    156.014    274.479    13.8364   4.570797     2.5394     0.1902  1.7792023  13.845609    13.8133    38.6394    29.0434     3.8178    165.691 0.0000e+00
    156.728    275.479    13.8369   4.570902     2.5396     0.1845  1.7795584  13.834677    13.8137    38.6395    29.0434     3.8184    165.717 0.0000e+00
    157.352    276.479    13.8390   4.571219     2.5401     0.1694  1.7800163  13.841509    13.8157    38.6401    29.0434     3.8170    165.656 0.0000e+00
    157.828    277.479    13.8380   4.571085     2.5389     0.1687  1.7806777  13.836043    13.8146    38.6397    29.0433     3.8132    165.490 0.0000e+00
    158.443    278.479    13.8199   4.568833     2.5384     0.1720  1.7809829  13.834677    13.7964    38.6363    29.0446     3.8169    165.651 0.0000e+00
    159.139    279.479    13.8176   4.568600     2.5387     0.1750  1.7821530  13.830577    13.7941    38.6361    29.0449     3.8131    165.487 0.0000e+00
    159.656    280.479    13.8183   4.568778     2.5351     0.1779  1.7824074  13.839460    13.7947    38.6368    29.0454     3.7961    164.747 0.0000e+00
    160.145    281.479    13.8218   4.569396     2.5309     0.1854  1.7828653  13.829894    13.7981    38.6389    29.0463     3.7939    164.652 0.0000e+00
    160.856    282.479    13.8256   4.570053     2.5300     0.1824  1.7833741  13.825794    13.8019    38.6410    29.0471     3.7988    164.863 0.0000e+00
    161.515    283.479    13.8304   4.570822     2.5299     0.1774  1.7836793  13.821011    13.8065    38.6432    29.0478     3.8007    164.946 0.0000e+00
    161.947    284.479    13.8317   4.571055     2.5297     0.1745  1.7836284  13.820327    13.8077    38.6439    29.0480     3.7948    164.690 0.0000e+00
    162.441    285.479    13.8339   4.571455     2.5273     0.1827  1.7838828  13.823061    13.8099    38.6452    29.0486     3.7891    164.443 0.0000e+00
    163.185    286.479    13.8343   4.571555     2.5262     0.1727  1.7840354  13.823744    13.8101    38.6455    29.0488     3.7896    164.465 0.0000e+00
    163.869    287.479    13.8345   4.571618     2.5249     0.1728  1.7843916  13.827160    13.8102    38.6456    29.0488     3.7859    164.305 0.0000e+00
    164.310    288.479    13.8349   4.571679     2.5234     0.1789  1.7853073  13.829210    13.8106    38.6456    29.0487     3.7866    164.338 0.0000e+00
    164.792    289.479    13.8352   4.571739     2.5246     0.1851  1.7857143  13.827844    13.8108    38.6456    29.0487     3.7959    164.738 0.0000e+00
    165.497    290.479    13.8353   4.571779     2.5262     0.1856  1.7859178  13.827844    13.8108    38.6455    29.0487     3.7977    164.817 0.0000e+00
    166.200    291.479    13.8353   4.571838     2.5264     0.1806  1.7866809  13.828527    13.8107    38.6457    29.0489     3.7931    164.619 0.0000e+00
    166.619    292.479    13.8353   4.571848     2.5253     0.1863  1.7871897  13.828527    13.8106    38.6456    29.0488     3.7885    164.419 0.0000e+00
    167.153    293.479    13.8357   4.571945     2.5246     0.1820  1.7876984  13.829894    13.8110    38.6459    29.0489     3.7927    164.602 0.0000e+00
    167.919    294.479    13.8361   4.572023     2.5254     0.1739  1.7875458  13.827844    13.8112    38.6459    29.0489     3.7956    164.725 0.0000e+00
    168.464    295.479    13.8350   4.571922     2.5261     0.1760  1.7879019  13.829894    13.8100    38.6459    29.0491     3.7966    164.771 0.0000e+00
    168.890    296.479    13.8349   4.571924     2.5251     0.1759  1.7880545  13.829210    13.8099    38.6457    29.0490     3.7853    164.280 0.0000e+00
    169.618    297.479    13.8347   4.571929     2.5224     0.1879  1.7880545  13.828527    13.8096    38.6457    29.0491     3.7849    164.261 0.0000e+00
    170.270    298.479    13.8344   4.571919     2.5228     0.1825  1.7886650  13.834677    13.8092    38.6456    29.0491     3.7894    164.456 0.0000e+00
    170.700    299.479    13.8340   4.571907     2.5214     0.1818  1.7884615  13.831260    13.8087    38.6457    29.0492     3.7767    163.907 0.0000e+00
    171.302    300.479    13.8341   4.571966     2.5181     0.1732  1.7888177  13.829894    13.8088    38.6458    29.0493     3.7793    164.020 0.0000e+00
    172.033    301.479    13.8339   4.571989     2.5203     0.1640  1.7888685  13.829210    13.8084    38.6460    29.0495     3.7913    164.540 0.0000e+00
    172.547    302.479    13.8333   4.572007     2.5208     0.1707  1.7885633  13.829210    13.8078    38.6465    29.0501     3.7826    164.161 0.0000e+00
    172.960    303.479    13.8339   4.572065     2.5187     0.1732  1.7887668  13.829210    13.8083    38.6463    29.0498     3.7788    163.997 0.0000e+00
    173.634    304.479    13.8327   4.572003     2.5185     0.1791  1.7890720  13.828527    13.8070    38.6465    29.0503     3.7834    164.197 0.0000e+00
    174.365    305.479    13.8324   4.571967     2.5195     0.1813  1.7891229  13.828527    13.8066    38.6463    29.0501     3.7896    164.466 0.0000e+00
    174.880    306.479    13.8319   4.571926     2.5204     0.1765  1.7892755  13.829210    13.8060    38.6461    29.0501     3.7852    164.275 0.0000e+00
    175.399    307.479    13.8303   4.571735     2.5191     0.1814  1.7892755  13.828527    13.8044    38.6456    29.0501     3.7823    164.149 0.0000e+00
    176.027    308.479    13.8279   4.571442     2.5186     0.1862  1.7893773  13.831943    13.8018    38.6451    29.0502     3.7828    164.169 0.0000e+00
