Boussole/Data/SBEMOOSE/Work/cnv/bous234_01.cnv
* Sea-Bird SBE 9 Data File:
* FileName = C:\boussole\202109\bous234_01.hdr
* Software Version Seasave V 7.23.2
* Temperature SN = 1378
* Conductivity SN = 2929
* Number of Bytes Per Scan = 34
* Number of Voltage Words = 3
* Number of Scans Averaged by the Deck Unit = 1
* NMEA Latitude = 43 22.06 N
* NMEA Longitude = 007 54.22 E
* NMEA UTC (Time) = Sep 13 2021  12:07:04
* NMEA baud rate = 4800
** Campagne = BOUSSOLE 234
** Navire = Tethys II
** Station = BOUS234_01
** Date = 13/09/2021
** Heure debut [TU] = 12:07
** Heure fin [TU] = 12:35
** Heure locale / TU = +2
** Latitude = 43 22.057 N
** Longitude = 007 54.203 E
** Heure meteo [TU] = 12:05
** T air sec [deg C] = 23.9
** T mer [deg C] = 24.0
** Vent [noeuds, degres] = 12.2, 214
** Pression atm [hpa] = 1016.6
** Humidite [%] = 82
** Nebulosite [octas] = 1
** Etat de la mer [code S] = 2
# nquan = 14
# nvalues = 1730                        
# units = specified
# name 0 = prDM: Pressure, Digiquartz [db]
# name 1 = timeS: Time, Elapsed [seconds]
# name 2 = t090C: Temperature [ITS-90, deg C]
# name 3 = c0S/m: Conductivity [S/m]
# name 4 = sbeox0V: Oxygen raw, SBE 43 [V]
# name 5 = flC: Fluorescence, Chelsea Aqua 3 Chl Con [ug/l]
# name 6 = upoly0: Upoly 0, RINKOIII_DO
# name 7 = upoly1: Upoly 1, RINKOIII_Temp
# name 8 = potemp090C: Potential Temperature [ITS-90, deg C]
# name 9 = sal00: Salinity, Practical [PSU]
# name 10 = sigma-é00: Density [sigma-theta, kg/m^3]
# name 11 = sbeox0ML/L: Oxygen, SBE 43 [ml/l], WS = 2
# name 12 = sbox0Mm/Kg: Oxygen, SBE 43 [umol/kg], WS = 2
# name 13 = flag: flag
# span 0 =     -0.067,    404.847       
# span 1 =      0.479,   1729.417       
# span 2 =    13.5690,    23.9324       
# span 3 =   0.591006,   5.644617       
# span 4 =     2.4274,     4.0958       
# span 5 =    -0.2893,     9.6497       
# span 6 =  1.2892247,  1.8141534       
# span 7 =  13.557797,  23.884130       
# span 8 =    13.5094,    23.9323       
# span 9 =     3.2851,    38.6625       
# span 10 =    -0.2020,    29.0905      
# span 11 =     3.7093,     6.4356      
# span 12 =    160.976,    279.562      
# span 13 = 0.0000e+00, 0.0000e+00      
# interval = seconds: 1                 
# start_time = Sep 13 2021 12:07:04 [NMEA time, header]
# bad_flag = -9.990e-29
*END*
[from data line 104]
     60.760    104.479    13.6828   4.536496     2.7236     0.5938  1.7008547  13.829893    13.6739    38.5112    28.9740     4.1391    179.648 0.0000e+00
     61.409    105.479    13.6847   4.536839     2.7204     0.5521  1.7043651  13.839459    13.6758    38.5122    28.9743     4.1442    179.870 0.0000e+00
     61.956    106.479    13.6860   4.537332     2.7198     0.5204  1.7066036  13.811445    13.6770    38.5154    28.9766     4.1497    180.107 0.0000e+00
     62.604    107.479    13.6897   4.538129     2.7219     0.4838  1.7079772  13.828527    13.6806    38.5189    28.9785     4.1711    181.033 0.0000e+00
     63.274    108.479    13.6923   4.538766     2.7309     0.4446  1.7088421  13.838093    13.6830    38.5221    28.9805     4.2036    182.445 0.0000e+00
     64.042    109.479    13.6878   4.538433     2.7407     0.4027  1.7090456  13.817594    13.6784    38.5231    28.9822     4.2113    182.780 0.0000e+00
     64.770    110.479    13.6863   4.538339     2.7425     0.3502  1.7114367  13.854491    13.6768    38.5234    28.9829     4.1927    181.971 0.0000e+00
     65.338    111.479    13.6906   4.539068     2.7399     0.3167  1.7139296  13.879085    13.6810    38.5258    28.9838     4.1781    181.339 0.0000e+00
     65.909    112.479    13.6942   4.539646     2.7357     0.3091  1.7143874  13.838093    13.6845    38.5274    28.9842     4.1678    180.891 0.0000e+00
     66.624    113.479    13.6988   4.540364     2.7313     0.3009  1.7140822  13.803244    13.6890    38.5292    28.9847     4.1560    180.378 0.0000e+00
     67.353    114.479    13.7022   4.540963     2.7262     0.2923  1.7126577  13.825111    13.6924    38.5311    28.9855     4.1498    180.111 0.0000e+00
     68.000    115.479    13.7027   4.541199     2.7241     0.2973  1.7120981  13.840143    13.6928    38.5326    28.9865     4.1577    180.451 0.0000e+00
     68.656    116.479    13.7042   4.541453     2.7259     0.2924  1.7129629  13.810078    13.6942    38.5332    28.9867     4.1786    181.360 0.0000e+00
     69.273    117.479    13.7067   4.541842     2.7342     0.2927  1.7135226  13.816228    13.6965    38.5342    28.9870     4.2110    182.766 0.0000e+00
     69.880    118.479    13.7091   4.542265     2.7443     0.2710  1.7141331  13.815544    13.6989    38.5355    28.9874     4.2251    183.377 0.0000e+00
     70.638    119.479    13.7125   4.542743     2.7496     0.2456  1.7157102  13.808711    13.7021    38.5363    28.9874     4.2176    183.052 0.0000e+00
     71.418    120.479    13.7155   4.543227     2.7482     0.2244  1.7150488  13.810761    13.7050    38.5375    28.9877     4.1942    182.034 0.0000e+00
     71.993    121.479    13.7178   4.543691     2.7435     0.2039  1.7153032  13.851758    13.7072    38.5394    28.9887     4.1893    181.825 0.0000e+00
     72.520    122.479    13.7209   4.544223     2.7426     0.2056  1.7141839  13.811444    13.7102    38.5411    28.9893     4.1936    182.012 0.0000e+00
     73.193    123.479    13.7271   4.545280     2.7417     0.2200  1.7134208  13.799827    13.7163    38.5446    28.9907     4.1849    181.633 0.0000e+00
     73.986    124.479    13.7350   4.546533     2.7365     0.2171  1.7124033  13.790943    13.7242    38.5481    28.9918     4.1575    180.442 0.0000e+00
     74.762    125.479    13.7401   4.547472     2.7267     0.2033  1.7110297  13.838093    13.7291    38.5516    28.9934     4.1307    179.279 0.0000e+00
     75.323    126.479    13.7369   4.547205     2.7171     0.1942  1.7114367  13.829210    13.7258    38.5520    28.9945     4.1156    178.622 0.0000e+00
     75.790    127.479    13.7317   4.546661     2.7097     0.1943  1.7114367  13.799827    13.7206    38.5519    28.9955     4.1144    178.573 0.0000e+00
     76.485    128.479    13.7308   4.546653     2.7072     0.2055  1.7111823  13.801877    13.7196    38.5524    28.9961     4.1226    178.927 0.0000e+00
     77.344    129.479    13.7330   4.547044     2.7070     0.2117  1.7120981  13.797094    13.7216    38.5535    28.9966     4.1247    179.019 0.0000e+00
     78.020    130.479    13.7346   4.547401     2.7068     0.2117  1.7136752  13.831943    13.7232    38.5549    28.9973     4.1243    179.000 0.0000e+00
     78.507    131.479    13.7356   4.547581     2.7061     0.2031  1.7161172  13.792994    13.7241    38.5555    28.9975     4.1248    179.022 0.0000e+00
     79.121    132.479    13.7363   4.547724     2.7079     0.2001  1.7164733  13.804611    13.7247    38.5558    28.9977     4.1379    179.592 0.0000e+00
     79.865    133.479    13.7377   4.547938     2.7114     0.1872  1.7174908  13.796410    13.7260    38.5561    28.9976     4.1464    179.958 0.0000e+00
     80.543    134.479    13.7377   4.548000     2.7145     0.1737  1.7189153  13.808711    13.7259    38.5564    28.9979     4.1508    180.150 0.0000e+00
     81.134    135.479    13.7359   4.547851     2.7165     0.1741  1.7204925  13.806661    13.7240    38.5566    28.9984     4.1505    180.138 0.0000e+00
     81.818    136.479    13.7343   4.547725     2.7172     0.1870  1.7214082  13.818961    13.7223    38.5566    28.9988     4.1509    180.154 0.0000e+00
     82.524    137.479    13.7301   4.547305     2.7183     0.1780  1.7216117  13.803244    13.7180    38.5565    28.9996     4.1543    180.301 0.0000e+00
     83.124    138.479    13.7277   4.547079     2.7189     0.1678  1.7220187  13.810761    13.7155    38.5565    29.0002     4.1558    180.366 0.0000e+00
     83.760    139.479    13.7280   4.547136     2.7200     0.1594  1.7220187  13.799827    13.7157    38.5565    29.0001     4.1576    180.446 0.0000e+00
     84.383    140.479    13.7274   4.547104     2.7197     0.1577  1.7211538  13.799827    13.7150    38.5565    29.0003     4.1517    180.189 0.0000e+00
     85.066    141.479    13.7254   4.546884     2.7185     0.1656  1.7212047  13.786843    13.7129    38.5561    29.0005     4.1521    180.208 0.0000e+00
     85.806    142.479    13.7236   4.546752     2.7191     0.1597  1.7209503  13.784110    13.7111    38.5563    29.0010     4.1588    180.498 0.0000e+00
     86.508    143.479    13.7229   4.546738     2.7201     0.1470  1.7198819  13.790260    13.7102    38.5566    29.0014     4.1588    180.498 0.0000e+00
     87.062    144.479    13.7226   4.546741     2.7202     0.1530  1.7196276  13.801877    13.7098    38.5567    29.0016     4.1557    180.362 0.0000e+00
     87.674    145.479    13.7230   4.546831     2.7186     0.1477  1.7191697  13.812810    13.7101    38.5569    29.0016     4.1518    180.193 0.0000e+00
     88.455    146.479    13.7255   4.547314     2.7179     0.1457  1.7191188  13.780692    13.7125    38.5586    29.0024     4.1482    180.038 0.0000e+00
     89.178    147.479    13.7271   4.547637     2.7156     0.1462  1.7187627  13.780009    13.7140    38.5597    29.0030     4.1403    179.693 0.0000e+00
     89.685    148.479    13.7275   4.547776     2.7119     0.1496  1.7185083  13.773858    13.7143    38.5604    29.0034     4.1322    179.344 0.0000e+00
     90.291    149.479    13.7287   4.547994     2.7101     0.1511  1.7176943  13.775909    13.7155    38.5610    29.0036     4.1344    179.439 0.0000e+00
     91.077    150.479    13.7307   4.548278     2.7087     0.1529  1.7175417  13.773858    13.7173    38.5613    29.0035     4.1279    179.158 0.0000e+00
     91.766    151.479    13.7313   4.548452     2.7053     0.1559  1.7181013  13.792994    13.7179    38.5620    29.0039     4.1196    178.797 0.0000e+00
     92.402    152.479    13.7324   4.548671     2.7028     0.1539  1.7191188  13.788893    13.7189    38.5627    29.0042     4.1144    178.567 0.0000e+00
     93.064    153.479    13.7346   4.549073     2.6988     0.1513  1.7197293  13.777959    13.7209    38.5640    29.0049     4.1035    178.096 0.0000e+00
     93.694    154.479    13.7364   4.549333     2.6950     0.1622  1.7198311  13.799144    13.7226    38.5644    29.0048     4.1004    177.961 0.0000e+00
     94.390    155.479    13.7378   4.549601     2.6933     0.1614  1.7202381  13.793677    13.7239    38.5653    29.0052     4.0987    177.889 0.0000e+00
     95.095    156.479    13.7382   4.549785     2.6902     0.1612  1.7213064  13.787526    13.7242    38.5663    29.0059     4.0943    177.698 0.0000e+00
     95.756    157.479    13.7380   4.549876     2.6900     0.1746  1.7216626  13.801877    13.7239    38.5671    29.0065     4.0973    177.829 0.0000e+00
     96.492    158.479    13.7382   4.549939     2.6883     0.1739  1.7231379  13.775225    13.7241    38.5671    29.0065     4.0921    177.601 0.0000e+00
     97.128    159.479    13.7388   4.550023     2.6870     0.1681  1.7245624  13.795044    13.7245    38.5670    29.0064     4.0902    177.521 0.0000e+00
     97.692    160.479    13.7380   4.550027     2.6857     0.1486  1.7257326  13.793677    13.7237    38.5676    29.0070     4.0878    177.416 0.0000e+00
     98.417    161.479    13.7384   4.550122     2.6840     0.1407  1.7270045  13.783426    13.7240    38.5677    29.0071     4.0855    177.317 0.0000e+00
     99.155    162.479    13.7392   4.550264     2.6835     0.1397  1.7286325  13.777959    13.7246    38.5680    29.0071     4.0877    177.408 0.0000e+00
     99.810    163.479    13.7392   4.550350     2.6827     0.1492  1.7289377  13.792310    13.7245    38.5685    29.0076     4.0812    177.128 0.0000e+00
    100.387    164.479    13.7399   4.550479     2.6803     0.1457  1.7295482  13.790943    13.7252    38.5687    29.0076     4.0781    176.996 0.0000e+00
    101.027    165.479    13.7408   4.550652     2.6797     0.1491  1.7301078  13.779326    13.7260    38.5692    29.0077     4.0788    177.024 0.0000e+00
    101.729    166.479    13.7415   4.550821     2.6785     0.1489  1.7304640  13.772491    13.7265    38.5698    29.0081     4.0761    176.909 0.0000e+00
    102.373    167.479    13.7421   4.550941     2.6776     0.1586  1.7310744  13.784793    13.7271    38.5700    29.0081     4.0759    176.897 0.0000e+00
    102.991    168.479    13.7422   4.551035     2.6764     0.1533  1.7310236  13.783426    13.7271    38.5705    29.0086     4.0662    176.477 0.0000e+00
    103.733    169.479    13.7444   4.551449     2.6722     0.1475  1.7313288  13.778642    13.7292    38.5719    29.0092     4.0539    175.943 0.0000e+00
    104.414    170.479    13.7466   4.551978     2.6683     0.1342  1.7319393  13.775909    13.7313    38.5744    29.0106     4.0482    175.697 0.0000e+00
    105.035    171.479    13.7497   4.552547     2.6649     0.1353  1.7328551  13.786160    13.7343    38.5764    29.0116     4.0427    175.456 0.0000e+00
    105.659    172.479    13.7512   4.552854     2.6619     0.1352  1.7329060  13.780009    13.7357    38.5775    29.0121     4.0347    175.110 0.0000e+00
    106.386    173.479    13.7526   4.553103     2.6573     0.1354  1.7332621  13.775225    13.7370    38.5781    29.0123     4.0193    174.440 0.0000e+00
    107.160    174.479    13.7542   4.553442     2.6505     0.1344  1.7338726  13.784110    13.7384    38.5794    29.0130     4.0049    173.816 0.0000e+00
    107.791    175.479    13.7582   4.554205     2.6454     0.1429  1.7350936  13.795727    13.7424    38.5824    29.0145     3.9966    173.455 0.0000e+00
    108.360    176.479    13.7621   4.554879     2.6398     0.1413  1.7362128  13.799827    13.7462    38.5846    29.0154     3.9849    172.946 0.0000e+00
    108.986    177.479    13.7647   4.555379     2.6345     0.1499  1.7369251  13.795044    13.7487    38.5864    29.0163     3.9807    172.764 0.0000e+00
    109.815    178.479    13.7659   4.555565     2.6332     0.1537  1.7384004  13.780009    13.7497    38.5867    29.0162     3.9888    173.116 0.0000e+00
    110.563    179.479    13.7658   4.555624     2.6328     0.1556  1.7407916  13.793677    13.7496    38.5869    29.0164     3.9856    172.979 0.0000e+00
    111.057    180.479    13.7661   4.555679     2.6310     0.1483  1.7431318  13.790260    13.7497    38.5870    29.0164     3.9789    172.686 0.0000e+00
    111.562    181.479    13.7681   4.556048     2.6282     0.1439  1.7446581  13.795044    13.7517    38.5882    29.0169     3.9693    172.270 0.0000e+00
    112.327    182.479    13.7731   4.556918     2.6241     0.1424  1.7459300  13.788893    13.7566    38.5911    29.0182     3.9575    171.757 0.0000e+00
    113.156    183.479    13.7763   4.557502     2.6197     0.1399  1.7471001  13.784793    13.7596    38.5931    29.0190     3.9500    171.431 0.0000e+00
    113.759    184.479    13.7768   4.557595     2.6160     0.1393  1.7482193  13.805978    13.7600    38.5932    29.0191     3.9484    171.362 0.0000e+00
    114.332    185.479    13.7777   4.557824     2.6148     0.1549  1.7489316  13.799144    13.7609    38.5941    29.0196     3.9519    171.515 0.0000e+00
    115.061    186.479    13.7809   4.558414     2.6151     0.1586  1.7494912  13.792994    13.7640    38.5962    29.0205     3.9557    171.681 0.0000e+00
    115.779    187.479    13.7823   4.558720     2.6148     0.1547  1.7505597  13.796410    13.7653    38.5974    29.0212     3.9534    171.580 0.0000e+00
    116.370    188.479    13.7832   4.558926     2.6146     0.1511  1.7516789  13.814178    13.7660    38.5982    29.0216     3.9498    171.424 0.0000e+00
    116.954    189.479    13.7846   4.559201     2.6118     0.1398  1.7526964  13.812811    13.7674    38.5991    29.0220     3.9370    170.867 0.0000e+00
    117.652    190.479    13.7885   4.559892     2.6084     0.1471  1.7535104  13.808711    13.7712    38.6014    29.0230     3.9332    170.704 0.0000e+00
    118.405    191.479    13.7917   4.560442     2.6060     0.1526  1.7545788  13.805294    13.7742    38.6031    29.0237     3.9245    170.325 0.0000e+00
    119.107    192.479    13.7938   4.560861     2.6016     0.1471  1.7558507  13.812128    13.7762    38.6046    29.0244     3.9195    170.109 0.0000e+00
    119.682    193.479    13.7947   4.561025     2.6003     0.1389  1.7564612  13.812811    13.7770    38.6051    29.0246     3.9207    170.158 0.0000e+00
    120.293    194.479    13.7949   4.561122     2.5987     0.1442  1.7570208  13.810078    13.7772    38.6054    29.0248     3.9178    170.035 0.0000e+00
    121.125    195.479    13.7942   4.561105     2.5972     0.1544  1.7583436  13.800511    13.7764    38.6056    29.0252     3.9194    170.105 0.0000e+00
    121.738    196.479    13.7931   4.561024     2.5978     0.1485  1.7598698  13.808028    13.7751    38.6057    29.0255     3.9190    170.084 0.0000e+00
    122.202    197.479    13.7940   4.561153     2.5955     0.1387  1.7608873  13.807344    13.7759    38.6058    29.0254     3.9116    169.764 0.0000e+00
    122.948    198.479    13.7948   4.561325     2.5949     0.1399  1.7614469  13.803244    13.7767    38.6063    29.0256     3.9175    170.020 0.0000e+00
    123.821    199.479    13.7953   4.561448     2.5957     0.1383  1.7619048  13.796410    13.7771    38.6065    29.0257     3.9225    170.238 0.0000e+00
    124.537    200.479    13.7953   4.561480     2.5970     0.1457  1.7620574  13.803927    13.7769    38.6066    29.0258     3.9231    170.265 0.0000e+00
    124.988    201.479    13.7957   4.561542     2.5970     0.1492  1.7624644  13.805294    13.7773    38.6065    29.0257     3.9206    170.156 0.0000e+00
    125.583    202.479    13.7957   4.561612     2.5961     0.1478  1.7627188  13.809394    13.7772    38.6069    29.0260     3.9167    169.986 0.0000e+00
    126.322    203.479    13.7960   4.561725     2.5950     0.1497  1.7625662  13.811444    13.7774    38.6073    29.0263     3.9137    169.857 0.0000e+00
    127.019    204.479    13.7955   4.561721     2.5933     0.1512  1.7631258  13.832627    13.7768    38.6075    29.0266     3.9106    169.721 0.0000e+00
    127.735    205.479    13.7948   4.561707     2.5924     0.1460  1.7630241  13.818278    13.7759    38.6078    29.0269     3.9127    169.810 0.0000e+00
