Boussole/Data/SBEMOOSE/Work/cnv/bous222_03.cnv
* Sea-Bird SBE 9 Data File:
* FileName = C:\boussole\202009\Bous222_03.hdr
* Software Version Seasave V 7.23.2
* Temperature SN = 5545
* Conductivity SN = 4097
* Number of Bytes Per Scan = 37
* Number of Voltage Words = 4
* Number of Scans Averaged by the Deck Unit = 1
* NMEA Latitude = 43 21.96 N
* NMEA Longitude = 007 53.62 E
* NMEA UTC (Time) = Sep 12 2020  13:16:43
* NMEA baud rate = 4800
** Navire
** Station:
** Date
** Heure debut [TU]
** Heure fin [TU]
** Heure locale / TU = +0
** Latitude
** Longitude
** Heure meteo [TU]
** T air sec [deg C]
** T mer [deg C]
** Vent [noeuds, degres]
# nquan = 21
# nvalues = 917                         
# units = specified
# name 0 = prDM: Pressure, Digiquartz [db]
# name 1 = timeS: Time, Elapsed [seconds]
# name 2 = t090C: Temperature [ITS-90, deg C]
# name 3 = t190C: Temperature, 2 [ITS-90, deg C]
# name 4 = c0S/m: Conductivity [S/m]
# name 5 = c1S/m: Conductivity, 2 [S/m]
# name 6 = sbeox0V: Oxygen raw, SBE 43 [V]
# name 7 = v2: Voltage 2
# name 8 = flC: Fluorescence, Chelsea Aqua 3 Chl Con [ug/l]
# name 9 = v3: Voltage 3
# name 10 = CStarTr0: Beam Transmission, WET Labs C-Star [%]
# name 11 = CStarAt0: Beam Attenuation, WET Labs C-Star [1/m]
# name 12 = sbeox0ML/L: Oxygen, SBE 43 [ml/l], WS = 2
# name 13 = sbox0Mm/Kg: Oxygen, SBE 43 [umol/kg], WS = 2
# name 14 = potemp090C: Potential Temperature [ITS-90, deg C]
# name 15 = potemp190C: Potential Temperature, 2 [ITS-90, deg C]
# name 16 = sal00: Salinity, Practical [PSU]
# name 17 = sal11: Salinity, Practical, 2 [PSU]
# name 18 = sigma-é00: Density [sigma-theta, kg/m^3]
# name 19 = sigma-é11: Density, 2 [sigma-theta, kg/m^3]
# name 20 = flag: flag
# span 0 =      2.450,    405.536       
# span 1 =      0.479,    916.167       
# span 2 =    13.5634,    23.2280       
# span 3 =    13.5657,    23.1718       
# span 4 =   4.525255,   5.561754       
# span 5 =   4.525787,   5.553977       
# span 6 =     2.2369,     3.7904       
# span 7 =     1.2522,     1.7840       
# span 8 =     0.0294,     0.8402       
# span 9 =     4.4046,     4.7536       
# span 10 =    92.5435,    99.8986      
# span 11 =     0.0040,     0.3100      
# span 12 =     3.3398,     6.0451      
# span 13 =    144.942,    262.522      
# span 14 =    13.5038,    23.2275      
# span 15 =    13.5061,    23.1713      
# span 16 =    38.2036,    38.6618      
# span 17 =    38.3245,    38.6606      
# span 18 =    26.4448,    29.0911      
# span 19 =    26.4526,    29.0900      
# span 20 = 0.0000e+00, 0.0000e+00      
# interval = seconds: 1                 
# start_time = Sep 12 2020 13:16:43 [NMEA time, header]
# bad_flag = -9.990e-29
*END*
[from data line 897]
    404.872    897.479    13.5644    13.5668   4.551206   4.551381     2.2396     1.2739     0.0637     4.7528    99.8825     0.0047     3.3621    145.908    13.5048    13.5072    38.6156    38.6148    29.0910    29.0898 0.0000e+00
    404.805    898.479    13.5640    13.5666   4.551145   4.551346     2.2396     1.2845     0.0639     4.7524    99.8750     0.0050     3.3625    145.924    13.5044    13.5070    38.6155    38.6147    29.0910    29.0898 0.0000e+00
    404.923    899.479    13.5639    13.5661   4.551134   4.551304     2.2392     1.2943     0.0687     4.7526    99.8782     0.0049     3.3610    145.861    13.5042    13.5065    38.6154    38.6147    29.0910    29.0900 0.0000e+00
    404.973    900.479    13.5636    13.5664   4.551115   4.551328     2.2392     1.2946     0.0550     4.7532    99.8900     0.0044     3.3614    145.876    13.5040    13.5068    38.6154    38.6147    29.0910    29.0899 0.0000e+00
    404.971    901.479    13.5634    13.5664   4.551072   4.551328     2.2390     1.3001     0.0512     4.7531    99.8878     0.0045     3.3617    145.891    13.5038    13.5068    38.6153    38.6147    29.0910    29.0899 0.0000e+00
    404.846    902.479    13.5635    13.5657   4.551086   4.551249     2.2393     1.2841     0.0553     4.7533    99.8921     0.0043     3.3633    145.961    13.5039    13.5061    38.6154    38.6146    29.0910    29.0899 0.0000e+00
    404.983    903.479    13.5636    13.5658   4.551114   4.551263     2.2398     1.2795     0.0564     4.7534    99.8943     0.0042     3.3651    146.035    13.5040    13.5062    38.6154    38.6146    29.0910    29.0899 0.0000e+00
    405.087    904.479    13.5637    13.5660   4.551121   4.551282     2.2401     1.2844     0.0507     4.7533    99.8921     0.0043     3.3634    145.961    13.5041    13.5063    38.6154    38.6146    29.0910    29.0899 0.0000e+00
    404.896    905.479    13.5636    13.5658   4.551113   4.551263     2.2394     1.2857     0.0484     4.7533    99.8932     0.0042     3.3606    145.841    13.5040    13.5062    38.6154    38.6147    29.0910    29.0899 0.0000e+00
    404.895    906.479    13.5638    13.5661   4.551137   4.551301     2.2392     1.2789     0.0463     4.7536    99.8986     0.0040     3.3608    145.850    13.5042    13.5065    38.6154    38.6148    29.0910    29.0900 0.0000e+00
    405.055    907.479    13.5640    13.5663   4.551176   4.551323     2.2387     1.2761     0.0500     4.7534    99.8943     0.0042     3.3582    145.738    13.5044    13.5066    38.6156    38.6147    29.0911    29.0899 0.0000e+00
    405.157    908.479    13.5641    13.5664   4.551181   4.551344     2.2379     1.2734     0.0647     4.7525    99.8771     0.0049     3.3577    145.717    13.5044    13.5067    38.6155    38.6147    29.0910    29.0899 0.0000e+00
    404.951    909.479    13.5638    13.5662   4.551131   4.551296     2.2380     1.2780     0.0664     4.7531    99.8878     0.0045     3.3604    145.834    13.5042    13.5066    38.6154    38.6146    29.0909    29.0898 0.0000e+00
    404.763    910.479    13.5638    13.5661   4.551129   4.551291     2.2385     1.2955     0.0595     4.7530    99.8857     0.0046     3.3628    145.939    13.5042    13.5065    38.6154    38.6147    29.0910    29.0899 0.0000e+00
    405.033    911.479    13.5639    13.5666   4.551155   4.551353     2.2394     1.2975     0.0516     4.7527    99.8814     0.0047     3.3632    145.956    13.5042    13.5070    38.6155    38.6146    29.0911    29.0898 0.0000e+00
    405.475    912.479    13.5638    13.5663   4.551160   4.551349     2.2389     1.2894     0.0469     4.7530    99.8857     0.0046     3.3587    145.759    13.5041    13.5066    38.6154    38.6147    29.0910    29.0899 0.0000e+00
    405.080    913.479    13.5642    13.5665   4.551183   4.551351     2.2382     1.2799     0.0506     4.7526    99.8793     0.0048     3.3561    145.647    13.5045    13.5068    38.6155    38.6147    29.0910    29.0899 0.0000e+00
    404.432    914.479    13.5641    13.5666   4.551145   4.551335 -9.990e-29     1.2743     0.0539     4.7526    99.8792     0.0048 -9.990e-29 -9.990e-29    13.5045    13.5070    38.6155    38.6148    29.0910    29.0899 0.0000e+00
    404.878    915.479    13.5641    13.5667   4.551170   4.551349 -9.990e-29     1.2787 -9.990e-29     4.7527    99.8814     0.0047 -9.990e-29 -9.990e-29    13.5045    13.5070    38.6155    38.6146    29.0910    29.0898 0.0000e+00
    405.536    916.167    13.5635    13.5661   4.551120   4.551330 -9.990e-29     1.2827 -9.990e-29     4.7528    99.8828     0.0047 -9.990e-29 -9.990e-29    13.5038    13.5064    38.6154    38.6147    29.0910    29.0900 0.0000e+00
