Boussole/Data/SBEMOOSE/Work/cnv/bous232_03.cnv
* Sea-Bird SBE 9 Data File:
* FileName = C:\boussole\202107\bous232_03.hdr
* Software Version Seasave V 7.23.2
* Temperature SN = 2473
* Conductivity SN = 2929
* Number of Bytes Per Scan = 24
* Number of Voltage Words = 4
* Number of Scans Averaged by the Deck Unit = 1
* NMEA baud rate = 4800
** Campagne = BOUSSOLE 232
** Navire = Tethys II
** Station = BOUS232_03
** Date = 12/07/2021
** Heure debut [TU] = 13:49
** Heure fin [TU] = 14:03
** Heure locale / TU = +2
** Latitude = 43 21.969 N
** Longitude = 007 53.795 E
** Heure meteo [TU] = 13:50
** T air sec [deg C] = 23.6
** T mer [deg C] = 23.23
** Vent [noeuds, degres] = 16.7, 50
** Pression atm [hpa] = 1010.8
** Humidite [%] = 85
** Nebulosite [octas] = 3
** Etat de la mer [code S] = 2-3
# nquan = 14
# nvalues = 827                         
# units = specified
# name 0 = prDM: Pressure, Digiquartz [db]
# name 1 = timeS: Time, Elapsed [seconds]
# name 2 = t090C: Temperature [ITS-90, deg C]
# name 3 = c0S/m: Conductivity [S/m]
# name 4 = sbeox0V: Oxygen raw, SBE 43 [V]
# name 5 = flC: Fluorescence, Chelsea Aqua 3 Chl Con [ug/l]
# name 6 = upoly0: Upoly 0, RINKOIII_DO
# name 7 = upoly1: Upoly 1, RINKOIII_Temp
# name 8 = potemp090C: Potential Temperature [ITS-90, deg C]
# name 9 = sal00: Salinity, Practical [PSU]
# name 10 = sigma-é00: Density [sigma-theta, kg/m^3]
# name 11 = sbeox0ML/L: Oxygen, SBE 43 [ml/l], WS = 2
# name 12 = sbox0Mm/Kg: Oxygen, SBE 43 [umol/kg], WS = 2
# name 13 = flag: flag
# span 0 =      0.136,    101.335       
# span 1 =      0.479,    826.229       
# span 2 =    13.5775,    23.2958       
# span 3 =   4.524254,   5.557733       
# span 4 =     2.8067,     4.0260       
# span 5 =     0.1454,     2.2889       
# span 6 =  1.3328754,  1.7033985       
# span 7 =  13.582421,  23.288631       
# span 8 =    13.5646,    23.2958       
# span 9 =    38.2344,    38.5287       
# span 10 =    26.3566,    28.9930      
# span 11 =     4.3443,     6.3935      
# span 12 =    188.549,    277.715      
# span 13 = 0.0000e+00, 0.0000e+00      
# interval = seconds: 1                 
# start_time = Jul 12 2021 13:48:56 [System UTC, header]
# bad_flag = -9.990e-29
*END*
[from data line 517]
     40.058    517.479    13.7350   4.532138     3.1309     2.1386  1.5960012  13.738317    13.7291    38.4264    28.8965     4.9758    215.978 0.0000e+00
     39.801    518.479    13.7371   4.532368     3.1440     2.1073  1.5962047  13.735582    13.7313    38.4267    28.8962     5.0193    217.865 0.0000e+00
     39.365    519.479    13.7487   4.533314     3.1496     2.1286  1.5952381  13.745835    13.7429    38.4242    28.8918     4.9851    216.384 0.0000e+00
     39.636    520.479    13.7442   4.532933     3.1401     2.1251  1.5927961  13.743101    13.7384    38.4249    28.8933     4.9461    214.688 0.0000e+00
     40.083    521.479    13.7362   4.532246     3.1357     2.0898  1.5929487  13.736266    13.7303    38.4263    28.8961     4.9878    216.497 0.0000e+00
     39.820    522.479    13.7384   4.532477     3.1518     2.0853  1.5945767  13.733532    13.7326    38.4264    28.8957     5.0480    219.112 0.0000e+00
     39.162    523.479    13.7507   4.533467     3.1616     2.1232  1.5936610  13.745152    13.7450    38.4237    28.8910     5.0196    217.880 0.0000e+00
     39.311    524.479    13.7494   4.533341     3.1554     2.1317  1.5910155  13.745152    13.7436    38.4238    28.8913     4.9929    216.722 0.0000e+00
     40.072    525.479    13.7418   4.532756     3.1575     2.1260  1.5912699  13.733532    13.7359    38.4255    28.8943     5.0460    219.027 0.0000e+00
     39.573    526.479    13.7463   4.533181     3.1755     2.1087  1.5936101  13.738317    13.7405    38.4253    28.8932     5.0915    221.002 0.0000e+00
     38.785    527.479    13.7589   4.534135     3.1837     2.1539  1.5910155  13.746519    13.7532    38.4220    28.8879     5.0793    220.471 0.0000e+00
     38.932    528.479    13.7554   4.533853     3.1899     2.2069  1.5883700  13.746519    13.7497    38.4228    28.8892     5.1136    221.962 0.0000e+00
     39.068    529.479    13.7582   4.534144     3.2093     2.2072  1.5879121  13.746519    13.7525    38.4228    28.8886     5.1852    225.068 0.0000e+00
     38.575    530.479    13.7604   4.534030     3.2339     2.2342  1.5873525  13.747886    13.7547    38.4197    28.8857     5.2405    227.471 0.0000e+00
     38.043    531.479    13.7645   4.534372     3.2583     2.2786  1.5818580  13.749253    13.7589    38.4190    28.8843     5.2910    229.662 0.0000e+00
     37.359    532.479    13.7823   4.536190     3.2859     2.2889  1.5780424  13.760873    13.7768    38.4187    28.8802     5.3597    232.645 0.0000e+00
     36.647    533.479    13.8056   4.538439     3.3174     2.2765  1.5739723  13.773858    13.8002    38.4170    28.8739     5.4100    234.832 0.0000e+00
     36.098    534.479    13.8318   4.541130     3.3411     2.2728  1.5661376  13.806661    13.8265    38.4165    28.8678     5.4429    236.261 0.0000e+00
     35.180    535.479    13.8465   4.542634     3.3662     2.2536  1.5571327  13.816228    13.8413    38.4164    28.8646     5.4929    238.432 0.0000e+00
     34.077    536.479    13.8609   4.543733     3.3902     2.2321  1.5511294  13.818961    13.8559    38.4129    28.8587     5.5343    240.228 0.0000e+00
     33.326    537.479    13.8680   4.544400     3.4134     2.2098  1.5470085  13.842193    13.8631    38.4125    28.8569     5.5804    242.230 0.0000e+00
     32.415    538.479    13.8824   4.545666     3.4387     2.2075  1.5400386  13.861324    13.8776    38.4105    28.8522     5.6465    245.103 0.0000e+00
     31.366    539.479    13.8987   4.546914     3.4725     2.2148  1.5347476  13.857908    13.8940    38.4065    28.8455     5.7349    248.939 0.0000e+00
     30.365    540.479    13.9342   4.550521     3.5121     2.1256  1.5296601  13.882502    13.9297    38.4055    28.8370     5.8132    252.341 0.0000e+00
     29.374    541.479    14.0068   4.557380     3.5473     1.8878  1.5219780  13.939196    14.0025    38.3981    28.8156     5.8461    253.776 0.0000e+00
     28.609    542.479    14.0836   4.565821     3.5711     1.6415  1.5123118  13.995880    14.0793    38.4015    28.8015     5.8524    254.050 0.0000e+00
     27.943    543.479    14.1397   4.571411     3.5892     1.4780  1.5010684  14.067571    14.1355    38.3984    28.7869     5.8836    255.409 0.0000e+00
     27.078    544.479    14.1646   4.574033     3.6135     1.2849  1.4949634  14.068254    14.1606    38.3987    28.7816     5.9452    258.083 0.0000e+00
     26.010    545.479    14.2224   4.579860     3.6414     1.2084  1.4924196  14.070981    14.2185    38.3963    28.7671     6.0021    260.559 0.0000e+00
     25.436    546.479    14.3333   4.591420     3.6716     1.1599  1.4838218  14.229997    14.3295    38.3947    28.7415     6.0384    262.139 0.0000e+00
     25.017    547.479    14.4444   4.601967     3.6946     1.0170  1.4706960  14.379383    14.4406    38.3833    28.7083     6.0573    262.972 0.0000e+00
     24.088    548.479    14.4733   4.605337     3.7181     0.8349  1.4640822  14.346649    14.4697    38.3865    28.7043     6.1065    265.107 0.0000e+00
     23.352    549.479    14.5685   4.615409     3.7441     0.7410  1.4612333  14.356877    14.5650    38.3865    28.6832     6.1391    266.528 0.0000e+00
     23.025    550.479    14.7085   4.630126     3.7641     0.6637  1.4523301  14.575713    14.7050    38.3852    28.6510     6.1366    266.425 0.0000e+00
     22.488    551.479    14.7680   4.635846     3.7749     0.5774  1.4433251  14.683381    14.7645    38.3798    28.6336     6.1327    266.261 0.0000e+00
     21.879    552.479    14.7631   4.635048     3.7852     0.5260  1.4414936  14.611157    14.7597    38.3775    28.6328     6.1533    267.156 0.0000e+00
     21.473    553.479    14.8175   4.640582     3.7943     0.4908  1.4365588  14.740606    14.8142    38.3753    28.6189     6.1548    267.225 0.0000e+00
     21.118    554.479    14.8358   4.642222     3.7982     0.4736  1.4321327  14.799183    14.8326    38.3726    28.6127     6.1496    267.002 0.0000e+00
     20.875    555.479    14.8602   4.644509     3.8037     0.4696  1.4285205  14.831192    14.8570    38.3699    28.6051     6.1739    268.059 0.0000e+00
     20.518    556.479    14.8870   4.647223     3.8147     0.4580  1.4271978  14.845492    14.8838    38.3688    28.5982     6.1868    268.622 0.0000e+00
     20.055    557.479    14.9271   4.651504     3.8180     0.4434  1.4274522  14.820975    14.9240    38.3691    28.5895     6.1729    268.021 0.0000e+00
     19.889    558.479    14.9845   4.657685     3.8196     0.4289  1.4244505  14.916988    14.9814    38.3698    28.5770     6.1585    267.396 0.0000e+00
     19.991    559.479    14.9778   4.656771     3.8175     0.4192  1.4220594  14.945583    14.9747    38.3679    28.5771     6.1630    267.592 0.0000e+00
     20.155    560.479    14.9615   4.654950     3.8221     0.3950  1.4205332  14.941498    14.9584    38.3671    28.5802     6.1804    268.348 0.0000e+00
     20.360    561.479    14.9317   4.651593     3.8244     0.3871  1.4206858  14.934690    14.9286    38.3653    28.5855     6.1821    268.419 0.0000e+00
     20.102    562.479    14.9565   4.654578     3.8249     0.3758  1.4204823  14.938775    14.9534    38.3685    28.5824     6.1722    267.989 0.0000e+00
     19.784    563.479    14.9962   4.658642     3.8228     0.3653  1.4208893  14.934690    14.9931    38.3672    28.5724     6.1649    267.677 0.0000e+00
     20.183    564.479    14.9910   4.657977     3.8248     0.3724  1.4200244  14.975536    14.9879    38.3660    28.5726     6.1820    268.417 0.0000e+00
     20.412    565.479    14.9419   4.652671     3.8285     0.3743  1.4200753  14.957837    14.9388    38.3651    28.5830     6.1874    268.652 0.0000e+00
     20.154    566.479    14.9659   4.655497     3.8275     0.3666  1.4198209  14.966687    14.9628    38.3677    28.5797     6.1784    268.261 0.0000e+00
     20.148    567.479    14.9764   4.656392     3.8279     0.3871  1.4197191  14.970091    14.9733    38.3657    28.5757     6.1798    268.323 0.0000e+00
     20.192    568.479    14.9596   4.654790     3.8279     0.3704  1.4196683  14.963283    14.9565    38.3675    28.5809     6.1791    268.289 0.0000e+00
     20.012    569.479    14.9881   4.657844     3.8268     0.3615  1.4191087  14.974856    14.9850    38.3676    28.5746     6.1694    267.873 0.0000e+00
     20.251    570.479    14.9700   4.655631     3.8242     0.3845  1.4194139  14.974175    14.9669    38.3649    28.5765     6.1702    267.906 0.0000e+00
     20.600    571.479    14.9194   4.650207     3.8256     0.4025  1.4200753  14.948987    14.9162    38.3644    28.5876     6.1876    268.656 0.0000e+00
     20.228    572.479    14.9465   4.653408     3.8271     0.3955  1.4198209  14.953752    14.9434    38.3675    28.5838     6.1825    268.439 0.0000e+00
     19.859    573.479    14.9948   4.658365     3.8266     0.3883  1.4190069  14.990513    14.9917    38.3660    28.5718     6.1714    267.961 0.0000e+00
     20.304    574.479    14.9684   4.655501     3.8262     0.3800  1.4192613  14.978259    14.9653    38.3653    28.5772     6.1803    268.344 0.0000e+00
     20.491    575.479    14.9350   4.651881     3.8284     0.3838  1.4195665  14.957837    14.9318    38.3646    28.5842     6.1870    268.634 0.0000e+00
     20.250    576.479    14.9620   4.654980     3.8274     0.3893  1.4197700  14.972133    14.9589    38.3668    28.5798     6.1783    268.254 0.0000e+00
     20.244    577.479    14.9775   4.656658     3.8276     0.3869  1.4193122  14.974175    14.9744    38.3670    28.5765     6.1799    268.327 0.0000e+00
     20.359    578.479    14.9570   4.654243     3.8290     0.3753  1.4194648  14.968048    14.9539    38.3648    28.5794     6.1877    268.665 0.0000e+00
     20.353    579.479    14.9535   4.653998     3.8294     0.3742  1.4196174  14.953752    14.9504    38.3660    28.5812     6.1812    268.384 0.0000e+00
     20.307    580.479    14.9721   4.656145     3.8273     0.3739  1.4194648  14.968048    14.9690    38.3676    28.5782     6.1716    267.966 0.0000e+00
     20.411    581.479    14.9602   4.654526     3.8244     0.3798  1.4197191  14.972814    14.9570    38.3643    28.5783     6.1653    267.691 0.0000e+00
     20.620    582.479    14.9238   4.650529     3.8221     0.3827  1.4200244  14.946944    14.9206    38.3631    28.5856     6.1748    268.101 0.0000e+00
     20.617    583.479    14.9224   4.650627     3.8241     0.3895  1.4206858  14.934009    14.9192    38.3653    28.5876     6.1801    268.331 0.0000e+00
     20.448    584.479    14.9536   4.654080     3.8220     0.3850  1.4199735  14.970091    14.9504    38.3667    28.5816     6.1620    267.547 0.0000e+00
     20.442    585.479    14.9583   4.654414     3.8200     0.3841  1.4194648  14.969410    14.9551    38.3651    28.5794     6.1640    267.637 0.0000e+00
     20.571    586.479    14.9328   4.651555     3.8198     0.3809  1.4195665  14.961921    14.9296    38.3637    28.5840     6.1659    267.715 0.0000e+00
     20.648    587.479    14.9230   4.650580     3.8179     0.3776  1.4200753  14.941498    14.9198    38.3643    28.5867     6.1655    267.697 0.0000e+00
     20.808    588.479    14.9122   4.649360     3.8197     0.3734  1.4208893  14.930605    14.9090    38.3636    28.5886     6.1781    268.247 0.0000e+00
     20.768    589.479    14.9102   4.649260     3.8215     0.3800  1.4216524  14.916989    14.9070    38.3646    28.5898     6.1779    268.238 0.0000e+00
     20.385    590.479    14.9582   4.654680     3.8217     0.3742  1.4201262  14.975536    14.9551    38.3677    28.5813     6.1682    267.817 0.0000e+00
     20.541    591.479    14.9550   4.654034     3.8211     0.3717  1.4193630  14.985067    14.9518    38.3648    28.5798     6.1706    267.924 0.0000e+00
     20.974    592.479    14.9153   4.649736     3.8232     0.3834  1.4198718  14.951029    14.9121    38.3639    28.5881     6.1834    268.476 0.0000e+00
     20.602    593.479    14.9355   4.652193     3.8242     0.3804  1.4202279  14.956475    14.9323    38.3669    28.5859     6.1761    268.159 0.0000e+00
     20.435    594.479    14.9562   4.654257     3.8219     0.3787  1.4195157  14.979621    14.9530    38.3657    28.5803     6.1604    267.481 0.0000e+00
     20.734    595.479    14.9287   4.651207     3.8189     0.3753  1.4199735  14.953071    14.9255    38.3644    28.5855     6.1655    267.698 0.0000e+00
     20.830    596.479    14.9107   4.649263     3.8196     0.3907  1.4208384  14.922435    14.9075    38.3642    28.5894     6.1661    267.723 0.0000e+00
     20.624    597.479    14.9210   4.650531     3.8155     0.3984  1.4208384  14.938775    14.9178    38.3658    28.5883     6.1559    267.281 0.0000e+00
     20.468    598.479    14.9478   4.653384     3.8161     0.3940  1.4201261  14.967368    14.9446    38.3659    28.5824     6.1649    267.672 0.0000e+00
     20.755    599.479    14.9256   4.650858     3.8185     0.3849  1.4203805  14.951029    14.9224    38.3643    28.5861     6.1744    268.085 0.0000e+00
     20.842    600.479    14.9080   4.649017     3.8204     0.3816  1.4209401  14.932648    14.9048    38.3646    28.5903     6.1769    268.192 0.0000e+00
     20.598    601.479    14.9257   4.650994     3.8207     0.3780  1.4209401  14.942860    14.9225    38.3655    28.5870     6.1689    267.846 0.0000e+00
     20.622    602.479    14.9277   4.651118     3.8187     0.3960  1.4205332  14.944902    14.9245    38.3646    28.5859     6.1620    267.547 0.0000e+00
     20.755    603.479    14.9163   4.649853     3.8174     0.3891  1.4208893  14.928563    14.9131    38.3641    28.5881     6.1689    267.847 0.0000e+00
     20.842    604.479    14.9070   4.648845     3.8206     0.3899  1.4220085  14.910861    14.9038    38.3639    28.5900     6.1849    268.539 0.0000e+00
     20.768    605.479    14.9161   4.649956     3.8238     0.3830  1.4219068  14.914946    14.9129    38.3653    28.5890     6.1789    268.281 0.0000e+00
     20.675    606.479    14.9250   4.650853     3.8203     0.3831  1.4215507  14.927201    14.9218    38.3649    28.5867     6.1620    267.545 0.0000e+00
     20.739    607.479    14.9207   4.650354     3.8189     0.3861  1.4212454  14.925159    14.9175    38.3645    28.5873     6.1662    267.730 0.0000e+00
     20.858    608.479    14.9081   4.648939     3.8183     0.3868  1.4217542  14.920393    14.9049    38.3637    28.5896     6.1727    268.011 0.0000e+00
     20.916    609.479    14.8987   4.648006     3.8211     0.3916  1.4218050  14.909499    14.8955    38.3643    28.5921     6.1798    268.317 0.0000e+00
     20.812    610.479    14.9067   4.648946     3.8202     0.3881  1.4218050  14.913584    14.9035    38.3651    28.5910     6.1717    267.966 0.0000e+00
     20.729    611.479    14.9228   4.650607     3.8209     0.3915  1.4216524  14.925840    14.9196    38.3648    28.5871     6.1770    268.199 0.0000e+00
     20.873    612.479    14.9059   4.648691     3.8226     0.3903  1.4219576  14.922436    14.9027    38.3636    28.5900     6.1785    268.262 0.0000e+00
     20.919    613.479    14.8966   4.647808     3.8215     0.3800  1.4217033  14.910180    14.8934    38.3645    28.5928     6.1740    268.066 0.0000e+00
     20.888    614.479    14.8998   4.648140     3.8206     0.3746  1.4219068  14.916989    14.8965    38.3645    28.5921     6.1725    268.003 0.0000e+00
     20.848    615.479    14.9054   4.648729     3.8197     0.3763  1.4221103  14.914946    14.9022    38.3644    28.5907     6.1660    267.717 0.0000e+00
     20.839    616.479    14.9094   4.649116     3.8165     0.3751  1.4218050  14.920393    14.9062    38.3641    28.5896     6.1630    267.590 0.0000e+00
     20.963    617.479    14.8953   4.647663     3.8183     0.3832  1.4223138  14.916989    14.8921    38.3644    28.5930     6.1754    268.125 0.0000e+00
     20.938    618.479    14.8927   4.647512     3.8185     0.3871  1.4221103  14.909499    14.8895    38.3656    28.5945     6.1710    267.936 0.0000e+00
