Boussole/Data/SBEMOOSE/Work/cnv/bous234_03.cnv
* Sea-Bird SBE 9 Data File:
* FileName = C:\boussole\202109\bous234_03.hdr
* Software Version Seasave V 7.23.2
* Temperature SN = 1378
* Conductivity SN = 2929
* Number of Bytes Per Scan = 34
* Number of Voltage Words = 3
* Number of Scans Averaged by the Deck Unit = 1
* NMEA Latitude = 43 22.09 N
* NMEA Longitude = 007 54.02 E
* NMEA UTC (Time) = Sep 14 2021  09:06:31
* NMEA baud rate = 4800
** Campagne = BOUSSOLE 234
** Navire = Tethys II
** Station = BOUS234_03
** Date = 14/09/2021
** Heure debut [TU] = 09:06
** Heure fin [TU] = 10:30
** Heure locale / TU = +2
** Latitude = 43 22.097 N
** Longitude = 007 54.030 E
** Heure meteo [TU] = 09:04
** T air sec [deg C] = 23.7
** T mer [deg C] =
** Vent [noeuds, degres] = 3.3, 222
** Pression atm [hpa] = 1017.9
** Humidite [%] = 87.5
** Nebulosite [octas] = 7
** Etat de la mer [code S] = 2
# nquan = 14
# nvalues = 5043                        
# units = specified
# name 0 = prDM: Pressure, Digiquartz [db]
# name 1 = timeS: Time, Elapsed [seconds]
# name 2 = t090C: Temperature [ITS-90, deg C]
# name 3 = c0S/m: Conductivity [S/m]
# name 4 = sbeox0V: Oxygen raw, SBE 43 [V]
# name 5 = flC: Fluorescence, Chelsea Aqua 3 Chl Con [ug/l]
# name 6 = upoly0: Upoly 0, RINKOIII_DO
# name 7 = upoly1: Upoly 1, RINKOIII_Temp
# name 8 = potemp090C: Potential Temperature [ITS-90, deg C]
# name 9 = sal00: Salinity, Practical [PSU]
# name 10 = sigma-é00: Density [sigma-theta, kg/m^3]
# name 11 = sbeox0ML/L: Oxygen, SBE 43 [ml/l], WS = 2
# name 12 = sbox0Mm/Kg: Oxygen, SBE 43 [umol/kg], WS = 2
# name 13 = flag: flag
# span 0 =      0.238,    404.206       
# span 1 =      0.479,   5042.250       
# span 2 =    13.6102,    23.7858       
# span 3 =   0.760677,   5.633536       
# span 4 =     2.4229,     4.1219       
# span 5 =     0.1386,     0.9503       
# span 6 =  1.2691291,  1.8155270       
# span 7 =  13.597468,  23.777758       
# span 8 =    13.5507,    23.7855       
# span 9 =     4.3087,    38.6595       
# span 10 =     0.6039,    29.0886      
# span 11 =     3.4779,     6.3624      
# span 12 =    151.340,    276.484      
# span 13 = 0.0000e+00, 0.0000e+00      
# interval = seconds: 1                 
# start_time = Sep 14 2021 09:06:31 [NMEA time, header]
# bad_flag = -9.990e-29
*END*
[from data line 4026]
     20.265   4026.479    17.0989   4.886580     4.0299     0.2978  1.3330281  17.128604    17.0955    38.3882    28.0943     6.3084    274.033 0.0000e+00
     20.526   4027.479    17.0332   4.879446     4.0338     0.3081  1.3342491  17.081774    17.0298    38.3878    28.1100     6.3223    274.634 0.0000e+00
     20.675   4028.479    17.0051   4.876355     4.0351     0.3061  1.3349613  17.066164    17.0016    38.3873    28.1164     6.3273    274.850 0.0000e+00
     20.431   4029.479    17.0459   4.881131     4.0369     0.3050  1.3345034  17.077023    17.0425    38.3906    28.1091     6.3244    274.724 0.0000e+00
     20.280   4030.479    17.0902   4.885613     4.0384     0.2944  1.3343508  17.077702    17.0868    38.3881    28.0963     6.3242    274.718 0.0000e+00
     20.481   4031.479    17.0394   4.880142     4.0400     0.3220  1.3346561  17.062092    17.0360    38.3881    28.1087     6.3146    274.300 0.0000e+00
     20.563   4032.479    17.0154   4.877608     4.0307     0.3186  1.3339947  17.075666    17.0119    38.3885    28.1149     6.3031    273.799 0.0000e+00
     20.427   4033.479    17.0463   4.880914     4.0321     0.3053  1.3336385  17.090597    17.0429    38.3884    28.1072     6.3128    274.221 0.0000e+00
     20.366   4034.479    17.0767   4.884158     4.0313     0.3069  1.3340964  17.094669    17.0733    38.3880    28.0996     6.3118    274.181 0.0000e+00
     20.453   4035.479    17.0486   4.881250     4.0367     0.3118  1.3338929  17.082453    17.0451    38.3891    28.1073     6.3301    274.976 0.0000e+00
     20.537   4036.479    17.0353   4.879714     4.0369     0.2947  1.3342999  17.077023    17.0318    38.3882    28.1098     6.3140    274.272 0.0000e+00
     20.526   4037.479    17.0406   4.880264     4.0332     0.2939  1.3346561  17.070915    17.0371    38.3880    28.1084     6.3080    274.015 0.0000e+00
     20.413   4038.479    17.0641   4.882960     4.0298     0.3008  1.3348087  17.064128    17.0607    38.3894    28.1037     6.2963    273.505 0.0000e+00
     20.361   4039.479    17.0781   4.884308     4.0288     0.3029  1.3338929  17.083810    17.0747    38.3880    28.0992     6.3078    274.008 0.0000e+00
     20.464   4040.479    17.0582   4.882258     4.0324     0.2986  1.3341982  17.081095    17.0547    38.3888    28.1047     6.3120    274.188 0.0000e+00
     20.508   4041.479    17.0397   4.880244     4.0301     0.2969  1.3344017  17.067521    17.0362    38.3887    28.1091     6.3072    273.979 0.0000e+00
     20.487   4042.479    17.0365   4.879925     4.0324     0.3027  1.3340964  17.071594    17.0330    38.3889    28.1101     6.3221    274.626 0.0000e+00
     20.510   4043.479    17.0495   4.881264     4.0353     0.2972  1.3341982  17.077702    17.0460    38.3883    28.1064     6.3214    274.597 0.0000e+00
     20.419   4044.479    17.0691   4.883444     4.0356     0.3097  1.3339438  17.072272    17.0657    38.3889    28.1021     6.3119    274.183 0.0000e+00
     20.379   4045.479    17.0865   4.885296     4.0326     0.3103  1.3338420  17.082453    17.0831    38.3887    28.0977     6.3009    273.709 0.0000e+00
     20.487   4046.479    17.0705   4.883606     4.0309     0.3029  1.3340964  17.077702    17.0671    38.3889    28.1018     6.3048    273.875 0.0000e+00
     20.525   4047.479    17.0472   4.881250     4.0317     0.3073  1.3342491  17.076345    17.0437    38.3904    28.1086     6.3195    274.510 0.0000e+00
     20.515   4048.479    17.0452   4.880903     4.0357     0.3251  1.3346561  17.073630    17.0417    38.3892    28.1082     6.3184    274.467 0.0000e+00
     20.416   4049.479    17.0645   4.883026     4.0324     0.3134  1.3341473  17.076345    17.0611    38.3896    28.1038     6.3013    273.722 0.0000e+00
     20.371   4050.479    17.0878   4.885471     4.0286     0.3051  1.3330789  17.113673    17.0844    38.3890    28.0975     6.2895    273.213 0.0000e+00
     20.531   4051.479    17.0573   4.881883     4.0255     0.3231  1.3342491  17.072272    17.0538    38.3864    28.1030     6.2983    273.593 0.0000e+00
     20.613   4052.479    17.0422   4.880521     4.0284     0.3229  1.3347069  17.064807    17.0387    38.3887    28.1085     6.3092    274.065 0.0000e+00
     20.403   4053.479    17.0698   4.883718     4.0267     0.3263  1.3338929  17.094669    17.0663    38.3907    28.1033     6.2911    273.280 0.0000e+00
     20.191   4054.479    17.1389   4.890909     4.0245     0.3295  1.3333333  17.112994    17.1355    38.3883    28.0846     6.2884    273.167 0.0000e+00
     20.472   4055.479    17.0887   4.885383     4.0285     0.3270  1.3341473  17.086525    17.0853    38.3873    28.0961     6.3138    274.268 0.0000e+00
     20.821   4056.479    17.0135   4.877366     4.0342     0.3311  1.3341982  17.081095    17.0100    38.3881    28.1151     6.3254    274.765 0.0000e+00
     20.520   4057.479    17.0472   4.881158     4.0311     0.3400  1.3335368  17.107564    17.0437    38.3896    28.1080     6.2994    273.638 0.0000e+00
     20.121   4058.479    17.1635   4.893759     4.0299     0.3228  1.3311457  17.218191    17.1601    38.3900    28.0798     6.3033    273.818 0.0000e+00
     20.318   4059.479    17.1005   4.886782     4.0367     0.3089  1.3336894  17.134712    17.0971    38.3885    28.0941     6.3239    274.706 0.0000e+00
     20.683   4060.479    17.0219   4.878158     4.0376     0.2989  1.3341982  17.105528    17.0184    38.3871    28.1123     6.3215    274.599 0.0000e+00
     20.608   4061.479    17.0369   4.879935     4.0338     0.3133  1.3346052  17.089240    17.0334    38.3886    28.1097     6.3074    273.987 0.0000e+00
     20.361   4062.479    17.0679   4.883412     4.0321     0.3121  1.3338929  17.100777    17.0645    38.3898    28.1031     6.3067    273.959 0.0000e+00
     20.323   4063.479    17.1011   4.886851     4.0313     0.3041  1.3333333  17.122496    17.0977    38.3885    28.0940     6.3022    273.765 0.0000e+00
     20.510   4064.479    17.0668   4.883165     4.0316     0.3033  1.3340456  17.090597    17.0633    38.3887    28.1025     6.3136    274.256 0.0000e+00
     20.573   4065.479    17.0533   4.881632     4.0353     0.3071  1.3339947  17.102134    17.0498    38.3880    28.1052     6.3246    274.736 0.0000e+00
     20.485   4066.479    17.0527   4.881613     4.0358     0.3011  1.3339438  17.088561    17.0492    38.3884    28.1057     6.3145    274.296 0.0000e+00
     20.406   4067.479    17.0758   4.884105     4.0349     0.3010  1.3336385  17.093990    17.0724    38.3884    28.1000     6.3122    274.197 0.0000e+00
     20.404   4068.479    17.0841   4.884907     4.0334     0.3027  1.3335877  17.098062    17.0807    38.3876    28.0974     6.3061    273.935 0.0000e+00
     20.483   4069.479    17.0545   4.881900     4.0331     0.3176  1.3333333  17.094669    17.0510    38.3892    28.1059     6.3158    274.355 0.0000e+00
     20.534   4070.479    17.0576   4.882141     4.0364     0.3247  1.3339947  17.099420    17.0541    38.3884    28.1045     6.3293    274.938 0.0000e+00
     20.502   4071.479    17.0628   4.882742     4.0399     0.3244  1.3337403  17.104849    17.0593    38.3887    28.1035     6.3191    274.496 0.0000e+00
     20.439   4072.479    17.0793   4.884505     4.0326     0.3067  1.3338929  17.104849    17.0758    38.3886    28.0993     6.2961    273.497 0.0000e+00
     20.375   4073.479    17.1085   4.887642     4.0324     0.3070  1.3334859  17.110958    17.1051    38.3884    28.0921     6.3152    274.330 0.0000e+00
     20.438   4074.479    17.0912   4.885726     4.0391     0.3223  1.3333333  17.120460    17.0878    38.3879    28.0960     6.3321    275.066 0.0000e+00
     20.624   4075.479    17.0410   4.880388     4.0419     0.3232  1.3340964  17.104849    17.0375    38.3887    28.1088     6.3275    274.862 0.0000e+00
     20.487   4076.479    17.0690   4.883481     4.0359     0.3339  1.3338421  17.110958    17.0656    38.3893    28.1024     6.2992    273.632 0.0000e+00
     20.274   4077.479    17.1349   4.890744     4.0313     0.3222  1.3330281  17.123174    17.1315    38.3906    28.0874     6.2977    273.573 0.0000e+00
     20.464   4078.479    17.0868   4.885313     4.0335     0.3149  1.3339947  17.096705    17.0833    38.3886    28.0975     6.3143    274.290 0.0000e+00
     20.592   4079.479    17.0405   4.880543     4.0351     0.3198  1.3338421  17.101456    17.0370    38.3905    28.1103     6.3236    274.691 0.0000e+00
     20.487   4080.479    17.0494   4.881442     4.0372     0.3397  1.3333333  17.123853    17.0459    38.3900    28.1077     6.3181    274.451 0.0000e+00
     20.440   4081.479    17.0877   4.885516     4.0336     0.3287  1.3334350  17.121138    17.0842    38.3894    28.0980     6.3039    273.838 0.0000e+00
     20.399   4082.479    17.1000   4.886792     4.0325     0.3189  1.3330280  17.134033    17.0966    38.3890    28.0946     6.3019    273.750 0.0000e+00
     20.355   4083.479    17.1181   4.888746     4.0315     0.3205  1.3331807  17.139463    17.1147    38.3890    28.0902     6.3117    274.177 0.0000e+00
     20.399   4084.479    17.0985   4.886836     4.0405     0.3210  1.3336894  17.115709    17.0951    38.3908    28.0964     6.3488    275.791 0.0000e+00
     20.329   4085.479    17.1129   4.888449     4.0506     0.3221  1.3336385  17.121817    17.1095    38.3913    28.0932     6.3502    275.852 0.0000e+00
     19.969   4086.479    17.2758   4.906664     4.0508     0.3104  1.3316036  17.199188    17.2724    38.3968    28.0575     6.3198    274.541 0.0000e+00
     19.648   4087.479    17.4262   4.921599     4.0535     0.3146  1.3289580  17.318637    17.4228    38.3851    28.0115     6.3152    274.354 0.0000e+00
     19.561   4088.479    17.4692   4.925886     4.0575     0.3003  1.3277879  17.378361    17.4659    38.3818    27.9983     6.3054    273.929 0.0000e+00
     19.285   4089.479    17.5330   4.934478     4.0513     0.3103  1.3272283  17.413653    17.5297    38.3967    27.9939     6.2697    272.382 0.0000e+00
     18.796   4090.479    17.7294   4.955594     4.0465     0.3232  1.3266178  17.474736    17.7262    38.3953    27.9439     6.2535    271.691 0.0000e+00
     18.354   4091.479    17.8441   4.967835     4.0495     0.3013  1.3237688  17.622019    17.8409    38.3936    27.9139     6.2542    271.729 0.0000e+00
     17.946   4092.479    17.8781   4.971498     4.0525     0.2937  1.3236162  17.726545    17.8750    38.3935    27.9053     6.2497    271.535 0.0000e+00
     17.436   4093.479    17.9135   4.975545     4.0522     0.3037  1.3250916  17.672924    17.9105    38.3955    27.8978     6.2469    271.414 0.0000e+00
     16.971   4094.479    18.0926   4.995224     4.0553     0.3186  1.3222426  17.840582    18.0897    38.3974    27.8541     6.2198    270.249 0.0000e+00
     16.478   4095.479    18.2299   5.010363     4.0447     0.3095  1.3197497  17.936299    18.2270    38.3993    27.8209     6.1524    267.328 0.0000e+00
     15.781   4096.479    18.4732   5.037100     4.0356     0.3084  1.3197497  18.058500    18.4704    38.4016    27.7605     6.2384    271.082 0.0000e+00
     15.183   4097.479    18.6091   5.049602     4.1219     0.3075  1.3241758  17.940371    18.6064    38.3819    27.7104     6.3624    276.484 0.0000e+00
     14.833   4098.479    18.3816   5.028483     4.0537     0.3221  1.3241758  18.111469    18.3790    38.4136    27.7930     5.7732    250.860 0.0000e+00
     14.226   4099.479    20.4614   5.268654     3.8197     0.3328  1.3173585  18.438109    20.4587    38.5101    27.3141     5.1438    223.611 0.0000e+00
     13.464   4100.479    22.8889   5.534582     3.6805     0.3223  1.2836793  20.133716    22.8861    38.4767    26.6063     4.8817    212.367 0.0000e+00
     12.966   4101.479    22.9380   5.536612     3.6144     0.3183  1.2691291  21.907837    22.9353    38.4496    26.5714     5.0337    218.987 0.0000e+00
     12.724   4102.479    22.5623   5.493167     3.7377     0.3316  1.3160867  20.900223    22.5597    38.4388    26.6725     5.2797    229.665 0.0000e+00
     12.522   4103.479    20.6269   5.280015     3.6928     0.3345  1.3218864  20.541116    20.6245    38.4563    27.2292     5.2176    226.840 0.0000e+00
     12.200   4104.479    21.9723   5.432976     3.6788     0.3137  1.3421347  20.577970    21.9698    38.4842    26.8761     5.1811    225.334 0.0000e+00
     11.928   4105.479    21.8893   5.404207     3.7163     0.2942  1.3558710  20.793238    21.8869    38.3279    26.7807     5.2952    230.314 0.0000e+00
     11.759   4106.479    21.4399   5.350135     3.7409     0.3153  1.3388787  21.640765    21.4376    38.2952    26.8828     5.3211    231.420 0.0000e+00
     11.600   4107.479    21.4877   5.369087     3.7226     0.3253  1.3360297  22.021963    21.4854    38.4047    26.9530     5.1696    224.814 0.0000e+00
     11.430   4108.479    22.3850   5.465147     3.6347     0.3112  1.3538869  21.995921    22.3827    38.3748    26.6739     4.8871    212.587 0.0000e+00
     11.203   4109.479    23.2286   5.567136     3.5639     0.3140  1.3605515  21.974556    23.2263    38.4336    26.4730     4.7583    207.026 0.0000e+00
     11.019   4110.479    23.6466   5.617158     3.5280     0.3202  1.3492572  22.624442    23.6443    38.4579    26.3684     4.7111    204.993 0.0000e+00
     10.815   4111.479    23.6498   5.619614     3.5118     0.3189  1.3441188  22.864648    23.6475    38.4742    26.3799     4.7060    204.770 0.0000e+00
     10.579   4112.479    23.6505   5.619556     3.5029     0.2980  1.3529202  23.009789    23.6483    38.4732    26.3789     4.7003    204.521 0.0000e+00
     10.619   4113.479    23.6527   5.619409     3.4986     0.2991  1.3629935  23.070658    23.6505    38.4701    26.3759     4.6916    204.141 0.0000e+00
     10.641   4114.479    23.6259   5.616678     3.4872     0.3030  1.3698108  23.074773    23.6237    38.4724    26.3856     4.6747    203.407 0.0000e+00
     10.509   4115.479    23.6602   5.619545     3.4857     0.2948  1.3742369  23.061632    23.6580    38.4647    26.3696     4.6879    203.981 0.0000e+00
     10.529   4116.479    23.6425   5.617839     3.4926     0.2990  1.3794261  23.213165    23.6403    38.4669    26.3765     4.7058    204.760 0.0000e+00
     10.693   4117.479    23.6188   5.613946     3.4972     0.3020  1.3825295  23.087903    23.6165    38.4574    26.3763     4.7073    204.826 0.0000e+00
     10.668   4118.479    23.6284   5.615427     3.4965     0.2869  1.3850224  23.201392    23.6262    38.4604    26.3757     4.7042    204.691 0.0000e+00
     10.480   4119.479    23.6668   5.619888     3.4981     0.2785  1.3836488  23.256105    23.6646    38.4616    26.3652     4.7015    204.575 0.0000e+00
     10.500   4120.479    23.6550   5.618358     3.4964     0.2799  1.3847172  23.270654    23.6528    38.4600    26.3675     4.7000    204.508 0.0000e+00
     10.667   4121.479    23.6598   5.618944     3.4971     0.2757  1.3864978  23.121103    23.6576    38.4603    26.3663     4.7033    204.654 0.0000e+00
     10.681   4122.479    23.6453   5.616646     3.4982     0.2764  1.3857347  23.211077    23.6430    38.4552    26.3667     4.7018    204.590 0.0000e+00
     10.585   4123.479    23.6652   5.619215     3.4930     0.2726  1.3852259  23.150200    23.6630    38.4578    26.3628     4.6834    203.787 0.0000e+00
     10.497   4124.479    23.6690   5.619790     3.4888     0.2691  1.3860908  23.279628    23.6668    38.4590    26.3625     4.6913    204.134 0.0000e+00
     10.565   4125.479    23.6585   5.618514     3.4960     0.2772  1.3877188  23.279629    23.6563    38.4582    26.3651     4.7074    204.834 0.0000e+00
     10.684   4126.479    23.6628   5.619163     3.4980     0.2864  1.3876170  23.277549    23.6605    38.4594    26.3648     4.7017    204.584 0.0000e+00
     10.603   4127.479    23.6675   5.619617     3.4941     0.2792  1.3878205  23.236695    23.6653    38.4589    26.3629     4.6870    203.944 0.0000e+00
     10.513   4128.479    23.6694   5.619775     3.4894     0.2835  1.3883293  23.327441    23.6672    38.4585    26.3621     4.6896    204.059 0.0000e+00
