Boussole/Data/SBEMOOSE/Work/cnv/bous227_02.cnv
* Sea-Bird SBE 9 Data File:
* FileName = C:\boussole\202102\bous227_02.hdr
* Software Version Seasave V 7.23.2
* Temperature SN = 2473
* Conductivity SN = 2929
* Number of Bytes Per Scan = 37
* Number of Voltage Words = 4
* Number of Scans Averaged by the Deck Unit = 1
* NMEA Latitude = 43 22.07 N
* NMEA Longitude = 007 54.06 E
* NMEA UTC (Time) = Feb 18 2021  09:46:25
* NMEA baud rate = 4800
** Campagne = BOUSSOLE 227
** Navire = Tethys II
** Station = BOUS227_02
** Date = 18/02/2021
** Heure debut [TU] = 09:47
** Heure fin [TU] = 11:21
** Heure locale / TU = +0
** Latitude = 43 22.085 N
** Longitude = 007 54.062 E
** Heure meteo [TU] = 09:48
** T air sec [deg C] = 13.3
** T mer [deg C] = 13.512
** Vent [noeuds, degres] = 13, 210
** Pression atm [hpa] = 1022.8
** Humidite [%] = 78
** Nebulosite [octas] = 6
** Etat de la mer [code S] = 3
# nquan = 14
# nvalues = 5706                        
# units = specified
# name 0 = prDM: Pressure, Digiquartz [db]
# name 1 = timeS: Time, Elapsed [seconds]
# name 2 = t090C: Temperature [ITS-90, deg C]
# name 3 = c0S/m: Conductivity [S/m]
# name 4 = sbeox0V: Oxygen raw, SBE 43 [V]
# name 5 = flC: Fluorescence, Chelsea Aqua 3 Chl Con [ug/l]
# name 6 = upoly0: Upoly 0, RINKOIII_DO
# name 7 = upoly1: Upoly 1, RINKOIII_Temp
# name 8 = potemp090C: Potential Temperature [ITS-90, deg C]
# name 9 = sal00: Salinity, Practical [PSU]
# name 10 = sigma-é00: Density [sigma-theta, kg/m^3]
# name 11 = sbeox0ML/L: Oxygen, SBE 43 [ml/l], WS = 2
# name 12 = sbox0Mm/Kg: Oxygen, SBE 43 [umol/kg], WS = 2
# name 13 = flag: flag
# span 0 =      0.137,    405.342       
# span 1 =      0.479,   5705.333       
# span 2 =    13.2795,    13.8354       
# span 3 =   0.785266,   4.573900       
# span 4 =     2.2035,     3.0029       
# span 5 =    -0.0832,     1.3509       
# span 6 =  1.5509259,  1.8422873       
# span 7 =  13.108604,  13.812811       
# span 8 =    13.2795,    13.7991       
# span 9 =     5.7435,    38.6389       
# span 10 =     3.7854,    29.0831      
# span 11 =     3.2708,     5.5584      
# span 12 =    141.945,    247.301      
# span 13 = 0.0000e+00, 0.0000e+00      
# interval = seconds: 1                 
# start_time = Feb 18 2021 09:46:25 [NMEA time, header]
# bad_flag = -9.990e-29
*END*
[from data line 1033]
    310.418   1033.479    13.7579   4.569657     2.2387     0.1922  1.8341473  13.728063    13.7119    38.6382    29.0643     3.3098    143.641 0.0000e+00
    309.830   1034.479    13.7578   4.569638     2.2392     0.1958  1.8342999  13.728063    13.7119    38.6384    29.0644     3.3109    143.689 0.0000e+00
    309.071   1035.479    13.7596   4.569812     2.2407     0.1857  1.8342491  13.729430    13.7138    38.6385    29.0641     3.3138    143.816 0.0000e+00
    308.494   1036.479    13.7605   4.569891     2.2411     0.1743  1.8340455  13.729430    13.7149    38.6386    29.0639     3.3102    143.658 0.0000e+00
    308.052   1037.479    13.7625   4.570086     2.2403     0.1739  1.8341473  13.730114    13.7169    38.6387    29.0636     3.3065    143.498 0.0000e+00
    307.707   1038.479    13.7634   4.570156     2.2395     0.1772  1.8341982  13.729430    13.7178    38.6386    29.0633     3.3082    143.573 0.0000e+00
    307.263   1039.479    13.7638   4.570194     2.2407     0.1805  1.8341473  13.730114    13.7183    38.6387    29.0633     3.3131    143.784 0.0000e+00
    306.433   1040.479    13.7644   4.570214     2.2416     0.1818  1.8339947  13.731481    13.7190    38.6387    29.0631     3.3153    143.880 0.0000e+00
    305.734   1041.479    13.7651   4.570264     2.2432     0.1870  1.8340456  13.733532    13.7198    38.6388    29.0631     3.3171    143.957 0.0000e+00
    305.507   1042.479    13.7641   4.570130     2.2433     0.1938  1.8339947  13.734899    13.7188    38.6386    29.0631     3.3145    143.844 0.0000e+00
    305.103   1043.479    13.7672   4.570443     2.2433     0.1852  1.8337912  13.737633    13.7220    38.6387    29.0625     3.3132    143.788 0.0000e+00
    304.515   1044.479    13.7690   4.570628     2.2429     0.1806  1.8337912  13.736949    13.7239    38.6389    29.0622     3.3115    143.714 0.0000e+00
    303.725   1045.479    13.7693   4.570601     2.2425     0.1763  1.8338929  13.742418    13.7243    38.6387    29.0620     3.3105    143.672 0.0000e+00
    303.197   1046.479    13.7686   4.570512     2.2424     0.1738  1.8337912  13.740367    13.7237    38.6388    29.0622     3.3108    143.686 0.0000e+00
    303.060   1047.479    13.7673   4.570368     2.2424     0.1623  1.8333842  13.743101    13.7224    38.6388    29.0624     3.3130    143.778 0.0000e+00
    302.523   1048.479    13.7690   4.570530     2.2434     0.1611  1.8333333  13.745835    13.7242    38.6388    29.0621     3.3149    143.864 0.0000e+00
    301.487   1049.479    13.7691   4.570476     2.2435     0.1681  1.8333333  13.744468    13.7244    38.6387    29.0619     3.3134    143.799 0.0000e+00
    300.889   1050.479    13.7684   4.570373     2.2441     0.1717  1.8333842  13.745152    13.7238    38.6386    29.0620     3.3149    143.861 0.0000e+00
    300.830   1051.479    13.7665   4.570171     2.2438     0.1684  1.8329772  13.747203    13.7219    38.6387    29.0625     3.3106    143.678 0.0000e+00
    300.360   1052.479    13.7675   4.570272     2.2428     0.1602  1.8333842  13.746519    13.7230    38.6388    29.0624     3.3095    143.628 0.0000e+00
    299.420   1053.479    13.7692   4.570384     2.2426     0.1614  1.8330789  13.746519    13.7249    38.6386    29.0618     3.3099    143.644 0.0000e+00
    298.668   1054.479    13.7691   4.570349     2.2430     0.1796  1.8329772  13.746519    13.7248    38.6387    29.0619     3.3116    143.721 0.0000e+00
    298.618   1055.479    13.7673   4.570159     2.2433     0.1831  1.8329263  13.746519    13.7231    38.6387    29.0623     3.3118    143.729 0.0000e+00
    298.375   1056.479    13.7680   4.570236     2.2433     0.1783  1.8329263  13.746519    13.7238    38.6389    29.0622     3.3118    143.730 0.0000e+00
    297.315   1057.479    13.7703   4.570410     2.2438     0.1626  1.8328754  13.747886    13.7262    38.6387    29.0616     3.3133    143.793 0.0000e+00
    296.305   1058.479    13.7711   4.570439     2.2444     0.1641  1.8326719  13.746519    13.7272    38.6386    29.0613     3.3157    143.896 0.0000e+00
    296.114   1059.479    13.7687   4.570166     2.2456     0.1709  1.8328245  13.747202    13.7248    38.6386    29.0618     3.3178    143.989 0.0000e+00
    296.207   1060.479    13.7681   4.570121     2.2461     0.1867  1.8324684  13.746519    13.7242    38.6387    29.0620     3.3182    144.007 0.0000e+00
    295.428   1061.479    13.7708   4.570378     2.2469     0.1872  1.8327228  13.747202    13.7271    38.6387    29.0614     3.3199    144.080 0.0000e+00
    294.569   1062.479    13.7713   4.570375     2.2476     0.1911  1.8326210  13.748570    13.7276    38.6386    29.0612     3.3185    144.020 0.0000e+00
    293.957   1063.479    13.7713   4.570349     2.2470     0.1837  1.8322649  13.749253    13.7278    38.6386    29.0612     3.3144    143.842 0.0000e+00
    293.453   1064.479    13.7716   4.570368     2.2466     0.1781  1.8324684  13.751303    13.7281    38.6387    29.0612     3.3165    143.934 0.0000e+00
    293.231   1065.479    13.7720   4.570397     2.2469     0.1731  1.8324175  13.749253    13.7286    38.6387    29.0611     3.3161    143.915 0.0000e+00
    292.845   1066.479    13.7723   4.570402     2.2467     0.1701  1.8324684  13.749937    13.7289    38.6386    29.0609     3.3143    143.837 0.0000e+00
    292.214   1067.479    13.7736   4.570504     2.2465     0.1797  1.8320105  13.750620    13.7303    38.6386    29.0606     3.3179    143.992 0.0000e+00
    291.388   1068.479    13.7770   4.570829     2.2481     0.1728  1.8321123  13.749253    13.7339    38.6385    29.0598     3.3219    144.167 0.0000e+00
    290.707   1069.479    13.7791   4.571015     2.2489     0.1778  1.8319597  13.753354    13.7360    38.6386    29.0594     3.3211    144.131 0.0000e+00
    290.523   1070.479    13.7768   4.570751     2.2493     0.1857  1.8325193  13.751303    13.7338    38.6384    29.0598     3.3204    144.100 0.0000e+00
    290.129   1071.479    13.7794   4.571030     2.2493     0.1880  1.8321632  13.751987    13.7364    38.6387    29.0594     3.3209    144.124 0.0000e+00
    289.396   1072.479    13.7817   4.571235     2.2501     0.1762  1.8315018  13.754721    13.7388    38.6386    29.0588     3.3236    144.239 0.0000e+00
    288.942   1073.479    13.7818   4.571225     2.2509     0.1699  1.8313492  13.756088    13.7390    38.6386    29.0588     3.3246    144.285 0.0000e+00
    288.465   1074.479    13.7819   4.571192     2.2517     0.1735  1.8316544  13.758822    13.7392    38.6384    29.0585     3.3259    144.339 0.0000e+00
    287.608   1075.479    13.7817   4.571144     2.2517     0.1838  1.8318579  13.758138    13.7391    38.6385    29.0587     3.3234    144.230 0.0000e+00
    287.031   1076.479    13.7816   4.571092     2.2518     0.1746  1.8311966  13.759506    13.7391    38.6384    29.0586     3.3221    144.173 0.0000e+00
    286.960   1077.479    13.7798   4.570904     2.2506     0.1676  1.8311965  13.761556    13.7372    38.6385    29.0591     3.3170    143.953 0.0000e+00
    286.370   1078.479    13.7813   4.571032     2.2497     0.1651  1.8311965  13.762923    13.7388    38.6385    29.0587     3.3162    143.921 0.0000e+00
    285.561   1079.479    13.7815   4.571003     2.2494     0.1756  1.8308913  13.760189    13.7392    38.6383    29.0585     3.3183    144.009 0.0000e+00
    285.028   1080.479    13.7818   4.571009     2.2497     0.1776  1.8309930  13.762923    13.7395    38.6384    29.0585     3.3199    144.079 0.0000e+00
    284.487   1081.479    13.7825   4.571053     2.2506     0.1811  1.8308913  13.762240    13.7404    38.6382    29.0582     3.3235    144.235 0.0000e+00
    284.096   1082.479    13.7840   4.571159     2.2519     0.1801  1.8307895  13.762239    13.7419    38.6379    29.0576     3.3250    144.304 0.0000e+00
    283.569   1083.479    13.7847   4.571188     2.2520     0.1879  1.8308404  13.761556    13.7426    38.6378    29.0573     3.3230    144.215 0.0000e+00
    282.873   1084.479    13.7849   4.571155     2.2527     0.1759  1.8307895  13.762240    13.7429    38.6376    29.0571     3.3232    144.225 0.0000e+00
    282.440   1085.479    13.7852   4.571161     2.2518     0.1720  1.8304843  13.762240    13.7434    38.6374    29.0569     3.3203    144.095 0.0000e+00
    281.942   1086.479    13.7855   4.571154     2.2522     0.1741  1.8306878  13.762923    13.7437    38.6373    29.0568     3.3244    144.276 0.0000e+00
    281.301   1087.479    13.7858   4.571155     2.2531     0.1821  1.8302808  13.762923    13.7441    38.6373    29.0567     3.3251    144.305 0.0000e+00
    280.647   1088.479    13.7860   4.571134     2.2535     0.1757  1.8300773  13.761556    13.7444    38.6373    29.0566     3.3272    144.398 0.0000e+00
    280.105   1089.479    13.7862   4.571135     2.2549     0.1741  1.8302808  13.764290    13.7447    38.6373    29.0565     3.3298    144.510 0.0000e+00
    279.703   1090.479    13.7868   4.571191     2.2553     0.1624  1.8298738  13.763606    13.7454    38.6373    29.0564     3.3264    144.363 0.0000e+00
    279.395   1091.479    13.7873   4.571202     2.2544     0.1753  1.8300264  13.763606    13.7459    38.6371    29.0561     3.3249    144.297 0.0000e+00
    278.606   1092.479    13.7874   4.571167     2.2551     0.1855  1.8301790  13.762923    13.7461    38.6370    29.0560     3.3287    144.462 0.0000e+00
    277.655   1093.479    13.7874   4.571123     2.2557     0.1839  1.8298738  13.763606    13.7463    38.6371    29.0560     3.3281    144.437 0.0000e+00
    277.341   1094.479    13.7865   4.571030     2.2556     0.1679  1.8298738  13.763606    13.7454    38.6372    29.0563     3.3261    144.350 0.0000e+00
    277.222   1095.479    13.7862   4.570997     2.2550     0.1774  1.8292633  13.763606    13.7452    38.6372    29.0564     3.3244    144.274 0.0000e+00
    276.443   1096.479    13.7878   4.571090     2.2551     0.1897  1.8292633  13.762923    13.7469    38.6369    29.0557     3.3265    144.369 0.0000e+00
    275.527   1097.479    13.7884   4.571094     2.2554     0.1912  1.8294668  13.764973    13.7476    38.6367    29.0555     3.3278    144.421 0.0000e+00
    275.197   1098.479    13.7874   4.570993     2.2562     0.1913  1.8292124  13.763606    13.7466    38.6369    29.0558     3.3281    144.438 0.0000e+00
    275.024   1099.479    13.7865   4.570915     2.2560     0.1758  1.8293650  13.763606    13.7458    38.6371    29.0562     3.3291    144.479 0.0000e+00
    274.211   1100.479    13.7887   4.571061     2.2574     0.1710  1.8288054  13.766340    13.7481    38.6367    29.0553     3.3329    144.644 0.0000e+00
    273.285   1101.479    13.7894   4.571048     2.2580     0.1748  1.8288563  13.762923    13.7489    38.6363    29.0548     3.3303    144.530 0.0000e+00
    273.024   1102.479    13.7879   4.570924     2.2576     0.1842  1.8288563  13.764290    13.7475    38.6367    29.0555     3.3276    144.415 0.0000e+00
    272.929   1103.479    13.7878   4.570917     2.2568     0.1788  1.8289072  13.763606    13.7474    38.6368    29.0556     3.3260    144.344 0.0000e+00
    272.296   1104.479    13.7897   4.571020     2.2569     0.1734  1.8288054  13.763606    13.7493    38.6362    29.0546     3.3293    144.488 0.0000e+00
    271.435   1105.479    13.7903   4.571029     2.2577     0.1832  1.8288563  13.767707    13.7501    38.6360    29.0543     3.3313    144.577 0.0000e+00
    270.640   1106.479    13.7902   4.570983     2.2584     0.1759  1.8287546  13.769074    13.7501    38.6360    29.0544     3.3318    144.598 0.0000e+00
    270.291   1107.479    13.7897   4.570929     2.2587     0.1704  1.8288563  13.767024    13.7497    38.6362    29.0546     3.3291    144.479 0.0000e+00
    270.281   1108.479    13.7884   4.570821     2.2575     0.1697  1.8284493  13.769758    13.7484    38.6365    29.0551     3.3264    144.363 0.0000e+00
    269.625   1109.479    13.7900   4.570932     2.2580     0.1723  1.8283984  13.766340    13.7501    38.6362    29.0545     3.3299    144.517 0.0000e+00
    268.654   1110.479    13.7910   4.570945     2.2580     0.1820  1.8281441  13.766340    13.7512    38.6358    29.0540     3.3272    144.397 0.0000e+00
    268.195   1111.479    13.7903   4.570866     2.2574     0.1783  1.8280423  13.767707    13.7506    38.6359    29.0542     3.3270    144.390 0.0000e+00
    267.830   1112.479    13.7905   4.570856     2.2581     0.1745  1.8283984  13.768391    13.7508    38.6358    29.0540     3.3300    144.520 0.0000e+00
    267.235   1113.479    13.7913   4.570891     2.2587     0.1700  1.8278388  13.770441    13.7517    38.6356    29.0537     3.3321    144.612 0.0000e+00
    266.760   1114.479    13.7921   4.570918     2.2597     0.1663  1.8282458  13.772491    13.7526    38.6352    29.0532     3.3345    144.715 0.0000e+00
    266.307   1115.479    13.7935   4.571003     2.2611     0.1692  1.8279406  13.771125    13.7541    38.6348    29.0526     3.3370    144.821 0.0000e+00
    265.491   1116.479    13.7942   4.570998     2.2614     0.1690  1.8280932  13.771125    13.7549    38.6345    29.0521     3.3344    144.709 0.0000e+00
    264.925   1117.479    13.7941   4.570959     2.2618     0.1727  1.8279914  13.772491    13.7549    38.6344    29.0521     3.3369    144.820 0.0000e+00
    264.721   1118.479    13.7941   4.570929     2.2626     0.1804  1.8276353  13.772491    13.7549    38.6343    29.0520     3.3388    144.902 0.0000e+00
    264.113   1119.479    13.7944   4.570879     2.2636     0.1786  1.8275844  13.772491    13.7552    38.6338    29.0515     3.3402    144.961 0.0000e+00
    263.375   1120.479    13.7943   4.570801     2.2638     0.1704  1.8273809  13.775909    13.7553    38.6334    29.0512     3.3380    144.867 0.0000e+00
    262.781   1121.479    13.7943   4.570741     2.2637     0.1783  1.8273301  13.773858    13.7553    38.6332    29.0510     3.3367    144.812 0.0000e+00
    262.382   1122.479    13.7945   4.570701     2.2633     0.1801  1.8274827  13.777276    13.7556    38.6327    29.0506     3.3353    144.748 0.0000e+00
    262.043   1123.479    13.7947   4.570649     2.2628     0.1752  1.8273301  13.774542    13.7559    38.6322    29.0501     3.3344    144.710 0.0000e+00
    261.438   1124.479    13.7950   4.570590     2.2627     0.1790  1.8272283  13.773175    13.7563    38.6316    29.0496     3.3366    144.808 0.0000e+00
    260.734   1125.479    13.7950   4.570545     2.2639     0.1840  1.8274318  13.774542    13.7564    38.6315    29.0495     3.3406    144.978 0.0000e+00
    260.038   1126.479    13.7950   4.570485     2.2647     0.1799  1.8269739  13.775909    13.7565    38.6312    29.0493     3.3409    144.994 0.0000e+00
    259.712   1127.479    13.7947   4.570459     2.2654     0.1741  1.8268213  13.776592    13.7562    38.6315    29.0495     3.3418    145.033 0.0000e+00
    259.544   1128.479    13.7945   4.570490     2.2657     0.1802  1.8267704  13.776592    13.7561    38.6320    29.0499     3.3403    144.965 0.0000e+00
    258.662   1129.479    13.8015   4.571212     2.2656     0.1812  1.8267704  13.774542    13.7632    38.6322    29.0486     3.3408    144.988 0.0000e+00
    257.767   1130.479    13.8062   4.571629     2.2667     0.1785  1.8263634  13.776592    13.7680    38.6318    29.0473     3.3450    145.169 0.0000e+00
    257.609   1131.479    13.7979   4.570774     2.2677     0.1720  1.8261091  13.777276    13.7597    38.6321    29.0493     3.3456    145.196 0.0000e+00
    257.292   1132.479    13.8024   4.571285     2.2679     0.1723  1.8259564  13.777959    13.7643    38.6326    29.0487     3.3444    145.145 0.0000e+00
    256.591   1133.479    13.8119   4.572209     2.2684     0.1733  1.8259056  13.777959    13.7739    38.6321    29.0462     3.3462    145.224 0.0000e+00
    255.850   1134.479    13.8154   4.572465     2.2696     0.1754  1.8254986  13.780009    13.7775    38.6313    29.0449     3.3501    145.393 0.0000e+00
