Boussole/Data/SBEMOOSE/Work/cnv/bous225_03.cnv
* Sea-Bird SBE 9 Data File:
* FileName = C:\boussole\202012\bous225_03.hdr
* Software Version Seasave V 7.23.2
* Temperature SN = 2473
* Conductivity SN = 2929
* Number of Bytes Per Scan = 37
* Number of Voltage Words = 4
* Number of Scans Averaged by the Deck Unit = 1
* NMEA Latitude = 43 21.70 N
* NMEA Longitude = 007 54.04 E
* NMEA UTC (Time) = Dec 09 2020  14:05:46
* NMEA baud rate = 4800
** Navire
** Station:
** Date
** Heure debut [TU]
** Heure fin [TU]
** Heure locale / TU = +0
** Latitude
** Longitude
** Heure meteo [TU]
** T air sec [deg C]
** T mer [deg C]
** Vent [noeuds, degres]
# nquan = 14
# nvalues = 1453                        
# units = specified
# name 0 = prDM: Pressure, Digiquartz [db]
# name 1 = timeS: Time, Elapsed [seconds]
# name 2 = t090C: Temperature [ITS-90, deg C]
# name 3 = c0S/m: Conductivity [S/m]
# name 4 = sbeox0V: Oxygen raw, SBE 43 [V]
# name 5 = flC: Fluorescence, Chelsea Aqua 3 Chl Con [ug/l]
# name 6 = upoly0: Upoly 0, RINKOIII_DO
# name 7 = upoly1: Upoly 1, RINKOIII_Temp
# name 8 = potemp090C: Potential Temperature [ITS-90, deg C]
# name 9 = sal00: Salinity, Practical [PSU]
# name 10 = sigma-é00: Density [sigma-theta, kg/m^3]
# name 11 = sbeox0ML/L: Oxygen, SBE 43 [ml/l], WS = 2
# name 12 = sbox0Mm/Kg: Oxygen, SBE 43 [umol/kg], WS = 2
# name 13 = flag: flag
# span 0 =     -0.133,    382.824       
# span 1 =      0.479,   1452.167       
# span 2 =    13.7352,    14.9712       
# span 3 =   4.511336,   4.618208       
# span 4 =     1.4300,     2.0562       
# span 5 =     0.1156,     1.9894       
# span 6 =  1.5370370,  1.8379121       
# span 7 =  13.713708,  14.955114       
# span 8 =    13.6789,    14.9696       
# span 9 =    37.0713,    38.6443       
# span 10 =    27.5835,    29.0747      
# span 11 =     3.2503,     5.5827      
# span 12 =    141.059,    242.471      
# span 13 = 0.0000e+00, 0.0000e+00      
# interval = seconds: 1                 
# start_time = Dec 09 2020 14:05:46 [NMEA time, header]
# bad_flag = -9.990e-29
*END*
[from data line 826]
     81.779    826.479    14.0833   4.551988     1.6816     0.2489  1.6708384  14.072350    14.0711    38.2472    28.6838     3.9510    171.533 0.0000e+00
     81.433    827.479    14.0853   4.552142     1.6821     0.2340  1.6708384  14.070302    14.0732    38.2468    28.6831     3.9443    171.243 0.0000e+00
     81.171    828.479    14.0875   4.552313     1.6795     0.2594  1.6708893  14.073033    14.0754    38.2463    28.6822     3.9378    170.960 0.0000e+00
     81.349    829.479    14.0871   4.552282     1.6825     0.2620  1.6707367  14.070985    14.0750    38.2463    28.6823     3.9661    172.189 0.0000e+00
     82.044    830.479    14.0834   4.552010     1.6841     0.2588  1.6706858  14.067571    14.0712    38.2472    28.6838     3.9505    171.510 0.0000e+00
     82.547    831.479    14.0799   4.551731     1.6807     0.2630  1.6708384  14.066206    14.0676    38.2477    28.6850     3.9310    170.665 0.0000e+00
     82.237    832.479    14.0816   4.551882     1.6810     0.2801  1.6712455  14.070302    14.0694    38.2477    28.6846     3.9596    171.903 0.0000e+00
     82.055    833.479    14.0826   4.551933     1.6838     0.2721  1.6711946  14.070302    14.0704    38.2472    28.6840     3.9555    171.727 0.0000e+00
     82.248    834.479    14.0815   4.551856     1.6816     0.2562  1.6712455  14.062793    14.0693    38.2475    28.6844     3.9382    170.974 0.0000e+00
     81.703    835.479    14.0831   4.551973     1.6804     0.2669  1.6708384  14.064841    14.0709    38.2473    28.6840     3.9362    170.889 0.0000e+00
     81.329    836.479    14.0866   4.552238     1.6799     0.2615  1.6713981  14.069619    14.0745    38.2465    28.6826     3.9448    171.261 0.0000e+00
     81.803    837.479    14.0845   4.552086     1.6812     0.2459  1.6709911  14.068937    14.0723    38.2469    28.6834     3.9510    171.533 0.0000e+00
     82.274    838.479    14.0821   4.551908     1.6815     0.2542  1.6715507  14.065523    14.0699    38.2474    28.6843     3.9499    171.483 0.0000e+00
     82.109    839.479    14.0817   4.551867     1.6822     0.2558  1.6717542  14.068254    14.0695    38.2475    28.6845     3.9518    171.565 0.0000e+00
     81.728    840.479    14.0830   4.551965     1.6810     0.2519  1.6711946  14.073715    14.0708    38.2473    28.6839     3.9285    170.557 0.0000e+00
     81.691    841.479    14.0833   4.551987     1.6783     0.2498  1.6713981  14.068254    14.0712    38.2472    28.6838     3.9364    170.899 0.0000e+00
     81.890    842.479    14.0824   4.551913     1.6806     0.2589  1.6712455  14.069619    14.0702    38.2473    28.6841     3.9503    171.502 0.0000e+00
     82.357    843.479    14.0809   4.551802     1.6795     0.2574  1.6712454  14.064841    14.0686    38.2476    28.6846     3.9309    170.658 0.0000e+00
     82.357    844.479    14.0796   4.551702     1.6780     0.2553  1.6713981  14.064841    14.0673    38.2479    28.6852     3.9319    170.701 0.0000e+00
     81.924    845.479    14.0819   4.551879     1.6783     0.2554  1.6715507  14.070302    14.0697    38.2475    28.6844     3.9441    171.232 0.0000e+00
     81.973    846.479    14.0820   4.551889     1.6790     0.2628  1.6712963  14.066206    14.0698    38.2474    28.6843     3.9338    170.787 0.0000e+00
     82.191    847.479    14.0813   4.551832     1.6783     0.2755  1.6711946  14.066889    14.0691    38.2475    28.6845     3.9423    171.153 0.0000e+00
     82.187    848.479    14.0810   4.551821     1.6797     0.2674  1.6716524  14.062793    14.0688    38.2477    28.6847     3.9454    171.288 0.0000e+00
     82.132    849.479    14.0813   4.551840     1.6796     0.2696  1.6716016  14.061427    14.0691    38.2476    28.6846     3.9413    171.111 0.0000e+00
     81.904    850.479    14.0821   4.551895     1.6799     0.2591  1.6719577  14.066206    14.0699    38.2474    28.6842     3.9472    171.368 0.0000e+00
     81.723    851.479    14.0834   4.551992     1.6817     0.2691  1.6718051  14.070985    14.0712    38.2471    28.6838     3.9461    171.317 0.0000e+00
     81.819    852.479    14.0831   4.551965     1.6798     0.2524  1.6717033  14.064841    14.0709    38.2471    28.6838     3.9366    170.905 0.0000e+00
     82.087    853.479    14.0820   4.551878     1.6792     0.2646  1.6717542  14.067571    14.0698    38.2473    28.6842     3.9377    170.954 0.0000e+00
     82.571    854.479    14.0801   4.551752     1.6793     0.2725  1.6717542  14.062793    14.0678    38.2478    28.6850     3.9378    170.956 0.0000e+00
     82.896    855.479    14.0740   4.551262     1.6787     0.2669  1.6719068  14.060745    14.0617    38.2491    28.6873     3.9425    171.160 0.0000e+00
     82.571    856.479    14.0770   4.551530     1.6800     0.2657  1.6718051  14.062793    14.0648    38.2487    28.6864     3.9437    171.214 0.0000e+00
     82.027    857.479    14.0815   4.551847     1.6791     0.2654  1.6715507  14.065523    14.0693    38.2475    28.6845     3.9440    171.229 0.0000e+00
     81.735    858.479    14.0833   4.551987     1.6811     0.2634  1.6713981  14.068254    14.0711    38.2472    28.6838     3.9483    171.412 0.0000e+00
     81.712    859.479    14.0841   4.552049     1.6808     0.2724  1.6718051  14.068937    14.0720    38.2469    28.6835     3.9421    171.144 0.0000e+00
     81.838    860.479    14.0837   4.552016     1.6798     0.2751  1.6716016  14.069619    14.0715    38.2470    28.6836     3.9404    171.070 0.0000e+00
     82.095    861.479    14.0824   4.551921     1.6804     0.2706  1.6714998  14.069619    14.0702    38.2473    28.6842     3.9439    171.224 0.0000e+00
     82.214    862.479    14.0816   4.551857     1.6794     0.2648  1.6713472  14.065523    14.0694    38.2474    28.6844     3.9327    170.735 0.0000e+00
     82.270    863.479    14.0814   4.551845     1.6781     0.2633  1.6714998  14.064841    14.0692    38.2475    28.6845     3.9353    170.851 0.0000e+00
     82.496    864.479    14.0806   4.551791     1.6800     0.2576  1.6717542  14.064158    14.0683    38.2476    28.6848     3.9564    171.765 0.0000e+00
     82.798    865.479    14.0789   4.551652     1.6813     0.2461  1.6718559  14.067571    14.0666    38.2479    28.6854     3.9447    171.258 0.0000e+00
     82.577    866.479    14.0793   4.551705     1.6791     0.2559  1.6718051  14.064841    14.0670    38.2481    28.6854     3.9283    170.547 0.0000e+00
     81.926    867.479    14.0827   4.551950     1.6781     0.2570  1.6716524  14.070985    14.0705    38.2473    28.6841     3.9432    171.192 0.0000e+00
     81.716    868.479    14.0846   4.552086     1.6813     0.2557  1.6713981  14.068937    14.0725    38.2468    28.6832     3.9513    171.544 0.0000e+00
     82.171    869.479    14.0824   4.551932     1.6797     0.2589  1.6715507  14.063475    14.0702    38.2473    28.6841     3.9412    171.107 0.0000e+00
     82.307    870.479    14.0817   4.551872     1.6817     0.2518  1.6717542  14.062793    14.0695    38.2475    28.6844     3.9558    171.741 0.0000e+00
     82.221    871.479    14.0819   4.551881     1.6818     0.2425  1.6713981  14.067571    14.0697    38.2474    28.6843     3.9403    171.067 0.0000e+00
     82.269    872.479    14.0811   4.551820     1.6787     0.2465  1.6716525  14.064158    14.0689    38.2475    28.6846     3.9286    170.558 0.0000e+00
     81.990    873.479    14.0822   4.551924     1.6801     0.2484  1.6717542  14.064841    14.0700    38.2475    28.6843     3.9550    171.704 0.0000e+00
     82.014    874.479    14.0833   4.552003     1.6811     0.2601  1.6717542  14.066206    14.0711    38.2472    28.6838     3.9386    170.991 0.0000e+00
     82.354    875.479    14.0813   4.551838     1.6790     0.2642  1.6717542  14.063475    14.0690    38.2475    28.6845     3.9407    171.085 0.0000e+00
     82.390    876.479    14.0802   4.551761     1.6808     0.2628  1.6715507  14.064158    14.0679    38.2478    28.6850     3.9506    171.513 0.0000e+00
     82.531    877.479    14.0794   4.551691     1.6804     0.2597  1.6717033  14.060745    14.0671    38.2479    28.6853     3.9399    171.052 0.0000e+00
     82.566    878.479    14.0787   4.551643     1.6805     0.2671  1.6720594  14.063475    14.0664    38.2482    28.6856     3.9503    171.499 0.0000e+00
     82.264    879.479    14.0801   4.551745     1.6814     0.2522  1.6722629  14.064158    14.0679    38.2478    28.6850     3.9482    171.408 0.0000e+00
     82.138    880.479    14.0812   4.551829     1.6811     0.2566  1.6720594  14.066206    14.0690    38.2476    28.6847     3.9364    170.899 0.0000e+00
     81.914    881.479    14.0823   4.551915     1.6781     0.2639  1.6718051  14.066206    14.0701    38.2475    28.6843     3.9316    170.688 0.0000e+00
     81.677    882.479    14.0834   4.551994     1.6802     0.2672  1.6714490  14.061427    14.0713    38.2471    28.6837     3.9566    171.775 0.0000e+00
     81.972    883.479    14.0825   4.551928     1.6825     0.2596  1.6719068  14.066889    14.0703    38.2473    28.6841     3.9583    171.848 0.0000e+00
     82.444    884.479    14.0803   4.551769     1.6820     0.2532  1.6717542  14.065523    14.0680    38.2478    28.6849     3.9378    170.957 0.0000e+00
     82.350    885.479    14.0801   4.551751     1.6801     0.2590  1.6718560  14.063475    14.0679    38.2478    28.6850     3.9401    171.057 0.0000e+00
     82.256    886.479    14.0804   4.551773     1.6805     0.2535  1.6717033  14.066206    14.0682    38.2479    28.6850     3.9484    171.419 0.0000e+00
     82.649    887.479    14.0789   4.551655     1.6810     0.2555  1.6718051  14.062110    14.0666    38.2480    28.6855     3.9468    171.347 0.0000e+00
     82.755    888.479    14.0759   4.551427     1.6811     0.2706  1.6721612  14.060062    14.0636    38.2488    28.6867     3.9526    171.601 0.0000e+00
     82.256    889.479    14.0794   4.551696     1.6828     0.2767  1.6718559  14.065523    14.0672    38.2481    28.6854     3.9528    171.611 0.0000e+00
     81.766    890.479    14.0821   4.551872     1.6814     0.2890  1.6718560  14.066889    14.0699    38.2473    28.6842     3.9390    171.011 0.0000e+00
     81.704    891.479    14.0842   4.552046     1.6803     0.2955  1.6713472  14.065523    14.0720    38.2469    28.6834     3.9434    171.200 0.0000e+00
     81.957    892.479    14.0829   4.551963     1.6818     0.2858  1.6718051  14.064841    14.0707    38.2472    28.6839     3.9569    171.788 0.0000e+00
     82.334    893.479    14.0815   4.551857     1.6826     0.2645  1.6714490  14.065523    14.0693    38.2474    28.6844     3.9475    171.381 0.0000e+00
     82.537    894.479    14.0791   4.551672     1.6818     0.2463  1.6718051  14.062110    14.0668    38.2480    28.6854     3.9529    171.616 0.0000e+00
     82.511    895.479    14.0793   4.551698     1.6831     0.2462  1.6721103  14.060062    14.0670    38.2480    28.6854     3.9526    171.602 0.0000e+00
     82.421    896.479    14.0794   4.551692     1.6815     0.2501  1.6721612  14.063475    14.0671    38.2479    28.6853     3.9411    171.101 0.0000e+00
     82.168    897.479    14.0812   4.551830     1.6817     0.2536  1.6721103  14.064158    14.0690    38.2476    28.6846     3.9561    171.754 0.0000e+00
     82.102    898.479    14.0824   4.551911     1.6835     0.2526  1.6720086  14.067571    14.0702    38.2472    28.6841     3.9507    171.519 0.0000e+00
     82.274    899.479    14.0817   4.551871     1.6808     0.2471  1.6721612  14.064841    14.0695    38.2474    28.6844     3.9369    170.919 0.0000e+00
     82.300    900.479    14.0818   4.551875     1.6813     0.2548  1.6720086  14.063475    14.0696    38.2473    28.6843     3.9527    171.604 0.0000e+00
     82.581    901.479    14.0797   4.551723     1.6820     0.2632  1.6716524  14.063475    14.0674    38.2479    28.6852     3.9471    171.362 0.0000e+00
     82.888    902.479    14.0757   4.551398     1.6812     0.2655  1.6718559  14.060062    14.0634    38.2487    28.6866     3.9474    171.374 0.0000e+00
     82.593    903.479    14.0780   4.551592     1.6817     0.2675  1.6721103  14.064158    14.0657    38.2483    28.6859     3.9499    171.481 0.0000e+00
     82.386    904.479    14.0813   4.551850     1.6819     0.2584  1.6720594  14.068254    14.0691    38.2476    28.6846     3.9535    171.641 0.0000e+00
     82.459    905.479    14.0809   4.551815     1.6828     0.2548  1.6715507  14.064841    14.0686    38.2476    28.6847     3.9492    171.453 0.0000e+00
     82.235    906.479    14.0818   4.551885     1.6815     0.2654  1.6717542  14.064158    14.0696    38.2475    28.6844     3.9470    171.358 0.0000e+00
     82.139    907.479    14.0844   4.552097     1.6824     0.2788  1.6718051  14.065523    14.0722    38.2469    28.6834     3.9460    171.312 0.0000e+00
     82.366    908.479    14.0835   4.552034     1.6802     0.2785  1.6717033  14.070985    14.0713    38.2471    28.6837     3.9415    171.118 0.0000e+00
     82.559    909.479    14.0814   4.551860     1.6826     0.2595  1.6718051  14.069619    14.0691    38.2475    28.6845     3.9581    171.841 0.0000e+00
     82.898    910.479    14.0792   4.551697     1.6820     0.2629  1.6717033  14.065523    14.0669    38.2480    28.6854     3.9436    171.208 0.0000e+00
     83.103    911.479    14.0754   4.551386     1.6803     0.2616  1.6719068  14.061427    14.0630    38.2488    28.6869     3.9347    170.823 0.0000e+00
     82.871    912.479    14.0776   4.551570     1.6797     0.2576  1.6724664  14.063475    14.0653    38.2484    28.6861     3.9482    171.408 0.0000e+00
     82.826    913.479    14.0789   4.551671     1.6819     0.2604  1.6718051  14.066206    14.0666    38.2481    28.6855     3.9589    171.872 0.0000e+00
     82.946    914.479    14.0777   4.551561     1.6816     0.2598  1.6719068  14.061427    14.0654    38.2482    28.6858     3.9437    171.212 0.0000e+00
     82.496    915.479    14.0801   4.551770     1.6827     0.2706  1.6724664  14.064158    14.0678    38.2480    28.6852     3.9662    172.190 0.0000e+00
     81.620    916.479    14.0852   4.552138     1.6839     0.2797  1.6721103  14.068937    14.0731    38.2467    28.6830     3.9533    171.634 0.0000e+00
     81.590    917.479    14.0867   4.552264     1.6853     0.2666  1.6719577  14.066206    14.0746    38.2465    28.6825     3.9667    172.212 0.0000e+00
     82.491    918.479    14.0837   4.552047     1.6838     0.2668  1.6719068  14.060745    14.0715    38.2470    28.6836     3.9412    171.105 0.0000e+00
     83.554    919.479    14.0743   4.551341     1.6819     0.2676  1.6721612  14.060062    14.0618    38.2493    28.6875     3.9472    171.367 0.0000e+00
     83.115    920.479    14.0795   4.551756     1.6831     0.2635  1.6721612  14.066889    14.0671    38.2482    28.6855     3.9540    171.660 0.0000e+00
     82.663    921.479    14.0819   4.551907     1.6815     0.2670  1.6721612  14.066206    14.0696    38.2474    28.6843     3.9418    171.130 0.0000e+00
     82.434    922.479    14.0825   4.551960     1.6815     0.2608  1.6718051  14.064841    14.0702    38.2474    28.6842     3.9503    171.503 0.0000e+00
     82.559    923.479    14.0819   4.551909     1.6824     0.2694  1.6720086  14.064158    14.0696    38.2475    28.6844     3.9525    171.595 0.0000e+00
     82.941    924.479    14.0798   4.551755     1.6823     0.2676  1.6721103  14.064158    14.0675    38.2479    28.6852     3.9513    171.543 0.0000e+00
     82.876    925.479    14.0790   4.551694     1.6825     0.2626  1.6719577  14.062793    14.0667    38.2482    28.6856     3.9452    171.277 0.0000e+00
     82.465    926.479    14.0817   4.551894     1.6798     0.2604  1.6718051  14.070302    14.0694    38.2476    28.6845     3.9287    170.563 0.0000e+00
     82.217    927.479    14.0846   4.552116     1.6792     0.2636  1.6713981  14.070302    14.0724    38.2469    28.6834     3.9485    171.424 0.0000e+00
     82.451    928.479    14.0850   4.552151     1.6824     0.2602  1.6715507  14.070302    14.0727    38.2468    28.6832     3.9579    171.829 0.0000e+00
