Boussole/Data/SBEMOOSE/Work/cnv/bous226_01.cnv
* Sea-Bird SBE 9 Data File:
* FileName = C:\boussole\202101\bous226_01.hdr
* Software Version Seasave V 7.23.2
* Temperature SN = 2473
* Conductivity SN = 2929
* Number of Bytes Per Scan = 30
* Number of Voltage Words = 4
* Number of Scans Averaged by the Deck Unit = 1
* NMEA baud rate = 4800
** Navire
** Station:
** Date
** Heure debut [TU]
** Heure fin [TU]
** Heure locale / TU = +0
** Latitude
** Longitude
** Heure meteo [TU]
** T air sec [deg C]
** T mer [deg C]
** Vent [noeuds, degres]
# nquan = 14
# nvalues = 1845                        
# units = specified
# name 0 = prDM: Pressure, Digiquartz [db]
# name 1 = timeS: Time, Elapsed [seconds]
# name 2 = t090C: Temperature [ITS-90, deg C]
# name 3 = c0S/m: Conductivity [S/m]
# name 4 = sbeox0V: Oxygen raw, SBE 43 [V]
# name 5 = flC: Fluorescence, Chelsea Aqua 3 Chl Con [ug/l]
# name 6 = upoly0: Upoly 0, RINKOIII_DO
# name 7 = upoly1: Upoly 1, RINKOIII_Temp
# name 8 = potemp090C: Potential Temperature [ITS-90, deg C]
# name 9 = sal00: Salinity, Practical [PSU]
# name 10 = sigma-é00: Density [sigma-theta, kg/m^3]
# name 11 = sbeox0ML/L: Oxygen, SBE 43 [ml/l], WS = 2
# name 12 = sbox0Mm/Kg: Oxygen, SBE 43 [umol/kg], WS = 2
# name 13 = flag: flag
# span 0 =      0.125,    405.887       
# span 1 =      0.479,   1844.333       
# span 2 =    13.2359,    14.3276       
# span 3 =   0.611092,   4.608379       
# span 4 =     1.5832,     3.4535       
# span 5 =    -0.2893,     0.6640       
# span 6 =  1.5300163,  1.8409137       
# span 7 =  12.720399,  14.300268       
# span 8 =    13.2197,    14.3163       
# span 9 =     4.3453,    38.6748       
# span 10 =     2.6580,    29.0802      
# span 11 =     3.7815,    11.2705      
# span 12 =    164.111,    489.188      
# span 13 = 0.0000e+00, 0.0000e+00      
# interval = seconds: 1                 
# start_time = Jan 18 2021 11:37:49 [System UTC, header]
# bad_flag = -9.990e-29
*END*
[from data line 1446]
     48.809   1446.479    14.0421   4.562508     2.0080     0.1881  1.7066036  14.025925    14.0349    38.4025    28.8119     5.0265    218.196 0.0000e+00
     48.987   1447.479    14.0410   4.562404     2.0168     0.1785  1.7069597  14.025925    14.0337    38.4026    28.8123     5.0588    219.598 0.0000e+00
     49.227   1448.479    14.0396   4.562249     2.0182     0.1567  1.7070614  14.025242    14.0323    38.4024    28.8124     5.0233    218.059 0.0000e+00
     49.005   1449.479    14.0427   4.562660     2.0147     0.1637  1.7067562  14.024559    14.0354    38.4032    28.8124     4.9975    216.939 0.0000e+00
     48.963   1450.479    14.0427   4.562647     2.0138     0.1911  1.7067053  14.025925    14.0354    38.4031    28.8123     5.0381    218.698 0.0000e+00
     49.053   1451.479    14.0411   4.562386     2.0223     0.1945  1.7069088  14.026607    14.0338    38.4023    28.8120     5.0937    221.113 0.0000e+00
     49.303   1452.479    14.0378   4.561993     2.0290     0.1924  1.7067053  14.025925    14.0305    38.4017    28.8123     5.1098    221.815 0.0000e+00
     49.310   1453.479    14.0380   4.562034     2.0367     0.1870  1.7068579  14.025242    14.0307    38.4019    28.8124     5.0791    220.478 0.0000e+00
     49.087   1454.479    14.0399   4.562244     2.0273     0.1796  1.7067053  14.025242    14.0326    38.4021    28.8122     5.0360    218.610 0.0000e+00
     48.806   1455.479    14.0405   4.562283     2.0300     0.1727  1.7065018  14.025242    14.0333    38.4020    28.8119     5.0796    220.502 0.0000e+00
     48.817   1456.479    14.0401   4.562250     2.0303     0.1681  1.7067562  14.025242    14.0329    38.4020    28.8120     5.0719    220.168 0.0000e+00
     49.309   1457.479    14.0378   4.561994     2.0299     0.1757  1.7069088  14.025242    14.0305    38.4017    28.8123     5.0549    219.430 0.0000e+00
     49.297   1458.479    14.0390   4.562144     2.0247     0.1900  1.7070106  14.024559    14.0317    38.4020    28.8122     5.0267    218.204 0.0000e+00
     49.274   1459.479    14.0394   4.562191     2.0250     0.1898  1.7068579  14.025242    14.0321    38.4020    28.8121     5.0743    220.272 0.0000e+00
     49.323   1460.479    14.0388   4.562119     2.0311     0.1851  1.7067053  14.025242    14.0315    38.4019    28.8122     5.1145    222.017 0.0000e+00
     49.031   1461.479    14.0400   4.562236     2.0358     0.1821  1.7067562  14.025925    14.0327    38.4019    28.8120     5.0768    220.380 0.0000e+00
     48.780   1462.479    14.0396   4.562167     2.0319     0.1820  1.7069597  14.025242    14.0324    38.4018    28.8119     5.0650    219.867 0.0000e+00
     48.570   1463.479    14.0392   4.562110     2.0317     0.1793  1.7066544  14.024559    14.0320    38.4018    28.8120     5.0897    220.940 0.0000e+00
     48.939   1464.479    14.0376   4.561965     2.0373     0.1736  1.7069088  14.025925    14.0303    38.4019    28.8124     5.0859    220.777 0.0000e+00
     49.558   1465.479    14.0361   4.561847     2.0263     0.1757  1.7068579  14.023876    14.0287    38.4020    28.8129     5.0081    217.396 0.0000e+00
     49.531   1466.479    14.0388   4.562131     2.0257     0.1794  1.7066544  14.024559    14.0314    38.4019    28.8123     5.0897    220.941 0.0000e+00
     49.477   1467.479    14.0399   4.562248     2.0349     0.1772  1.7067562  14.025242    14.0326    38.4019    28.8120     5.0871    220.826 0.0000e+00
     49.126   1468.479    14.0393   4.562160     2.0296     0.1766  1.7067562  14.025242    14.0320    38.4019    28.8121     5.0775    220.408 0.0000e+00
     48.617   1469.479    14.0396   4.562161     2.0355     0.1875  1.7066544  14.024559    14.0324    38.4019    28.8120     5.0971    221.261 0.0000e+00
     48.686   1470.479    14.0409   4.562338     2.0346     0.1826  1.7068579  14.024559    14.0337    38.4021    28.8119     5.0740    220.260 0.0000e+00
     48.844   1471.479    14.0394   4.562154     2.0329     0.1818  1.7069597  14.025242    14.0322    38.4018    28.8120     5.0702    220.094 0.0000e+00
     49.124   1472.479    14.0368   4.561901     2.0326     0.1956  1.7071123  14.023876    14.0295    38.4019    28.8127     5.1100    221.823 0.0000e+00
     49.312   1473.479    14.0384   4.562035     2.0415     0.1869  1.7067053  14.023876    14.0311    38.4015    28.8120     5.0966    221.240 0.0000e+00
     49.461   1474.479    14.0357   4.561798     2.0318     0.1880  1.7069597  14.023876    14.0283    38.4019    28.8129     5.0436    218.940 0.0000e+00
     49.546   1475.479    14.0359   4.561839     2.0311     0.1788  1.7071123  14.025242    14.0285    38.4021    28.8130     5.0941    221.133 0.0000e+00
     49.127   1476.479    14.0376   4.561976     2.0356     0.1639  1.7067562  14.025242    14.0303    38.4019    28.8125     5.0791    220.482 0.0000e+00
     48.807   1477.479    14.0378   4.561986     2.0326     0.1626  1.7067562  14.023194    14.0306    38.4019    28.8124     5.1178    222.162 0.0000e+00
     48.643   1478.479    14.0375   4.561932     2.0501     0.1658  1.7069088  14.023194    14.0303    38.4018    28.8124     5.1774    224.748 0.0000e+00
     48.857   1479.479    14.0365   4.561858     2.0402     0.1752  1.7066544  14.022511    14.0292    38.4020    28.8127     5.0221    218.006 0.0000e+00
     49.020   1480.479    14.0367   4.561887     2.0328     0.1796  1.7067562  14.024559    14.0294    38.4020    28.8127     5.1033    221.530 0.0000e+00
     49.148   1481.479    14.0367   4.561890     2.0429     0.1701  1.7068071  14.024559    14.0294    38.4019    28.8126     5.1352    222.914 0.0000e+00
     49.677   1482.479    14.0360   4.561844     2.0436     0.1594  1.7067562  14.021145    14.0286    38.4020    28.8129     5.1130    221.953 0.0000e+00
     49.436   1483.479    14.0374   4.561969     2.0409     0.1695  1.7069597  14.021828    14.0301    38.4018    28.8125     5.1057    221.634 0.0000e+00
     49.032   1484.479    14.0379   4.561995     2.0449     0.1758  1.7065018  14.024559    14.0306    38.4018    28.8123     5.1326    222.804 0.0000e+00
     48.953   1485.479    14.0374   4.561954     2.0453     0.1833  1.7065527  14.023876    14.0301    38.4019    28.8125     5.1030    221.518 0.0000e+00
     48.842   1486.479    14.0370   4.561909     2.0391     0.1847  1.7070106  14.024559    14.0298    38.4019    28.8126     5.0576    219.548 0.0000e+00
     48.861   1487.479    14.0376   4.561971     2.0340     0.2029  1.7067053  14.025242    14.0304    38.4019    28.8124     5.0627    219.766 0.0000e+00
     49.097   1488.479    14.0372   4.561918     2.0324     0.2077  1.7067053  14.024559    14.0299    38.4017    28.8124     5.0987    221.330 0.0000e+00
     49.390   1489.479    14.0367   4.561913     2.0417     0.1869  1.7069088  14.023876    14.0294    38.4020    28.8127     5.1504    223.575 0.0000e+00
     49.474   1490.479    14.0365   4.561904     2.0433     0.1791  1.7066036  14.025242    14.0292    38.4021    28.8128     5.1063    221.659 0.0000e+00
     48.920   1491.479    14.0394   4.562164     2.0437     0.1819  1.7066544  14.025242    14.0321    38.4020    28.8121     5.1071    221.697 0.0000e+00
     48.706   1492.479    14.0383   4.562029     2.0399     0.1821  1.7065018  14.023194    14.0311    38.4018    28.8123     5.0816    220.589 0.0000e+00
     49.088   1493.479    14.0367   4.561897     2.0372     0.1889  1.7065527  14.024559    14.0294    38.4020    28.8128     5.0826    220.633 0.0000e+00
     49.380   1494.479    14.0363   4.561888     2.0379     0.1972  1.7069088  14.023194    14.0290    38.4022    28.8130     5.0951    221.176 0.0000e+00
     49.284   1495.479    14.0366   4.561901     2.0379     0.2122  1.7070614  14.023876    14.0293    38.4020    28.8128     5.0795    220.498 0.0000e+00
     48.922   1496.479    14.0372   4.561931     2.0272     0.1980  1.7070614  14.023194    14.0299    38.4019    28.8126     4.9603    215.324 0.0000e+00
     48.120   1497.479    14.0399   4.562204     2.0081     0.1962  1.7068071  14.024559    14.0327    38.4022    28.8122     4.8875    212.163 0.0000e+00
     46.850   1498.479    14.0470   4.562810     1.9908     0.1952  1.7068071  14.024559    14.0400    38.4014    28.8100     4.8536    210.692 0.0000e+00
     45.320   1499.479    14.0551   4.563630     1.9788     0.1991  1.7067053  14.028656    14.0484    38.4017    28.8084     4.8321    209.757 0.0000e+00
     44.370   1500.479    14.0513   4.563128     1.9678     0.1888  1.7071632  14.029338    14.0448    38.4011    28.8087     4.7917    208.004 0.0000e+00
     43.471   1501.479    14.0668   4.564954     1.9552     0.1726  1.7075193  14.039580    14.0604    38.4033    28.8070     4.7428    205.884 0.0000e+00
     42.411   1502.479    14.0769   4.565923     1.9399     0.1871  1.7075193  14.045724    14.0706    38.4028    28.8044     4.6846    203.356 0.0000e+00
     41.529   1503.479    14.0960   4.568133     1.9308     0.1801  1.7079772  14.068254    14.0898    38.4050    28.8020     4.6814    203.218 0.0000e+00
     39.874   1504.479    14.0894   4.566029     1.9184     0.1881  1.7085877  14.068937    14.0835    38.3925    28.7936     4.6286    200.928 0.0000e+00
     38.325   1505.479    14.0211   4.556605     1.9110     0.2068  1.7081807  14.032069    14.0154    38.3724    28.7928     4.6449    201.634 0.0000e+00
     37.813   1506.479    14.0695   4.563491     1.9061     0.2304  1.7038563  14.038214    14.0639    38.3893    28.7954     4.6335    201.139 0.0000e+00
     38.066   1507.479    14.0370   4.558794     1.9039     0.1904  1.7022792  14.062110    14.0314    38.3774    28.7932     4.6392    201.388 0.0000e+00
     38.486   1508.479    14.0285   4.557697     1.9013     0.1977  1.7040090  14.047090    14.0228    38.3753    28.7935     4.6386    201.362 0.0000e+00
     38.431   1509.479    14.0520   4.561460     1.9040     0.2237  1.7028897  14.036166    14.0463    38.3874    28.7978     4.6763    202.999 0.0000e+00
     38.515   1510.479    13.9807   4.550036     1.9078     0.2408  1.7013126  14.036849    13.9750    38.3506    28.7847     4.6980    203.943 0.0000e+00
     38.507   1511.479    13.9379   4.544664     1.9163     0.2644  1.7007021  14.020462    13.9322    38.3426    28.7878     4.7561    206.463 0.0000e+00
     38.163   1512.479    13.9314   4.543328     1.9238     0.2888  1.6979040  13.965832    13.9258    38.3366    28.7845     4.7953    208.166 0.0000e+00
     38.256   1513.479    13.8771   4.535708     1.9393     0.3199  1.6897131  13.928269    13.8715    38.3186    28.7823     4.8794    211.819 0.0000e+00
     38.510   1514.479    13.8282   4.529350     1.9566     0.3405  1.6831502  13.900946    13.8225    38.3071    28.7840     4.9345    214.210 0.0000e+00
     38.547   1515.479    13.8322   4.529880     1.9680     0.3393  1.6758751  13.874987    13.8265    38.3081    28.7838     4.9671    215.624 0.0000e+00
     38.533   1516.479    13.8404   4.530922     1.9850     0.3359  1.6691596  13.862690    13.8347    38.3098    28.7835     5.0319    218.437 0.0000e+00
     38.559   1517.479    13.8253   4.528695     1.9990     0.3257  1.6648352  13.849025    13.8196    38.3038    28.7820     5.0463    219.063 0.0000e+00
     38.472   1518.479    13.8292   4.529448     2.0048     0.3329  1.6618336  13.831260    13.8235    38.3070    28.7837     5.0609    219.696 0.0000e+00
     38.122   1519.479    13.8192   4.527977     2.0194     0.3287  1.6570004  13.812128    13.8136    38.3032    28.7829     5.1281    222.614 0.0000e+00
     38.495   1520.479    13.8245   4.528791     2.0295     0.3158  1.6531340  13.812128    13.8189    38.3055    28.7835     5.1389    223.082 0.0000e+00
     38.639   1521.479    13.8272   4.529284     2.0367     0.3261  1.6504375  13.815544    13.8215    38.3075    28.7845     5.1509    223.602 0.0000e+00
     38.053   1522.479    13.8395   4.530837     2.0434     0.3281  1.6489621  13.818961    13.8339    38.3101    28.7838     5.1796    224.851 0.0000e+00
     38.398   1523.479    13.8322   4.529859     2.0529     0.3333  1.6489621  13.825794    13.8266    38.3079    28.7837     5.1952    225.525 0.0000e+00
     38.737   1524.479    13.8320   4.529917     2.0558     0.3254  1.6496744  13.820327    13.8263    38.3086    28.7843     5.1980    225.647 0.0000e+00
     38.619   1525.479    13.8412   4.531164     2.0594     0.3234  1.6492165  13.827160    13.8355    38.3112    28.7843     5.1914    225.362 0.0000e+00
     38.496   1526.479    13.8540   4.533120     2.0617     0.3230  1.6491656  13.832627    13.8484    38.3170    28.7861     5.2247    226.807 0.0000e+00
     38.289   1527.479    13.8571   4.533190     2.0694     0.3252  1.6495217  13.828527    13.8515    38.3148    28.7837     5.2345    227.232 0.0000e+00
     38.202   1528.479    13.8413   4.531031     2.0705     0.3237  1.6496235  13.825111    13.8357    38.3101    28.7835     5.2294    227.012 0.0000e+00
     38.374   1529.479    13.8246   4.528848     2.0698     0.3285  1.6494709  13.827844    13.8189    38.3060    28.7839     5.1978    225.637 0.0000e+00
     38.537   1530.479    13.8284   4.529381     2.0683     0.3407  1.6490130  13.826477    13.8227    38.3072    28.7840     5.2349    227.250 0.0000e+00
     38.681   1531.479    13.8318   4.529802     2.0737     0.3332  1.6492674  13.818961    13.8261    38.3077    28.7836     5.2489    227.857 0.0000e+00
     38.459   1532.479    13.8305   4.529614     2.0754     0.3364  1.6488095  13.812811    13.8249    38.3073    28.7836     5.2564    228.182 0.0000e+00
     38.554   1533.479    13.8240   4.528743     2.0816     0.3252  1.6484025  13.813495    13.8183    38.3056    28.7837     5.3109    230.550 0.0000e+00
     38.609   1534.479    13.8240   4.528787     2.0912     0.3264  1.6478429  13.813495    13.8183    38.3059    28.7840     5.3095    230.488 0.0000e+00
     38.573   1535.479    13.8229   4.528617     2.0882     0.3395  1.6473341  13.816911    13.8172    38.3055    28.7838     5.2706    228.799 0.0000e+00
     38.308   1536.479    13.8212   4.528335     2.0895     0.3402  1.6476394  13.806661    13.8156    38.3045    28.7835     5.2764    229.053 0.0000e+00
     38.159   1537.479    13.8164   4.527799     2.0878     0.3395  1.6473341  13.797777    13.8108    38.3044    28.7844     5.3094    230.481 0.0000e+00
     38.503   1538.479    13.8035   4.525850     2.0963     0.3521  1.6462657  13.804611    13.7978    38.2986    28.7827     5.3169    230.807 0.0000e+00
     38.640   1539.479    13.7928   4.524743     2.0924     0.3578  1.6458079  13.797094    13.7871    38.2987    28.7851     5.2748    228.983 0.0000e+00
     38.587   1540.479    13.8046   4.526263     2.0882     0.3656  1.6454008  13.795727    13.7989    38.3014    28.7846     5.2740    228.946 0.0000e+00
     38.603   1541.479    13.8119   4.527268     2.0938     0.3569  1.6449430  13.796410    13.8062    38.3036    28.7848     5.3576    232.574 0.0000e+00
     38.776   1542.479    13.8264   4.529151     2.1019     0.3412  1.6444851  13.795044    13.8207    38.3069    28.7842     5.3603    232.692 0.0000e+00
     38.491   1543.479    13.8106   4.526991     2.1081     0.3360  1.6443325  13.794360    13.8050    38.3023    28.7840     5.3376    231.706 0.0000e+00
     38.215   1544.479    13.8150   4.527590     2.1000     0.3434  1.6440781  13.793677    13.8094    38.3037    28.7841     5.3150    230.728 0.0000e+00
     38.244   1545.479    13.8176   4.528041     2.1080     0.3527  1.6437220  13.793677    13.8120    38.3054    28.7849     5.3709    233.154 0.0000e+00
     38.349   1546.479    13.8233   4.528716     2.1068     0.3417  1.6436202  13.797094    13.8177    38.3060    28.7841     5.3277    231.278 0.0000e+00
     38.770   1547.479    13.8395   4.530981     2.1043     0.3337  1.6440272  13.797777    13.8338    38.3112    28.7847     5.3133    230.654 0.0000e+00
